 4038
 4049
 4053
 4078
 4102
 4171
 4188
 4195
 4203
 4234
 4236
 4247
 4263
 4287
 4289
 4289
 4313
 4343
 4360
 4361
 4382
 4397
 4401
 4440
 4446
 4465
 4466
 4475
 4492
 4493
 4508
 4510
 4519
 4527
 4530
 4541
 4546
 4558
 4564
 4565
 4573
 4595
 4600
 4604
 4604
 4610
 4610
 4611
 4612
 4614
 4615
 4629
 4631
 4634
 4645
 4652
 4661
 4662
 4664
 4672
 4675
 4676
 4689
 4702
 4705
 4712
 4713
 4714
 4714
 4742
 4744
 4758
 4759
 4773
 4778
 4779
 4780
 4790
 4795
 4806
 4810
 4815
 4817
 4826
 4830
 4837
 4837
 4839
 4845
 4849
 4852
 4863
 4868
 4869
 4870
 4872
 4883
 4884
 4894
 4902
 4902
 4916
 4921
 4923
 4924
 4925
 4929
 4932
 4938
 4942
 4943
 4943
 4943
 4944
 4945
 4962
 4964
 4964
 4965
 4968
 4974
 4975
 4980
 4986
 4988
 4999
 5005
 5007
 5007
 5014
 5028
 5034
 5047
 5048
 5056
 5058
 5061
 5063
 5069
 5081
 5086
 5086
 5089
 5090
 5090
 5092
 5093
 5093
 5097
 5097
 5097
 5105
 5113
 5115
 5117
 5127
 5129
 5135
 5137
 5145
 5151
 5175
 5180
 5190
 5192
 5193
 5193
 5194
 5203
 5212
 5216
 5223
 5226
 5228
 5229
 5230
 5234
 5236
 5237
 5239
 5241
 5249
 5250
 5250
 5251
 5254
 5257
 5268
 5277
 5280
 5286
 5288
 5292
 5297
 5301
 5302
 5304
 5315
 5326
 5326
 5332
 5334
 5336
 5341
 5356
 5359
 5364
 5374
 5375
 5376
 5380
 5386
 5390
 5391
 5392
 5394
 5394
 5399
 5402
 5403
 5403
 5407
 5408
 5409
 5412
 5414
 5423
 5426
 5430
 5430
 5432
 5436
 5438
 5439
 5439
 5439
 5441
 5443
 5443
 5444
 5445
 5446
 5449
 5450
 5451
 5452
 5454
 5455
 5458
 5459
 5462
 5466
 5466
 5466
 5467
 5469
 5469
 5482
 5482
 5484
 5486
 5492
 5492
 5496
 5497
 5498
 5498
 5499
 5499
 5501
 5502
 5502
 5505
 5506
 5507
 5507
 5508
 5509
 5509
 5510
 5511
 5511
 5512
 5517
 5518
 5519
 5522
 5524
 5528
 5530
 5533
 5533
 5537
 5538
 5541
 5542
 5542
 5543
 5544
 5546
 5547
 5547
 5553
 5554
 5555
 5557
 5557
 5560
 5566
 5566
 5568
 5569
 5574
 5575
 5578
 5583
 5583
 5589
 5591
 5597
 5600
 5600
 5600
 5602
 5605
 5607
 5610
 5610
 5611
 5612
 5612
 5618
 5618
 5618
 5620
 5621
 5634
 5636
 5636
 5637
 5637
 5638
 5639
 5640
 5641
 5645
 5646
 5647
 5651
 5651
 5657
 5658
 5661
 5663
 5664
 5667
 5679
 5684
 5686
 5688
 5692
 5692
 5698
 5702
 5705
 5711
 5725
 5735
 5740
 5741
 5754
 5755
 5756
 5759
 5769
 5781
 5785
 5797
 5826
 5830
 5838
 5844
 5874
 5900
 5907
 5909
 5911
 5919
 5946
 5970
 5985
 5999
 5999
 6002
 6065
 6070
 6072
 6073
 6080
 6084
 6086
 6093
 6119
 6121
 6134
 6140
 6141
 6146
 6146
 6152
 6154
 6159
 6160
 6166
 6182
 6192
 6194
 6195
 6198
 6205
 6220
 6232
 6237
 6237
 6241
 6242
 6246
 6251
 6251
 6260
 6265
 6275
 6280
 6285
 6286
 6294
 6295
 6307
 6307
 6311
 6317
 6339
 6344
 6349
 6352
 6353
 6359
 6366
 6375
 6379
 6380
 6385
 6385
 6391
 6394
 6395
 6401
 6402
 6405
 6407
 6419
 6425
 6438
 6441
 6444
 6464
 6466
 6467
 6472
 6480
 6482
 6501
 6509
 6510
 6518
 6519
 6539
 6550
 6551
 6565
 6567
 6568
 6571
 6573
 6574
 6574
 6574
 6593
 6594
 6606
 6608
 6621
 6621
 6626
 6627
 6651
 6660
 6671
 6674
 6683
 6697
 6698
 6711
 6713
 6718
 6728
 6736
 6740
 6752
 6760
 6761
 6763
 6784
 6790
 6796
 6810
 6822
 6833
 6842
 6859
 6864
 6872
 6895
 6904
 6906
 6908
 6910
 6913
 6919
 6931
 6936
 6940
 6947
 6956
 6959
 6960
 6960
 6964
 6964
 7004
 7015
 7020
 7032
 7032
 7033
 7037
 7045
 7069
 7079
 7080
 7088
 7088
 7091
 7098
 7109
 7127
 7129
 7146
 7152
 7154
 7159
 7171
 7173
 7190
 7222
 7243
 7258
 7259
 7262
 7282
 7286
 7312
 7332
 7339
 7347
 7373
 7411
 7414
 7430
 7462
 7469
 7472
 7477
 7483
 7484
 7490
 7518
 7536
 7587
 7649
 7730
 7819
 7936
 8054
 8202
 8233
 8416
 8477
 8506
 8561
