# timestamp	command count (MB)\n
-133.049 0
-2.13271 0
-0.602582 0
4.79227 0
5.8041 0
6.80334 0
7.80328 0
8.8032 0
9.8033 0
10.803 0
12.4596 0
13.4588 0
14.4587 0
15.4585 0
16.4586 0
19.1793 0
20.1785 0
21.1786 0
25.0274 0
26.0263 0
27.0261 0
28.0261 0
31.1436 0
32.519 0
33.5177 0
34.8746 0
35.8735 0
37.1988 0
39.338 0
40.3371 0
41.5677 0
42.5651 0
43.565 0
46.5435 0
47.5455 0
48.5497 0
52.0619 0
53.0764 0
54.4224 0
55.4262 0
56.4308 0
57.7522 0
58.7542 0
59.7585 0
62.0079 0
63.0105 0
64.0149 0
65.0195 0
66.0225 0
68.6161 0
69.6657 0
70.6672 0
71.6709 0
72.8539 0
73.8549 0
74.8591 0
75.8634 0
78.2217 0
79.2235 0
80.2271 0
81.2315 0
82.2353 0
84.8039 0
85.9302 0
86.9318 0
87.9358 0
88.9394 0
89.9436 0
90.9478 0
91.9517 0
94.938 0
95.9396 0
97.1791 0
98.1799 0
99.1843 0
102.231 0
103.568 0
104.572 0
105.576 0
106.58 0
107.584 0
108.588 0
111.889 0
112.892 0
114.129 0
115.132 0
116.136 0
117.14 0
120.046 0
121.044 0
122.297 0
123.297 0
124.417 0
125.416 0
126.416 0
128.8 0
129.796 0
130.796 0
131.797 0
132.796 0
135.524 0
136.777 0
137.776 0
139.011 0
140.008 0
141.179 0
142.176 0
143.176 0
145.277 0
146.276 0
147.276 0
148.277 0
149.308 0
152.018 0
153.244 0
154.244 0
155.524 0
156.524 0
157.524 0
158.523 0
159.523 0
160.523 0
161.523 0
162.524 0
163.523 0
164.524 0
168.145 0
169.143 0
170.144 0
171.143 0
174.099 0
175.462 0
176.459 0
177.645 0
178.643 0
179.763 0
180.763 0
181.763 0
184.088 0
185.396 0
186.395 0
187.415 0
190.679 0
192.008 0
193.007 0
194.188 0
195.186 0
196.186 0
197.187 0
200.178 0
201.174 0
202.28 0
203.278 0
204.279 0
205.278 0
208.153 0
209.15 0
210.15 0
211.194 0
212.194 0
213.322 0
214.318 0
215.318 0
217.121 0
218.118 0
219.118 0
220.118 0
221.122 0
223.662 0
225.101 0
226.102 0
227.298 0
228.298 0
229.297 0
230.297 0
231.297 0
233.554 0
234.554 0
235.553 0
236.553 0
239.494 0
240.493 0
241.493 0
242.525 0
245.852 0
246.849 0
248.278 0
249.277 0
250.442 0
251.441 0
252.441 0
253.44 0
254.44 0
255.44 0
258.255 0
259.252 0
260.726 0
261.724 0
262.724 0
263.736 0
264.736 0
265.736 0
266.906 0
267.904 0
268.904 0
271.999 0
272.995 0
273.996 0
274.996 0
277.896 0
278.896 0
279.896 0
280.895 0
281.896 0
282.901 0
285.009 0
286.007 0
287.007 0
288.007 0
290.547 0
291.547 0
292.547 0
293.827 0
294.827 0
295.827 0
296.856 0
297.855 0
298.855 0
300.396 0
301.399 0
302.572 0
303.613 0
304.615 0
305.619 0
306.623 0
309.888 0
310.892 0
311.896 0
312.909 0
313.913 0
314.916 0
315.92 0
316.924 0
319.93 0
320.933 0
322.115 0
323.128 0
324.129 0
326.801 0
327.954 0
328.954 0
329.958 0
330.962 0
331.966 0
334.484 0
335.486 0
336.689 0
337.691 0
338.694 0
339.699 0
340.703 0
342.221 0
343.223 0
344.227 0
345.231 0
346.272 0
349.059 0
350.063 0
351.145 0
352.148 0
353.152 0
354.156 0
356.268 0
357.272 0
358.487 0
359.488 29
360.493 380
361.496 331
362.5 389
364.143 25
365.145 258
366.149 303
367.154 223
368.157 257
369.161 299
370.165 362
371.212 414
372.71 68
373.714 318
374.717 209
375.721 274
376.73 247
377.734 378
378.738 307
379.741 309
381.106 114
382.11 238
383.111 304
384.114 252
385.118 297
386.122 230
387.126 131
388.13 256
389.135 302
390.16 156
391.163 233
392.185 214
393.186 260
394.21 236
395.21 259
396.214 309
397.218 248
398.222 293
399.604 214
400.607 243
401.61 311
402.614 255
403.619 316
404.623 241
405.63 85
406.632 315
407.635 260
408.852 232
409.856 242
410.86 255
411.863 316
412.867 245
413.871 317
414.875 236
415.881 312
416.884 298
418.07 33
419.071 271
420.075 209
421.08 273
422.084 243
423.088 291
424.092 317
425.096 237
426.1 316
427.103 253
428.108 316
429.111 326
430.117 252
431.12 324
432.124 260
433.128 321
435.247 113
436.249 288
437.252 273
438.256 323
439.26 252
440.264 326
441.268 253
442.272 297
444.065 293
445.068 271
446.073 245
447.076 265
448.08 269
449.085 316
450.088 297
451.092 271
452.107 318
453.577 247
454.581 269
455.584 293
456.616 251
457.621 289
458.625 267
459.629 312
460.655 320
461.657 267
462.699 332
463.701 280
464.704 339
465.709 277
466.713 336
467.717 245
468.721 330
469.725 266
471.457 167
472.461 274
473.465 297
474.469 333
475.473 256
476.477 329
477.481 274
478.485 300
479.489 342
480.614 110
481.617 270
482.621 272
483.624 315
484.629 283
485.634 315
486.637 310
487.641 299
488.672 323
489.673 309
490.677 134
491.681 287
492.685 317
493.689 288
494.694 292
495.697 346
496.701 318
497.705 308
498.772 363
499.998 259
501.001 234
502.007 257
503.009 227
504.014 242
505.018 261
506.021 213
507.026 256
508.029 256
509.034 214
510.037 265
511.041 244
512.045 183
513.05 257
514.053 257
515.057 213
516.061 256
517.065 263
518.07 201
519.073 253
520.151 272
521.155 238
522.159 263
523.168 216
524.169 268
525.175 268
526.177 225
527.181 295
528.185 277
529.189 267
530.193 304
531.198 250
533.381 251
534.387 304
535.427 324
536.431 348
537.43 291
538.433 326
539.434 368
540.433 275
541.433 350
542.433 299
543.433 217
544.433 342
545.434 372
546.482 375
547.481 312
548.488 382
549.486 279
550.485 373
551.485 298
552.623 161
553.621 348
554.621 326
555.622 342
556.622 373
557.621 284
558.621 370
559.621 323
560.622 368
561.621 308
562.622 201
563.621 327
564.621 381
565.642 369
566.641 329
567.651 421
568.649 275
569.649 384
570.649 284
571.954 322
572.954 354
573.953 334
574.953 401
575.954 334
576.953 376
577.953 313
579.185 347
580.185 329
581.185 352
582.185 299
583.185 360
584.185 338
585.185 376
586.185 408
587.185 307
588.186 402
589.186 313
590.273 320
591.272 326
592.272 361
593.283 377
594.321 364
595.321 319
596.32 402
597.32 352
598.321 348
599.321 425
600.322 322
601.339 389
602.363 242
603.36 385
604.361 345
605.361 382
606.361 390
607.361 363
608.361 413
609.36 333
610.36 396
611.397 388
612.397 357
613.397 361
614.398 421
615.396 338
616.396 429
617.396 337
618.396 407
619.396 362
620.398 468
621.396 378
622.404 140
623.401 426
624.408 403
625.408 356
626.409 446
627.409 335
628.43 372
629.429 360
630.428 413
631.477 432
632.496 365
633.496 393
634.497 402
635.496 433
636.496 324
637.497 445
638.496 360
639.496 424
640.496 413
641.496 350
642.497 441
643.497 314
644.497 389
645.496 408
646.507 442
647.504 393
648.504 386
649.504 404
650.505 396
651.504 401
652.505 393
653.504 413
654.505 402
655.504 411
656.506 433
657.505 447
658.505 380
659.505 391
660.504 310
661.504 411
662.505 410
663.504 396
664.509 458
665.508 384
666.508 385
667.508 409
668.522 292
669.537 421
670.536 403
671.535 419
672.536 392
673.537 427
674.536 423
675.535 383
676.536 453
677.537 392
678.535 403
679.536 418
680.536 400
681.536 372
682.536 421
683.536 402
684.535 452
685.536 326
686.536 389
687.535 380
688.538 438
689.535 380
690.536 398
691.535 414
692.535 426
693.536 422
694.535 515
695.536 349
696.535 216
697.535 429
698.535 449
699.535 403
700.535 397
701.535 396
702.536 425
703.536 417
704.535 425
705.535 405
706.535 407
707.535 393
708.535 433
709.561 437
710.56 426
711.559 416
712.559 558
713.559 524
714.559 477
715.559 375
716.559 488
717.559 363
718.56 225
719.561 442
720.56 325
721.559 406
722.559 417
723.559 389
724.559 409
725.559 566
726.559 342
727.558 369
728.559 448
729.559 417
730.559 350
731.559 385
732.559 399
733.564 444
734.563 404
735.563 412
736.562 450
737.563 432
738.562 419
739.563 428
740.563 424
741.563 439
742.563 420
743.562 486
744.562 405
745.577 322
746.574 443
747.582 454
748.579 322
749.578 429
750.578 320
751.578 426
752.578 370
753.578 428
754.614 469
755.614 422
756.615 348
757.614 409
758.614 396
759.615 441
760.615 463
761.615 393
762.614 438
763.618 466
764.62 475
765.618 473
766.618 380
767.618 493
768.623 357
769.622 429
770.622 330
771.622 499
772.622 381
773.621 419
774.621 474
775.624 410
776.622 407
777.622 444
778.621 427
779.622 416
780.621 452
781.622 455
782.622 511
783.622 369
784.622 391
785.623 437
786.622 448
787.622 422
788.621 482
789.73 347
790.73 428
791.729 298
792.73 500
793.729 236
794.73 441
795.729 411
796.729 538
797.729 316
798.729 396
799.729 335
800.729 468
801.729 453
802.729 427
803.729 417
804.729 408
805.729 442
806.735 516
807.75 439
808.749 382
809.749 443
810.75 439
811.75 369
812.749 309
813.753 489
814.757 432
815.761 282
816.766 529
817.769 448
818.773 244
819.777 348
820.794 421
821.797 375
822.801 349
823.805 395
824.81 406
825.814 378
826.817 400
827.825 398
828.825 409
829.831 409
830.833 420
831.835 407
832.839 408
833.983 388
834.986 370
835.99 305
836.994 393
837.999 359
839.002 399
840.006 420
841.01 405
842.014 414
843.07 398
844.07 405
845.075 395
846.08 407
847.083 416
848.087 491
849.093 517
850.094 511
851.098 511
852.14 445
853.386 439
854.392 510
855.395 296
856.399 351
857.403 446
858.427 420
859.445 461
860.447 382
861.452 454
862.455 449
863.46 461
864.463 563
865.467 594
866.477 674
867.479 505
868.484 398
869.489 377
870.491 498
871.496 386
872.502 562
873.505 383
874.508 518
875.547 504
876.548 365
877.553 533
878.556 342
879.561 501
880.564 407
881.568 493
882.572 416
883.576 680
884.58 451
885.621 585
886.624 583
887.628 504
888.632 536
889.636 549
892.723 258
893.725 597
894.729 266
895.732 533
896.737 270
897.766 419
898.769 540
899.773 441
900.778 392
901.781 462
902.786 399
903.79 481
904.794 339
905.798 342
906.801 505
907.805 407
908.811 435
909.813 501
910.817 290
911.822 473
912.825 517
913.83 358
914.834 507
915.838 348
916.841 484
917.853 424
918.857 364
919.861 454
920.865 513
921.869 483
922.874 458
923.878 505
924.882 360
925.887 505
926.891 438
927.896 490
928.894 412
929.901 477
930.903 511
931.909 549
932.91 338
933.914 426
934.924 335
935.926 397
936.931 421
937.934 225
938.938 406
939.942 409
940.946 321
941.953 406
942.955 414
943.958 270
944.962 372
945.966 422
946.971 344
947.974 401
948.979 448
949.984 406
950.987 403
951.99 396
952.994 429
954.02 538
955.022 440
956.027 421
957.031 407
958.057 336
959.06 395
960.064 408
961.067 306
962.071 389
963.075 416
964.08 332
965.083 407
966.092 473
967.095 332
968.1 476
969.103 434
970.108 485
971.112 478
972.115 416
973.12 488
974.124 398
975.128 520
976.131 469
977.136 429
978.139 516
979.143 394
980.147 157
981.159 516
982.164 451
983.168 307
984.201 283
985.205 448
986.208 284
987.212 484
988.216 479
989.22 458
990.223 426
991.229 474
992.274 462
993.308 456
994.312 439
995.316 452
996.321 489
997.325 487
998.327 468
999.332 455
1000.34 468
1001.34 333
1002.34 459
1003.35 447
1004.36 448
1005.36 466
1006.36 381
1007.37 392
1008.37 437
1009.38 424
1010.39 488
1011.39 478
1012.41 479
1013.43 479
1014.43 505
1015.43 418
1016.44 485
1017.44 452
1018.44 459
1019.45 495
1020.45 533
1021.46 435
1022.46 459
1023.47 476
1024.47 469
1025.47 498
1026.48 381
1027.48 496
1028.49 437
1029.51 497
1030.52 441
1031.52 437
1032.52 462
1033.53 484
1034.53 428
1035.54 456
1036.54 446
1037.55 466
1038.56 496
1039.56 467
1040.57 458
1041.57 486
1042.58 499
1043.74 481
1044.74 473
1045.75 359
1046.75 405
1047.76 478
1048.79 365
1049.93 517
1051.08 483
1052.08 461
1053.09 379
1054.09 450
1055.1 406
1056.1 458
1057.1 451
1058.11 493
1059.11 475
1060.12 482
1061.12 448
1062.13 477
1063.16 476
1064.16 473
1065.17 507
1066.17 465
1067.18 410
1068.2 433
1069.21 469
1070.22 410
1071.22 366
1072.22 487
1073.23 401
1074.23 449
1075.26 503
1076.28 480
1077.32 482
1078.43 512
1079.43 484
1080.43 432
1081.44 432
1082.44 440
1083.45 490
1084.45 466
1085.45 487
1086.46 505
1087.49 521
1088.49 480
1089.5 465
1090.5 482
1091.51 460
1092.51 400
1093.51 434
1094.52 500
1095.57 432
1096.58 453
1097.58 427
1098.59 439
1099.59 371
1100.59 500
1101.6 522
1102.6 418
1103.6 452
1104.61 470
1105.68 525
1106.68 463
1107.69 457
1108.69 486
1109.69 498
1110.7 481
1111.7 463
1112.7 481
1113.71 486
1114.71 482
1115.72 394
1116.72 610
1117.73 347
1118.89 473
1119.89 443
1120.89 459
1121.9 510
1122.9 443
1123.91 366
1124.91 442
1125.91 467
1126.92 468
1127.99 513
1128.99 441
1130 475
1131 468
1132.01 490
1133.01 504
1134.01 469
1135.02 484
1136.02 444
1137.02 376
1138.05 410
1139.05 522
1140.06 442
1141.06 360
1142.07 421
1143.07 413
1144.07 428
1145.09 452
1146.1 476
1147.1 396
1148.11 405
1149.11 483
1150.11 432
1151.12 446
1152.12 450
1153.13 484
1154.13 471
1155.13 510
1156.14 478
1157.14 481
1158.15 362
1159.15 479
1160.15 394
1161.41 445
1162.45 488
1163.45 464
1164.45 283
1165.46 469
1166.46 425
1167.46 410
1168.56 501
1169.56 475
1170.56 454
1171.57 458
1172.57 504
1173.57 457
1174.58 487
1175.58 413
1176.59 453
1177.59 506
1178.59 480
1179.6 482
1180.6 500
1181.61 452
1182.61 485
1183.61 350
1184.62 456
1185.62 405
1186.63 523
1187.64 468
1188.64 347
1189.65 485
1190.65 482
1191.65 336
1192.66 455
1193.66 489
1194.79 505
1195.8 451
1196.8 437
1197.81 444
1198.81 479
1199.81 475
1200.82 496
