# timestamp	memory footprint (MB)\n
-133.049 0
-2.13271 0
-0.602577 0
4.79228 0
5.8041 0
6.80335 0
7.80328 0
8.80321 0
9.80331 0
10.803 0
12.4596 0
13.4588 0
14.4587 0
15.4585 0
16.4586 0
19.1793 0
20.1785 0
21.1786 0
25.0274 0
26.0263 0
27.0261 0
28.0261 0
31.1436 0
32.519 0
33.5177 0
34.8746 0
35.8735 0
37.1988 0
39.338 0
40.3371 0
41.5677 0
42.5651 0
43.565 0
46.5435 0
47.5455 0
48.5497 0
52.0619 0
53.0764 0
54.4225 0
55.4262 0
56.4308 0
57.7522 0
58.7542 0
59.7585 0
62.0079 0
63.0105 0
64.0149 0
65.0195 0
66.0225 0
68.6161 0
69.6657 0
70.6672 0
71.6709 0
72.8539 0
73.8549 0
74.8591 0
75.8634 0
78.2217 0
79.2235 0
80.2271 0
81.2315 0
82.2353 0
84.8039 0
85.9302 0
86.9318 0
87.9358 0
88.9394 0
89.9436 0
90.9478 0
91.9517 0
94.938 0
95.9396 0
97.1791 0
98.1799 0
99.1843 0
102.231 0
103.568 0
104.572 0
105.576 0
106.58 0
107.584 0
108.588 0
111.889 0
112.892 0
114.129 0
115.132 0
116.136 0
117.14 0
120.046 0
121.044 0
122.297 0
123.297 0
124.417 0
125.416 0
126.416 0
128.8 0
129.796 0
130.796 0
131.797 0
132.796 0
135.524 0
136.777 0
137.776 0
139.011 0
140.008 0
141.179 0
142.176 0
143.176 0
145.277 0
146.276 0
147.276 0
148.277 0
149.308 0
152.018 0
153.244 0
154.244 0
155.524 0
156.524 0
157.524 0
158.523 0
159.523 0
160.523 0
161.523 0
162.524 0
163.523 0
164.524 0
168.145 0
169.143 0
170.144 0
171.143 0
174.099 0
175.462 0
176.459 0
177.645 0
178.643 0
179.763 0
180.763 0
181.763 0
184.088 0
185.396 0
186.395 0
187.415 0
190.679 0
192.008 0
193.007 0
194.188 0
195.186 0
196.186 0
197.187 0
200.178 0
201.174 0
202.28 0
203.278 0
204.279 0
205.278 0
208.153 0
209.15 0
210.15 0
211.194 0
212.194 0
213.322 0
214.318 0
215.318 0
217.121 0
218.118 0
219.118 0
220.118 0
221.122 0
223.662 0
225.101 0
226.102 0
227.298 0
228.298 0
229.297 0
230.297 0
231.297 0
233.554 0
234.554 0
235.553 0
236.553 0
239.494 0
240.493 0
241.493 0
242.525 0
245.852 0
246.849 0
248.278 0
249.277 0
250.442 0
251.441 0
252.441 0
253.44 0
254.44 0
255.44 0
258.255 0
259.252 0
260.726 0
261.724 0
262.724 0
263.736 0
264.736 0
265.736 0
266.906 0
267.904 0
268.904 0
271.999 0
272.995 0
273.996 0
274.996 0
277.896 0
278.896 0
279.896 0
280.895 0
281.896 0
282.901 0
285.009 0
286.007 0
287.007 0
288.007 0
290.547 0
291.547 0
292.547 0
293.827 0
294.827 0
295.827 0
296.856 0
297.855 0
298.855 0
300.396 0
301.399 0
302.572 0
303.613 0
304.615 0
305.619 0
306.623 0
309.888 0
310.892 0
311.896 0
312.909 0
313.913 0
314.916 0
315.92 0
316.924 0
319.93 0
320.933 0
322.115 0
323.128 0
324.129 0
326.801 0
327.954 0
328.954 0
329.958 0
330.962 0
331.966 0
334.484 0
335.486 0
336.689 0
337.691 0
338.694 0
339.699 0
340.703 0
342.221 0
343.223 0
344.227 0
345.231 0
346.272 0
349.059 0
350.063 0
351.145 0
352.148 0
353.152 0
354.156 0
356.268 0
357.272 0
358.487 0
359.488 0
360.493 2
361.496 1
362.5 4
364.143 0
365.145 0
366.149 1
367.154 1
368.157 0
369.161 1
370.165 1
371.212 4
372.71 0
373.714 2
374.717 1
375.721 0
376.73 1
377.734 2
378.738 4
379.741 2
381.106 3
382.11 1
383.111 3
384.114 1
385.118 3
386.122 0
387.126 1
388.13 0
389.135 2
390.16 3
391.163 1
392.185 1
393.186 0
394.21 1
395.21 0
396.214 2
397.218 4
398.222 2
399.604 3
400.607 1
401.61 3
402.614 1
403.619 3
404.623 1
405.63 1
406.632 3
407.635 1
408.852 3
409.856 1
410.86 1
411.863 3
412.867 1
413.871 3
414.875 0
415.881 2
416.884 2
418.07 2
419.071 1
420.075 1
421.08 1
422.084 0
423.088 1
424.092 3
425.096 1
426.1 3
427.103 0
428.108 2
429.111 4
430.117 2
431.12 4
432.124 1
433.128 4
435.247 0
436.249 1
437.252 1
438.256 3
439.26 1
440.264 3
441.268 1
442.272 1
444.065 3
445.068 1
446.073 1
447.076 0
448.08 0
449.085 2
450.088 4
451.092 2
452.107 4
453.577 2
454.581 1
455.584 1
456.616 1
457.621 0
458.625 0
459.629 2
460.655 4
461.657 2
462.699 4
463.701 1
464.704 3
465.709 1
466.713 3
467.717 1
468.721 3
469.725 0
471.457 2
472.461 1
473.465 1
474.469 3
475.473 1
476.477 3
477.481 1
478.485 0
479.489 2
480.614 3
481.617 1
482.621 1
483.624 1
484.629 0
485.634 2
486.637 4
487.641 2
488.672 4
489.673 2
490.677 0
491.681 2
492.685 1
493.689 0
494.694 0
495.697 2
496.701 4
497.705 2
498.772 5
499.998 2
501.001 1
502.007 3
503.009 4
504.014 2
505.018 3
506.021 0
507.026 2
508.029 4
509.034 1
510.037 2
511.041 4
512.045 0
513.05 2
514.053 4
515.057 1
516.061 2
517.065 4
518.07 1
519.073 3
520.151 4
521.155 1
522.159 3
523.168 0
524.169 2
525.175 4
526.177 1
527.181 3
528.185 4
529.189 2
530.193 4
531.198 1
533.381 2
534.387 2
535.427 1
536.431 2
537.43 1
538.433 1
539.434 3
540.433 5
541.433 3
542.433 5
543.433 0
544.433 2
545.434 3
546.482 5
547.481 2
548.488 5
549.486 2
550.485 4
551.485 1
552.623 3
553.621 2
554.621 2
555.622 1
556.622 4
557.621 1
558.621 3
559.621 1
560.622 3
561.621 5
562.622 0
563.621 2
564.621 2
565.642 5
566.641 2
567.651 5
568.649 2
569.649 4
570.649 1
571.954 3
572.954 2
573.953 2
574.953 4
575.954 1
576.953 4
577.953 1
579.185 3
580.185 6
581.185 3
582.185 5
583.185 2
584.185 2
585.185 2
586.185 5
587.185 2
588.186 4
589.186 1
590.273 3
591.272 6
592.272 3
593.283 2
594.321 2
595.321 0
596.32 3
597.32 6
598.321 4
599.321 7
600.322 2
601.339 5
602.363 1
603.36 2
604.361 0
605.361 0
606.361 1
607.361 1
608.361 4
609.36 6
610.36 3
611.397 6
612.397 2
613.397 2
614.398 5
615.396 1
616.396 4
617.396 1
618.396 3
619.396 6
620.398 3
621.396 6
622.404 1
623.401 3
624.408 5
625.408 2
626.409 5
627.409 2
628.43 4
629.429 7
630.428 3
631.477 6
632.496 3
633.496 2
634.497 2
635.496 5
636.496 1
637.497 4
638.496 7
639.496 3
640.496 6
641.496 3
642.497 6
643.497 0
644.497 0
645.496 3
646.507 3
647.504 3
648.504 2
649.504 2
650.505 1
651.504 1
652.505 0
653.504 0
654.505 0
655.504 3
656.506 3
657.505 3
658.505 2
659.505 2
660.504 1
661.504 1
662.505 0
663.504 3
664.509 3
665.508 3
666.508 1
667.508 1
668.522 3
669.537 3
670.536 3
671.535 2
672.536 2
673.537 2
674.536 1
675.535 1
676.536 1
677.537 1
678.535 4
679.536 2
680.536 1
681.536 1
682.536 1
683.536 0
684.535 2
685.536 1
686.536 1
687.535 3
688.538 3
689.535 2
690.536 2
691.535 2
692.535 2
693.536 2
694.535 3
695.536 3
696.535 4
697.535 3
698.535 3
699.535 4
700.535 3
701.535 2
702.536 2
703.536 2
704.535 2
705.535 1
706.535 1
707.535 0
708.535 3
709.561 3
710.56 3
711.559 2
712.559 3
713.559 5
714.559 2
715.559 4
716.559 3
717.559 3
718.56 5
719.561 3
720.56 2
721.559 2
722.559 1
723.559 1
724.559 1
725.559 3
726.559 4
727.558 1
728.559 2
729.559 1
730.559 0
731.559 3
732.559 3
733.564 3
734.563 3
735.563 2
736.562 2
737.563 2
738.562 1
739.563 1
740.563 1
741.563 1
742.563 0
743.562 2
744.562 3
745.577 0
746.574 3
747.582 3
748.579 2
749.578 2
750.578 1
751.578 0
752.578 3
753.578 3
754.614 3
755.614 3
756.615 3
757.614 2
758.614 1
759.615 2
760.615 2
761.615 1
762.614 1
763.618 0
764.62 3
765.618 3
766.618 5
767.618 3
768.623 4
769.622 2
770.622 1
771.622 3
772.622 1
773.621 4
774.621 3
775.624 3
776.622 2
777.622 3
778.621 2
779.622 1
780.621 1
781.622 1
782.622 3
783.622 2
784.622 2
785.623 1
786.622 2
787.622 1
788.621 2
789.73 5
790.73 3
791.729 2
792.73 3
793.729 1
794.73 1
795.729 2
796.729 2
797.729 5
798.729 3
799.729 2
800.729 3
801.729 2
802.729 3
803.729 2
804.729 1
805.729 1
806.735 3
807.75 3
808.749 3
809.749 2
810.75 4
811.75 2
812.749 4
813.753 3
814.757 4
815.761 2
816.766 3
817.769 4
818.773 2
819.777 4
820.794 3
821.797 2
822.801 2
823.805 1
824.81 1
825.814 1
826.817 0
827.825 0
828.825 1
829.831 1
830.833 1
831.835 1
832.839 0
833.983 3
834.986 2
835.99 1
836.994 1
837.999 1
839.002 1
840.006 1
841.01 0
842.014 3
843.07 3
844.07 3
845.075 2
846.08 2
847.083 2
848.087 2
849.093 3
850.094 3
851.099 0
852.14 3
853.386 3
854.392 3
855.395 2
856.399 1
857.403 1
858.427 3
859.445 3
860.447 2
861.452 2
862.455 2
863.46 2
864.463 2
865.467 3
866.477 7
867.479 5
868.484 8
869.489 2
870.491 5
871.496 1
872.502 5
873.505 8
874.508 4
875.547 8
876.548 3
877.553 7
878.556 3
879.561 6
880.564 1
881.568 4
882.572 3
883.576 7
884.58 4
885.621 8
886.624 5
887.628 8
888.632 4
889.636 7
892.723 4
893.725 8
894.729 3
895.732 6
896.737 8
897.766 3
898.769 3
899.773 6
900.778 2
901.781 6
902.786 8
903.79 4
904.794 6
905.798 1
906.801 5
907.805 8
908.811 2
909.813 5
910.817 7
911.822 3
912.825 7
913.83 2
914.834 6
915.838 1
916.841 4
917.853 7
918.857 3
919.861 1
920.865 4
921.869 8
922.874 4
923.878 7
924.882 2
925.887 6
926.891 1
927.896 5
928.894 8
929.901 0
930.903 4
931.909 8
932.91 4
933.914 7
934.924 1
935.926 3
936.931 6
937.934 1
938.938 3
939.942 6
940.946 0
941.953 3
942.955 6
943.958 8
944.962 3
945.966 6
946.971 1
947.974 4
948.979 7
949.984 2
950.987 5
951.99 8
952.994 3
954.02 7
955.022 3
956.027 3
957.031 6
958.057 0
959.06 3
960.064 6
961.067 1
962.071 3
963.075 6
964.08 2
965.083 4
966.092 8
967.095 3
968.1 1
969.103 1
970.108 1
971.112 1
972.115 2
973.12 6
974.124 1
975.128 5
976.131 8
977.136 3
978.139 7
979.143 2
980.147 3
981.159 3
982.164 3
983.168 2
984.201 4
985.205 3
986.208 2
987.212 2
988.216 1
989.22 1
990.223 1
991.229 0
992.274 4
993.308 3
994.312 3
995.316 3
996.321 3
997.325 3
998.327 2
999.332 2
1000.34 2
1001.34 1
1002.34 0
1003.35 3
1004.36 3
1005.36 3
1006.36 2
1007.37 1
1008.37 1
1009.38 0
1010.39 3
1011.39 2
1012.41 3
1013.43 3
1014.43 3
1015.43 3
1016.44 3
1017.44 2
1018.44 0
1019.45 3
1020.45 4
1021.46 3
1022.46 3
1023.47 2
1024.47 2
1025.47 2
1026.48 1
1027.48 0
1028.49 3
1029.51 3
1030.52 3
1031.52 2
1032.52 2
1033.53 2
1034.53 1
1035.54 1
1036.54 4
1037.55 3
1038.56 3
1039.56 3
1040.57 0
1041.57 4
1042.58 4
1043.74 4
1044.74 3
1045.75 2
1046.75 1
1047.76 1
1048.79 3
1049.93 3
1051.08 3
1052.08 3
1053.09 2
1054.09 2
1055.1 1
1056.1 1
1057.1 1
1058.11 1
1059.11 1
1060.12 1
1061.12 4
1062.13 3
1063.16 3
1064.16 2
1065.17 2
1066.17 1
1067.18 0
1068.2 3
1069.21 3
1070.22 2
1071.22 1
1072.22 1
1073.23 0
1074.23 3
1075.26 4
1076.28 3
1077.32 3
1078.43 3
1079.43 3
1080.43 3
1081.44 2
1082.44 2
1083.45 2
1084.45 1
1085.45 1
1086.46 0
1087.49 4
1088.49 3
1089.5 3
1090.5 3
1091.51 2
1092.51 2
1093.51 1
1094.52 1
1095.57 4
1096.58 3
1097.58 3
1098.59 2
1099.59 1
1100.59 1
1101.6 1
1102.6 1
1103.6 4
1104.61 3
1105.68 3
1106.68 3
1107.69 3
1108.69 3
1109.69 3
1110.7 2
1111.7 2
1112.7 2
1113.71 2
1114.71 1
1115.72 1
1116.72 3
1117.73 5
1118.89 4
1119.89 3
1120.89 3
1121.9 3
1122.9 3
1123.91 1
1124.91 1
1125.91 0
1126.92 4
1127.99 4
1128.99 3
1130 3
1131 2
1132.01 3
1133.01 3
1134.01 2
1135.02 2
1136.02 1
1137.02 1
1138.05 3
1139.05 3
1140.06 3
1141.06 2
1142.07 1
1143.07 1
1144.07 4
1145.09 3
1146.1 3
1147.1 2
1148.11 2
1149.11 2
1150.11 1
1151.12 1
1152.12 0
1153.13 0
1154.13 3
1155.13 3
1156.14 3
1157.14 3
1158.15 2
1159.15 1
1160.15 1
1161.41 4
1162.45 3
1163.45 3
1164.45 1
1165.46 1
1166.46 1
1167.46 3
1168.56 3
1169.56 3
1170.56 3
1171.57 3
1172.57 3
1173.57 2
1174.58 2
1175.58 1
1176.59 1
1177.59 1
1178.59 4
1179.6 3
1180.6 3
1181.61 3
1182.61 3
1183.61 1
1184.62 1
1185.62 3
1186.63 4
1187.64 3
1188.64 2
1189.65 2
1190.65 1
1191.65 0
1192.66 3
1193.66 3
1194.79 3
1195.8 3
1196.8 2
1197.81 2
1198.81 2
1199.81 2
