# timestamp	memory footprint (MB)\n
-287.866 0
-283.125 0
-281.587 0
-276.854 0
-275.851 0
-274.801 0
-273.773 0
-272.77 0
-271.567 0
-270.477 0
-269.386 0
-266.576 0
-265.566 0
-264.56 0
-261.168 0
-260.169 0
-259.16 0
-258.086 0
-257.083 0
-252.591 0
-251.579 0
-250.577 0
-249.578 0
-246.602 0
-245.596 0
-244.59 0
-241.927 0
-240.911 0
-239.372 0
-238.374 0
-237.241 0
-234.641 0
-233.616 0
-230.619 0
-229.608 0
-228.609 0
-227.574 0
-226.573 0
-224.445 0
-223.446 0
-221.86 0
-220.856 0
-217.153 0
-216.148 0
-215.133 0
-214.129 0
-210.911 0
-209.907 0
-208.896 0
-207.892 0
-206.867 0
-202.717 0
-201.711 0
-200.703 0
-199.2 0
-198.195 0
-197.17 0
-196.165 0
-195.08 0
-193.93 0
-192.454 0
-189.519 0
-188.51 0
-187.506 0
-186.503 0
-185.499 0
-183.809 0
-181.228 0
-180.227 0
-179.223 0
-178.176 0
-177.174 0
-175.368 0
-170.699 0
-169.694 0
-168.688 0
-167.684 0
-166.243 0
-164.453 0
-162.74 0
-161.672 0
-160.67 0
-159.664 0
-158.62 0
-157.539 0
-156.533 0
-155.529 0
-153.831 0
-151.923 0
-150.28 0
-148.534 0
-143.831 0
-142.829 0
-140.673 0
-139.656 0
-136.892 0
-135.883 0
-134.864 0
-133.86 0
-132.654 0
-128.394 0
-127.391 0
-126.387 0
-125.378 0
-124.376 0
-123.126 0
-120.209 0
-119.201 0
-117.697 0
-116.608 0
-114.961 0
-113.96 0
-112.934 0
-111.57 0
-106.559 0
-105.552 0
-104.54 0
-101.542 0
-100.525 0
-99.5206 0
-98.5192 0
-97.5076 0
-95.7492 0
-93.4595 0
-92.4592 0
-91.43 0
-90.3752 0
-89.2 0
-85.0359 0
-84.03 0
-83.0246 0
-82.0244 0
-81.0242 0
-79.3277 0
-77.927 0
-76.6084 0
-73.7383 0
-69.8745 0
-68.8566 0
-67.8506 0
-66.8448 0
-65.8451 0
-64.7099 0
-63.573 0
-62.5316 0
-60.9436 0
-58.7559 0
-56.5416 0
-55.5453 0
-54.2977 0
-49.7909 0
-48.7926 0
-47.792 0
-46.5275 0
-45.5281 0
-44.219 0
-42.4766 0
-40.4856 0
-38.0763 0
-37.0716 0
-35.617 0
-34.6176 0
-33.1637 0
-30.5451 0
-29.5255 0
-28.4871 0
-27.3226 0
-26.3249 0
-25.1201 0
-23.9038 0
-22.4478 0
-19.5983 0
-18.6018 0
-17.6018 0
-16.6013 0
-12.7665 0
-11.7668 0
-10.7166 0
-9.71185 0
-8.71381 0
-7.71331 0
-6.71382 0
-5.71383 0
-3.82145 0
-2.82115 0
-1.8213 0
-0.820993 0
0.17818 0
1.17819 0
2.17878 0
3.17817 0
4.17816 0
5.17815 0
6.17828 0
7.17815 0
8.17815 0
9.1782 0
10.1782 0
11.1821 0
12.1821 0
13.1862 0
14.1902 0
15.1942 0
16.1982 0
17.2021 0
18.2061 0
19.2102 0
20.2142 0
21.2182 0
22.2222 0
23.2261 0
24.2301 0
25.2343 0
26.2382 0
27.2422 0
28.2462 0
29.2502 0
30.2542 0
31.2582 0
32.2622 0
33.2662 0
34.2702 0
35.2743 0
36.2782 0
37.2822 0
38.2862 0
39.2902 0
40.2942 0
41.2982 0
42.3022 0
43.3062 0
44.3102 0
45.3142 0
46.3303 0
47.3342 0
48.3382 0
49.3422 0
50.3462 0
51.3502 0
52.3542 0
53.3582 0
54.3623 0
55.3662 0
56.3703 0
57.3744 0
58.3783 0
59.3823 0
60.3863 0
61.3903 0
62.3943 0
63.3983 0
64.4023 0
65.4063 0
66.4103 0
67.4144 0
68.4183 0
69.4223 0
70.4263 0
71.4303 0
72.4343 0
73.4383 0
74.4424 0
75.4463 0
76.4504 0
77.4544 0
78.4584 0
79.4624 0
80.4664 0
81.4704 0
82.4744 0
83.4784 0
84.4824 0
85.4864 0
86.4904 0
87.4945 0
88.4984 0
89.5025 0
90.5065 0
91.5105 0
92.5145 0
93.5185 0
94.5225 0
95.5265 0
96.5308 0
97.5345 0
98.5385 0
99.5425 0
100.547 0
101.554 0
102.555 0
103.559 0
104.563 0
105.567 0
106.571 0
107.575 0
108.579 0
109.583 0
110.587 0
111.591 0
112.595 0
113.599 0
114.611 0
115.615 0
116.619 0
117.623 0
118.627 0
119.631 0
120.655 0
121.659 0
122.664 0
123.667 0
124.671 0
125.675 0
126.679 0
127.683 0
128.687 0
129.691 0
130.695 0
131.699 0
132.703 0
133.707 0
134.711 0
135.715 0
136.719 0
137.723 0
138.727 0
139.731 0
140.735 0
141.739 0
142.743 0
143.747 0
144.751 0
145.755 0
146.759 0
147.763 0
148.767 0
149.771 0
150.775 0
151.779 0
152.783 0
153.787 0
154.791 0
155.795 0
156.799 0
157.803 0
158.807 0
159.812 0
160.815 0
161.819 0
162.825 0
163.827 0
164.831 0
165.835 0
166.839 0
167.843 0
168.847 0
169.851 0
170.855 0
171.859 0
172.864 0
173.868 0
174.872 0
175.876 0
176.88 0
177.884 0
178.888 0
179.892 0
180.896 0
181.9 0
182.904 0
183.908 0
184.912 0
185.916 0
186.92 0
187.924 0
188.928 0
189.932 0
190.936 0
191.94 0
192.945 0
193.949 0
194.953 0
195.957 0
196.961 0
197.972 0
198.973 0
199.977 0
200.981 0
201.985 0
202.989 0
203.993 0
204.997 0
206.001 0
207.005 0
208.009 0
209.013 0
210.017 0
211.021 0
212.025 0
213.029 0
214.033 0
215.038 0
216.042 0
217.046 0
218.05 0
219.054 0
220.058 0
221.062 0
222.066 0
223.07 0
224.074 0
225.078 0
226.082 0
227.086 0
228.09 0
229.094 0
230.094 0
231.098 0
232.102 0
233.106 0
234.11 0
235.114 0
236.118 0
237.122 0
238.126 0
239.131 0
240.134 0
241.142 0
242.143 0
243.147 0
244.151 0
245.155 0
246.159 0
247.163 0
248.167 0
249.171 0
250.175 0
251.179 0
252.183 0
253.187 0
254.191 0
255.195 0
256.199 0
257.203 0
258.207 0
259.211 0
260.215 0
261.219 0
262.223 0
263.227 0
264.232 0
265.235 0
266.239 0
267.25 0
268.252 0
269.256 0
270.26 0
271.264 0
272.268 0
273.272 0
274.276 0
275.28 0
276.284 0
277.288 0
278.292 0
279.296 0
280.3 0
281.304 0
282.308 0
283.312 0
284.316 0
285.32 0
286.324 0
287.328 0
288.332 0
289.336 0
290.34 0
291.344 0
292.348 0
293.354 0
294.356 0
295.36 0
296.37 0
297.372 0
298.376 0
299.38 0
300.384 0
301.388 0
302.392 0
303.397 0
304.401 0
305.405 0
306.409 0
307.413 1
308.417 0
309.421 0
310.425 0
311.429 0
312.433 0
313.437 0
314.441 0
315.445 0
316.449 0
317.453 0
318.457 0
319.461 0
320.465 0
321.469 0
322.473 0
323.477 0
324.481 0
325.485 0
326.489 0
327.493 0
328.497 0
329.501 0
330.505 0
331.509 0
332.513 0
333.517 0
334.521 0
335.525 0
336.529 0
337.533 1
338.537 0
339.541 0
340.545 0
341.55 0
342.554 0
343.558 0
344.562 0
345.566 0
346.57 0
347.574 0
348.578 0
349.582 0
350.586 0
351.59 0
352.594 0
353.598 0
354.602 0
355.606 0
356.61 0
357.614 0
358.618 0
359.622 0
360.626 0
361.63 0
362.634 0
363.638 0
364.642 0
365.642 0
366.646 0
367.65 0
368.654 0
369.658 1
370.662 0
371.666 0
372.67 0
373.674 1
374.678 0
375.682 1
376.686 1
377.69 0
378.694 0
379.698 0
380.702 0
381.706 1
382.71 0
383.714 0
384.719 0
385.723 0
386.727 0
387.731 1
388.735 0
389.739 1
390.743 0
391.747 0
392.751 0
393.755 1
394.759 1
395.763 0
396.767 0
397.771 0
398.775 0
399.779 0
400.783 1
401.787 1
402.791 0
403.795 0
404.799 0
405.803 0
406.807 0
407.811 0
408.815 1
409.819 0
410.823 0
411.827 1
412.831 0
413.835 0
414.839 0
415.843 0
416.847 0
417.851 0
418.855 1
419.861 1
420.863 1
421.867 0
422.871 0
423.875 0
424.879 0
425.883 0
426.887 0
427.891 0
428.895 0
429.899 0
430.903 0
431.907 1
432.912 1
433.915 0
434.92 1
435.924 4
436.928 0
437.932 0
438.936 0
439.94 3
440.944 0
441.957 1
442.96 2
443.964 0
444.968 1
445.972 7
446.976 0
447.98 0
448.984 1
449.988 1
450.994 2
451.996 8
453 0
454.004 0
455.008 0
456.012 1
457.032 0
458.036 4
459.041 9
460.044 14
461.048 0
462.06 0
463.06 0
464.064 0
465.068 0
466.072 1
467.076 1
468.08 1
469.085 2
470.088 1
471.092 7
472.096 0
473.1 0
474.104 0
475.109 0
476.113 5
477.116 1
478.121 0
479.124 0
480.128 0
481.132 0
482.136 3
483.141 9
484.144 0
485.152 0
486.157 0
487.161 1
488.165 0
489.168 1
490.173 1
491.177 2
492.181 2
493.185 0
494.189 0
495.193 0
496.197 0
497.201 5
498.205 1
499.209 0
500.213 0
501.22 1
502.221 1
503.225 0
504.229 2
505.233 1
506.237 2
507.241 0
508.245 0
509.249 0
510.253 0
511.257 0
512.261 0
513.265 3
514.269 0
515.273 0
516.277 1
517.281 1
518.285 1
519.289 1
520.293 6
521.297 12
522.301 1
523.305 0
524.309 0
525.313 0
526.317 1
527.321 0
528.325 0
529.329 0
530.333 0
531.337 0
532.341 3
533.345 8
534.349 1
535.353 0
536.357 0
537.361 0
538.365 0
539.369 0
540.373 0
541.378 4
542.381 0
543.385 0
544.39 3
545.393 0
546.397 1
547.401 1
548.405 0
549.41 0
550.414 0
551.418 0
552.422 0
553.427 2
554.43 0
555.434 1
556.438 0
557.442 0
558.446 5
559.45 0
560.454 0
561.458 0
562.462 0
563.466 4
564.47 0
565.474 0
566.478 1
567.482 0
568.486 3
569.49 9
570.494 0
571.498 0
572.502 0
573.506 0
574.51 0
575.514 0
576.518 0
577.522 0
578.526 3
579.53 0
580.534 0
581.538 0
582.542 1
583.542 0
584.546 0
585.55 0
586.554 0
587.559 3
588.562 0
589.566 0
590.57 1
591.574 1
592.578 1
593.582 1
594.586 7
595.59 0
596.594 0
597.598 4
598.602 0
599.606 2
600.61 1
601.614 1
602.619 1
603.622 0
604.626 0
605.631 3
606.635 2
607.638 2
608.643 2
609.647 0
610.651 1
611.655 5
612.659 0
613.663 3
614.667 0
615.671 3
616.675 0
617.679 1
618.683 0
619.687 0
620.691 4
621.695 1
622.699 2
623.703 0
624.707 1
625.711 0
626.715 0
627.719 4
628.723 0
629.727 0
630.731 1
631.735 1
632.739 1
633.743 0
634.747 0
635.751 3
636.755 0
637.759 1
638.763 1
639.767 0
640.771 0
641.775 5
642.779 0
643.783 1
644.787 2
645.791 1
646.795 0
647.799 0
648.803 5
649.807 0
650.811 2
651.815 0
652.819 0
653.823 0
654.827 6
655.832 13
656.835 2
657.839 0
658.843 0
659.847 0
660.851 0
661.855 0
662.859 0
663.863 4
664.867 10
665.871 1
666.881 0
667.883 0
668.887 0
669.891 0
670.896 3
671.9 1
672.903 1
673.908 1
674.911 0
675.915 4
676.92 1
677.924 1
678.934 4
679.944 0
680.948 3
681.952 0
682.957 0
683.96 0
684.964 0
685.968 5
686.972 0
687.976 0
688.98 6
689.984 0
690.988 3
691.992 2
692.996 2
694 0
695.004 0
696.016 3
697.02 1
698.024 1
699.033 6
700.036 0
701.04 4
702.044 0
703.048 1
704.052 1
705.056 5
706.066 0
707.068 2
708.072 1
709.076 1
710.08 0
711.084 0
712.088 4
713.092 0
714.096 1
715.1 1
716.104 7
717.108 0
718.112 1
719.116 1
720.12 3
721.124 9
722.128 0
723.132 0
724.136 3
725.14 1
726.144 0
727.148 1
728.152 5
729.156 1
730.16 1
731.164 0
732.168 0
733.172 3
734.176 2
735.18 1
736.184 0
737.188 0
738.192 4
739.196 0
740.2 1
741.204 0
742.209 6
743.212 0
744.216 0
745.22 1
746.224 1
747.228 2
748.244 3
749.256 0
750.261 3
751.264 10
752.268 1
753.272 0
754.288 1
755.292 0
756.296 2
757.3 1
758.304 0
759.308 1
760.312 7
761.317 14
762.32 0
763.324 0
764.328 0
765.332 0
766.336 6
767.34 2
768.344 1
769.348 1
770.352 2
771.357 6
772.366 2
773.368 0
774.372 1
775.382 0
776.384 1
777.389 1
778.393 5
779.396 1
780.4 0
781.404 1
782.408 0
783.413 0
784.416 5
785.421 2
786.425 0
787.429 0
788.433 0
789.437 1
790.441 4
791.445 12
792.449 1
793.453 0
794.457 0
795.461 0
796.465 3
797.469 3
798.473 10
799.478 0
800.486 0
801.489 0
802.493 2
803.497 1
804.501 1
805.505 3
806.509 1
807.513 0
808.517 0
809.521 0
810.525 6
811.529 2
812.533 1
813.537 2
814.541 9
815.545 1
816.549 0
817.553 1
818.557 1
819.561 1
820.565 2
821.569 0
822.573 1
823.577 2
824.581 9
825.598 4
826.601 1
827.605 1
828.609 3
829.613 11
830.617 16
831.621 0
832.625 0
833.629 1
834.633 0
835.637 1
836.641 1
837.645 8
838.649 3
839.653 0
840.657 1
841.662 1
842.665 1
843.669 0
844.673 6
845.677 2
846.681 0
847.685 1
848.689 8
849.693 2
850.697 0
851.701 1
852.705 0
853.71 1
854.714 2
855.717 9
856.722 3
857.725 0
858.741 1
859.741 1
860.745 3
861.749 1
862.753 0
863.757 0
864.761 6
865.765 2
866.769 0
867.773 0
868.777 1
869.781 7
870.785 2
871.789 0
872.793 1
873.797 1
874.801 1
875.805 6
876.809 2
877.814 1
878.818 1
879.821 1
880.826 4
881.832 0
882.833 4
883.838 10
884.852 0
885.854 0
886.858 0
887.862 0
888.866 5
889.87 2
890.874 1
891.878 1
892.882 5
893.886 2
894.89 1
895.894 1
896.899 3
897.902 1
898.906 1
899.91 7
900.914 0
901.918 1
902.922 1
903.926 1
904.93 0
905.934 6
906.938 13
907.942 0
908.946 0
909.95 0
910.954 0
911.958 5
912.962 2
913.966 1
914.97 0
915.974 1
916.978 8
917.982 15
918.986 0
919.99 0
920.994 1
921.998 1
923.002 1
924.006 2
925.01 9
926.014 3
927.018 0
928.023 0
929.026 1
930.044 1
931.046 1
932.05 2
933.054 2
934.058 8
935.059 15
936.062 0
937.066 0
938.07 1
939.074 0
940.078 1
941.082 1
942.086 1
943.09 0
944.094 0
945.1 4
946.102 10
947.106 0
948.11 0
949.114 3
950.119 2
951.123 3
952.126 10
953.13 1
954.134 0
955.138 0
956.142 1
957.146 0
958.15 1
959.154 7
960.159 3
961.162 0
962.166 0
963.17 1
964.175 0
965.179 1
966.183 7
967.186 2
968.19 0
969.194 0
970.199 0
971.203 1
972.207 4
973.211 2
974.215 0
975.219 0
976.223 4
977.227 1
978.231 1
979.235 0
980.239 1
981.247 4
982.247 2
983.251 1
984.255 1
985.259 5
986.263 0
987.267 0
988.271 0
989.287 0
990.291 2
991.295 2
992.302 9
993.303 0
994.307 0
995.315 2
996.319 2
997.329 9
998.331 0
999.335 0
1000.34 0
1001.34 5
1002.35 1
1003.35 0
1004.35 1
1005.36 0
1006.36 1
1007.37 4
1008.37 1
1009.38 0
1010.38 1
1011.38 1
1012.39 6
1013.39 10
1014.4 0
1015.4 0
1016.4 0
1017.41 0
1018.41 6
1019.42 12
1020.42 0
1021.42 0
1022.43 0
1023.43 0
1024.44 4
1025.44 2
1026.44 1
1027.45 1
1028.45 0
1029.46 4
1030.46 1
1031.46 0
1032.47 0
1033.47 0
1034.48 2
1035.48 1
1036.48 1
1037.51 0
1038.51 2
1039.52 0
1040.52 0
1041.52 3
1042.53 1
1043.53 1
1044.54 6
1045.54 2
1046.55 2
1047.55 1
1048.56 0
1049.56 5
1050.56 2
1051.57 0
1052.57 0
1053.58 5
1054.58 1
1055.58 0
1056.59 1
1057.59 0
1058.6 1
1059.6 8
1060.6 2
1061.61 0
1062.61 1
1063.62 1
1064.62 1
1065.62 9
1066.63 2
1067.63 0
1068.64 1
1069.64 1
1070.64 1
1071.65 7
1072.65 2
1073.66 1
1074.66 2
1075.66 1
1076.67 0
1077.67 0
1078.68 3
1079.68 2
1080.68 0
1081.69 0
1082.69 4
1083.7 1
1084.7 0
1085.7 0
1086.71 4
1087.71 1
1088.72 0
1089.72 1
1090.73 7
1091.74 13
1092.74 0
1093.75 0
1094.75 0
1095.75 0
1096.76 0
1097.76 5
1098.76 2
1099.77 1
1100.77 0
1101.78 4
1102.78 2
1103.79 3
1104.8 10
1105.8 2
1106.8 0
1107.81 0
1108.81 2
1109.82 2
1110.82 1
1111.82 0
1112.83 0
1113.83 4
1114.84 10
1115.85 3
1116.86 0
1117.86 2
1118.86 1
1119.87 1
1120.87 6
1121.88 2
1122.88 0
1123.88 1
1124.89 0
1125.89 7
1126.9 2
1127.9 1
1128.91 2
1129.91 2
1130.91 4
1131.92 1
1132.92 1
1133.92 2
1134.93 3
1135.93 1
1136.94 2
1137.94 9
1138.94 1
1139.95 0
1140.95 0
1141.96 1
1142.96 1
1143.97 1
1144.97 8
1145.97 2
1146.98 0
1147.98 0
1148.98 0
1150 6
1151 3
1152 0
1153 0
1154.01 6
1155.01 3
1156.02 0
1157.02 0
1158.02 0
1159.03 0
1160.03 3
1161.05 2
1162.05 2
1163.06 10
1164.06 3
1165.06 0
1166.07 1
1167.07 1
1168.08 2
1169.08 9
1170.09 3
1171.09 0
1172.09 0
1173.1 0
1174.1 0
1175.11 1
1176.11 7
1177.11 2
1178.12 0
1179.12 0
1180.13 1
1181.13 7
1182.15 3
1183.16 0
1184.17 0
1185.17 0
1186.17 0
1187.18 3
1188.18 2
1189.19 0
1190.19 0
1191.19 5
1192.2 2
1193.2 0
1194.21 0
1195.21 1
1196.21 4
1197.22 11
1198.22 3
1199.23 0
1200.23 0
1201.23 1
1202.24 1
1203.24 0
1204.25 1
1205.25 1
1206.25 5
1207.26 2
1208.26 0
1209.27 0
1210.27 4
1211.27 12
1212.28 4
1213.28 0
1214.29 1
1215.29 1
1216.29 1
1217.3 2
1218.3 1
1219.31 0
1220.31 0
1221.31 4
1222.32 12
1223.32 4
1224.33 0
1225.33 0
1226.33 1
1227.34 1
1228.34 0
1229.35 0
1230.35 0
1231.35 3
1232.36 1
1233.36 1
1234.37 6
1235.37 3
1236.37 0
1237.38 0
1238.38 0
1239.39 4
1240.39 2
1241.39 0
1242.4 0
1243.4 4
1244.41 3
1245.41 0
1246.41 0
1247.42 4
1248.42 2
1249.43 1
1250.43 1
1251.43 8
1252.44 2
1253.44 0
1254.45 1
1255.45 0
1256.45 1
1257.46 8
1258.47 4
1259.47 0
1260.47 0
1261.48 0
1262.48 0
1263.49 0
1264.49 5
1265.49 3
1266.5 9
1267.5 3
1268.51 0
1269.51 1
1270.51 1
1271.52 1
1272.52 1
1273.53 8
1274.53 3
1275.53 0
1276.54 1
1277.54 1
1278.55 8
1279.55 15
1280.55 3
1281.56 0
1282.56 0
1283.57 0
1284.57 0
1285.57 0
1286.58 0
1287.58 5
1288.59 13
1289.59 5
1290.59 0
1291.6 0
1292.6 1
1293.61 1
1294.61 1
1295.61 1
1296.62 2
1297.62 4
1298.63 10
1299.63 3
1300.63 0
1301.64 2
1302.64 0
1303.65 2
1304.65 10
1305.65 3
1306.66 0
1307.66 1
1308.67 1
1309.67 0
1310.67 6
1311.68 2
1312.68 0
1313.69 1
1314.69 1
1315.7 7
1316.7 2
1317.7 0
1318.71 0
1319.71 0
1320.71 1
1321.72 6
1322.74 3
1323.74 0
1324.74 0
1325.75 0
1326.75 0
1327.76 4
1328.76 2
1329.76 0
1330.77 0
1331.77 6
1332.78 13
1333.78 0
1334.78 0
1335.79 0
1336.79 0
1337.8 4
1338.8 2
1339.8 9
1340.81 3
1341.81 0
1342.82 1
1343.82 1
1344.82 1
1345.83 8
1346.83 4
1347.84 0
1348.84 0
1349.84 0
1350.85 0
1351.85 6
1352.86 4
1353.86 5
1354.86 0
1355.87 2
1356.87 0
1357.88 4
1358.89 12
1359.89 2
1360.9 0
1361.9 0
1362.9 1
1363.91 1
1364.91 1
1365.92 2
1366.92 9
1367.92 4
1368.93 0
1369.93 0
1370.94 0
1371.94 0
1372.94 0
1373.95 6
1374.95 14
1375.96 5
1376.96 0
1377.96 0
1378.97 0
1379.97 1
1380.98 1
1381.98 1
1382.98 1
1383.99 1
1385.01 2
1386.01 1
1387.02 1
1388.02 2
1389.02 8
1390.03 15
1391.03 6
1392.04 0
1393.04 0
1394.04 0
1395.05 0
1396.05 0
1397.06 3
1398.06 2
1399.06 2
1400.07 5
1401.07 1
1402.08 1
1403.08 0
1404.08 6
1405.09 4
1406.09 0
1407.1 0
1408.1 0
1409.1 3
1410.11 2
1411.11 0
1412.12 0
1413.12 6
1414.12 3
1415.13 7
1416.13 0
1417.14 0
1418.14 1
1419.14 1
1420.15 2
1421.15 2
1422.16 7
1423.16 2
1424.16 0
1425.17 0
1426.17 0
1427.18 0
1428.18 7
1429.18 3
1430.19 0
1431.19 1
1432.2 0
1433.2 0
1434.21 7
1435.21 15
1436.21 2
1437.22 0
1438.22 0
1439.23 0
1440.23 0
1441.23 3
1442.24 2
1443.25 1
1444.25 6
1445.25 3
1446.26 8
1447.26 0
1448.26 1
1449.28 1
1450.28 3
1451.28 11
1452.29 16
1453.3 0
1454.3 0
1455.3 1
1456.31 0
1457.31 1
1458.32 1
1459.32 5
1460.32 2
1461.33 8
1462.34 2
1463.35 1
1464.35 1
1465.36 1
1466.36 9
1467.36 4
1468.37 0
1469.37 1
1470.38 1
1471.38 0
1472.4 2
1473.4 3
1474.41 11
1475.42 4
1476.42 0
1477.43 1
1478.43 0
1479.43 7
1480.44 3
1481.44 0
1482.45 1
1483.45 8
1484.45 3
1485.46 0
1486.46 1
1487.47 1
1488.47 1
1489.47 6
1490.48 14
1491.48 3
1492.49 0
1493.49 0
1494.49 0
1495.5 0
1496.5 5
1497.51 4
1498.52 5
1499.52 0
1500.53 0
1501.53 3
1502.53 3
1503.54 5
1504.54 1
1505.55 0
1506.55 1
1507.55 0
1508.56 0
1509.56 4
1510.57 3
1511.57 5
1512.57 1
1513.58 0
1514.58 1
1515.59 0
1516.59 3
1517.59 2
1518.6 2
1519.6 9
1520.61 3
1521.61 0
1522.61 1
1523.62 0
1524.62 0
1525.63 7
1526.63 13
1527.63 4
1528.64 0
1529.64 0
1530.65 0
1531.65 0
1532.66 3
1533.66 2
1534.67 7
1535.67 3
1536.67 0
1537.68 0
1538.68 0
1539.69 0
1540.69 6
1541.69 4
1542.7 5
1543.7 0
1544.71 0
1545.71 0
1546.72 4
1547.72 2
1548.72 0
1549.73 0
1550.73 7
1551.74 14
1552.74 2
1553.74 0
1554.75 0
1555.75 0
1556.75 0
1557.76 2
1558.76 1
1559.76 1
1560.77 2
1561.77 7
1562.78 14
1563.78 4
1564.79 0
1565.79 0
1566.79 1
1567.8 1
1568.8 0
1569.81 1
1570.81 8
1571.81 3
1572.82 0
1573.82 1
1574.83 0
1575.83 1
1576.84 6
1577.84 13
1578.85 3
1579.85 0
1580.85 0
1581.86 1
1582.86 0
1583.87 1
1584.87 1
1585.87 1
1586.88 5
1587.88 13
1588.89 4
1589.89 0
1590.89 1
1591.9 0
1592.9 1
1593.92 1
1594.92 3
1595.92 1
1596.93 1
1597.93 6
1598.93 3
1599.94 10
1600.94 3
1601.95 0
1602.95 0
1603.96 3
1604.96 2
1605.96 0
1606.97 0
1607.97 5
1608.98 13
1609.98 4
1610.98 0
1611.99 2
1612.99 0
1614 3
1615 11
1616 4
1617.01 0
1618.01 1
1619.02 0
1620.02 1
1621.02 1
1622.04 6
1623.04 3
1624.04 1
1625.05 1
1626.05 9
1627.05 16
1628.06 2
1629.06 0
1630.07 0
1631.07 0
1632.08 0
1633.08 0
1634.08 5
1635.09 13
1636.09 20
1637.1 6
1638.11 0
1639.11 0
1640.12 1
1641.12 0
1642.12 1
1643.13 0
1644.13 1
1645.14 7
1646.14 15
1647.14 6
1648.15 0
1649.15 0
1650.16 1
1651.16 1
1652.16 1
1653.17 1
1654.17 2
1655.18 11
1656.18 18
1657.18 7
1658.19 1
1659.19 0
1660.2 0
1661.2 1
1662.2 0
1663.21 1
1664.21 0
1665.22 1
1666.22 1
1667.24 2
1668.24 2
1669.24 3
1670.25 10
1671.25 5
1672.26 5
1673.26 0
1674.26 0
1675.27 0
1676.27 0
1677.28 3
1678.28 2
1679.28 4
1680.29 0
1681.29 1
1682.3 0
1683.3 0
1684.3 3
1685.31 3
1686.32 3
1687.32 1
1688.32 1
1689.33 2
1690.33 2
1691.34 5
1692.34 2
1693.34 1
1694.35 1
1695.35 7
1696.36 14
1697.36 0
1698.37 0
1699.37 0
1700.38 0
1701.38 3
1702.38 2
1703.39 0
1704.39 0
1705.4 0
1706.4 5
1707.4 13
1708.41 5
1709.41 0
1710.42 1
1711.42 0
1712.42 1
1713.43 8
1714.43 3
1715.44 0
1716.44 1
1717.44 1
1718.45 7
1719.45 3
1720.46 0
1721.46 0
1722.46 0
1723.47 0
1724.47 5
1725.48 12
1726.48 4
1727.48 0
1728.49 0
1729.49 1
1730.5 1
1731.5 0
1732.5 1
1733.51 4
1734.51 12
1735.52 4
1736.52 0
1737.52 0
1738.53 2
1739.53 1
1740.54 2
1741.54 2
1742.54 1
1743.55 3
1744.55 1
1745.56 3
1746.56 10
1747.56 18
1748.57 4
1749.57 0
1750.58 0
1751.58 0
1752.58 0
1753.59 0
1754.61 4
1755.61 1
1756.61 2
1757.62 9
1758.62 4
1759.62 0
1760.63 0
1761.63 0
1762.64 5
1763.64 3
1764.64 0
1765.65 0
1766.65 3
1767.66 3
1768.66 0
1769.66 0
1770.67 4
1771.67 2
1772.68 0
1773.68 0
1774.69 0
1775.69 4
1776.69 11
1777.7 2
1778.7 0
1779.71 1
1780.71 1
1781.72 1
1782.72 1
1783.73 1
1784.73 7
1785.73 15
1786.74 5
1787.74 0
1788.75 0
1789.75 1
1790.76 1
1791.76 0
1792.78 2
1793.78 2
1794.79 1
1795.79 8
1796.79 4
1797.8 0
1798.8 0
1799.81 0
1800.82 3
1801.82 2
1802.82 1
1803.83 0
1804.83 0
1805.83 6
1806.84 13
1807.84 4
1808.85 0
1809.85 0
