# timestamp	command count (MB)\n
-287.866 0
-283.125 0
-281.587 0
-276.854 0
-275.851 0
-274.801 0
-273.773 0
-272.77 0
-271.567 0
-270.477 0
-269.386 0
-266.576 0
-265.566 0
-264.56 0
-261.168 0
-260.169 0
-259.16 0
-258.086 0
-257.083 0
-252.591 0
-251.579 0
-250.577 0
-249.578 0
-246.602 0
-245.596 0
-244.591 0
-241.927 0
-240.911 0
-239.372 0
-238.374 0
-237.241 0
-234.641 0
-233.616 0
-230.619 0
-229.608 0
-228.609 0
-227.574 0
-226.573 0
-224.445 0
-223.446 0
-221.86 0
-220.856 0
-217.153 0
-216.148 0
-215.133 0
-214.129 0
-210.911 0
-209.907 0
-208.896 0
-207.892 0
-206.867 0
-202.717 0
-201.711 0
-200.703 0
-199.2 0
-198.195 0
-197.17 0
-196.165 0
-195.08 0
-193.93 0
-192.454 0
-189.519 0
-188.51 0
-187.506 0
-186.503 0
-185.499 0
-183.809 0
-181.228 0
-180.227 0
-179.223 0
-178.176 0
-177.174 0
-175.368 0
-170.699 0
-169.694 0
-168.688 0
-167.684 0
-166.243 0
-164.453 0
-162.74 0
-161.672 0
-160.67 0
-159.664 0
-158.62 0
-157.539 0
-156.533 0
-155.529 0
-153.831 0
-151.923 0
-150.28 0
-148.534 0
-143.831 0
-142.829 0
-140.673 0
-139.656 0
-136.892 0
-135.883 0
-134.864 0
-133.86 0
-132.654 0
-128.394 0
-127.391 0
-126.387 0
-125.378 0
-124.376 0
-123.126 0
-120.209 0
-119.201 0
-117.697 0
-116.608 0
-114.961 0
-113.96 0
-112.934 0
-111.57 0
-106.559 0
-105.552 0
-104.54 0
-101.542 0
-100.525 0
-99.5206 0
-98.5192 0
-97.5076 0
-95.7492 0
-93.4595 0
-92.4592 0
-91.43 0
-90.3752 0
-89.2 0
-85.0359 0
-84.03 0
-83.0246 0
-82.0244 0
-81.0242 0
-79.3277 0
-77.927 0
-76.6084 0
-73.7383 0
-69.8745 0
-68.8566 0
-67.8506 0
-66.8448 0
-65.8451 0
-64.7099 0
-63.573 0
-62.5316 0
-60.9436 0
-58.7559 0
-56.5416 0
-55.5453 0
-54.2977 0
-49.7909 0
-48.7926 0
-47.7921 0
-46.5275 0
-45.5281 0
-44.219 0
-42.4766 0
-40.4856 0
-38.0763 0
-37.0716 0
-35.617 0
-34.6176 0
-33.1637 0
-30.5451 0
-29.5255 0
-28.4871 0
-27.3226 0
-26.3249 0
-25.1201 0
-23.9038 0
-22.4478 0
-19.5983 0
-18.6018 0
-17.6018 0
-16.6013 0
-12.7665 0
-11.7668 0
-10.7166 0
-9.71185 0
-8.71381 0
-7.71331 0
-6.71382 0
-5.71383 0
-3.82145 0
-2.82115 0
-1.8213 0
-0.820995 0
0.178177 0
1.17819 0
2.17877 0
3.17817 0
4.17816 0
5.17815 0
6.17828 0
7.17815 0
8.17814 0
9.17819 0
10.1782 0
11.1821 0
12.1821 0
13.1862 0
14.1902 0
15.1941 0
16.1982 0
17.2021 0
18.2061 0
19.2102 0
20.2142 0
21.2182 0
22.2222 0
23.2261 0
24.2301 0
25.2343 0
26.2382 0
27.2422 0
28.2462 0
29.2502 0
30.2542 0
31.2582 0
32.2622 0
33.2662 0
34.2702 0
35.2743 0
36.2782 0
37.2822 0
38.2862 0
39.2902 0
40.2942 0
41.2982 0
42.3022 0
43.3062 0
44.3102 0
45.3142 0
46.3303 0
47.3342 0
48.3382 0
49.3422 0
50.3462 0
51.3502 0
52.3542 0
53.3582 0
54.3623 0
55.3662 0
56.3703 0
57.3743 0
58.3783 0
59.3823 0
60.3863 0
61.3903 0
62.3943 0
63.3983 0
64.4023 0
65.4063 0
66.4103 0
67.4144 0
68.4183 0
69.4223 0
70.4263 0
71.4303 0
72.4343 0
73.4383 0
74.4423 0
75.4463 0
76.4504 0
77.4544 0
78.4584 0
79.4624 2
80.4664 2
81.4704 2
82.4744 3
83.4784 3
84.4824 4
85.4864 4
86.4904 5
87.4945 7
88.4984 8
89.5025 10
90.5065 16
91.5105 19
92.5145 28
93.5185 41
94.5225 67
95.5265 90
96.5308 65
97.5345 113
98.5385 139
99.5425 140
100.547 112
101.554 142
102.555 140
103.559 124
104.563 128
105.567 133
106.571 131
107.575 134
108.579 129
109.583 117
110.587 122
111.591 104
112.595 118
113.599 121
114.611 122
115.615 133
116.619 127
117.623 137
118.627 138
119.631 129
120.655 126
121.659 131
122.664 123
123.667 108
124.671 118
125.675 127
126.679 124
127.683 108
128.687 116
129.691 135
130.695 114
131.699 129
132.703 128
133.707 129
134.711 119
135.715 126
136.719 123
137.723 119
138.727 129
139.731 128
140.735 128
141.739 113
142.743 132
143.747 128
144.751 116
145.755 137
146.759 123
147.763 121
148.767 126
149.771 116
150.775 124
151.779 116
152.783 134
153.787 116
154.791 123
155.795 131
156.799 123
157.803 126
158.807 130
159.812 138
160.815 107
161.819 134
162.825 130
163.827 111
164.831 129
165.835 118
166.839 118
167.843 133
168.847 116
169.851 107
170.855 142
171.859 106
172.864 125
173.868 137
174.872 113
175.876 114
176.88 132
177.884 115
178.888 121
179.892 128
180.896 130
181.9 126
182.904 112
183.908 143
184.912 126
185.916 119
186.92 127
187.924 129
188.928 129
189.932 114
190.936 144
191.94 136
192.945 121
193.949 129
194.953 120
195.957 139
196.961 104
197.972 139
198.973 125
199.977 127
200.981 126
201.985 125
202.989 143
203.993 125
204.997 140
206.001 126
207.005 123
208.009 122
209.013 130
210.017 123
211.021 131
212.025 117
213.029 119
214.033 135
215.038 143
216.042 129
217.046 135
218.05 113
219.054 140
220.058 125
221.062 127
222.066 133
223.07 128
224.074 147
225.078 130
226.082 134
227.086 133
228.09 147
229.094 119
230.094 137
231.098 129
232.102 144
233.106 134
234.11 139
235.114 135
236.118 148
237.122 123
238.126 140
239.131 137
240.134 126
241.142 146
242.143 140
243.147 149
244.151 137
245.155 155
246.159 112
247.163 129
248.167 154
249.171 130
250.175 145
251.179 121
252.183 132
253.187 152
254.191 135
255.195 143
256.199 141
257.203 156
258.207 117
259.211 137
260.215 141
261.219 166
262.223 161
263.227 120
264.232 164
265.235 137
266.239 138
267.25 172
268.252 138
269.256 124
270.26 163
271.264 152
272.268 148
273.272 156
274.276 140
275.28 149
276.284 141
277.288 154
278.292 149
279.296 143
280.3 144
281.304 153
282.308 154
283.312 136
284.316 155
285.32 149
286.324 164
287.328 147
288.332 141
289.336 165
290.34 161
291.344 158
292.348 153
293.354 154
294.356 149
295.36 149
296.37 155
297.372 171
298.376 184
299.38 170
300.384 145
301.388 162
302.392 168
303.396 162
304.401 151
305.405 155
306.409 147
307.413 192
308.417 134
309.421 157
310.425 171
311.429 126
312.433 159
313.437 164
314.441 183
315.445 139
316.449 166
317.453 155
318.457 157
319.461 173
320.465 158
321.469 163
322.473 171
323.477 196
324.481 183
325.485 163
326.489 166
327.493 180
328.497 192
329.501 140
330.505 172
331.509 179
332.513 174
333.517 161
334.521 166
335.525 158
336.529 184
337.533 193
338.537 152
339.541 166
340.545 184
341.55 166
342.554 175
343.558 159
344.562 190
345.566 173
346.57 159
347.574 187
348.578 196
349.582 168
350.586 177
351.59 176
352.594 185
353.598 176
354.602 179
355.606 176
356.61 165
357.614 198
358.618 184
359.622 170
360.626 179
361.63 189
362.634 189
363.638 168
364.642 189
365.642 180
366.646 195
367.65 196
368.654 184
369.658 196
370.662 174
371.666 175
372.67 205
373.674 206
374.678 169
375.682 173
376.686 208
377.69 168
378.694 202
379.698 188
380.702 190
381.706 203
382.71 190
383.714 183
384.719 208
385.723 194
386.727 214
387.731 230
388.735 165
389.739 232
390.743 194
391.747 190
392.751 225
393.755 223
394.759 213
395.763 221
396.767 174
397.771 202
398.775 230
399.779 191
400.783 239
401.787 212
402.791 200
403.795 200
404.799 207
405.803 234
406.807 216
407.811 217
408.815 220
409.819 219
410.823 209
411.827 259
412.831 173
413.835 215
414.839 224
415.843 263
416.847 218
417.851 224
418.855 233
419.861 217
420.863 250
421.867 192
422.871 221
423.875 245
424.879 195
425.883 261
426.887 237
427.891 250
428.895 263
429.899 240
430.903 276
431.907 261
432.912 257
433.915 319
434.92 292
435.924 552
436.928 170
437.932 259
438.936 296
439.94 504
440.944 284
441.957 299
442.96 302
443.964 293
444.968 321
445.972 888
446.976 55
447.98 124
448.984 295
449.988 233
450.994 391
451.996 796
453 107
454.004 151
455.008 240
456.012 293
457.032 268
458.036 594
459.041 797
460.044 644
461.048 148
462.06 23
463.06 83
464.064 239
465.068 244
466.072 237
467.076 283
468.08 249
469.085 341
470.088 354
471.092 821
472.096 47
473.1 200
474.104 260
475.109 279
476.113 706
477.116 487
478.121 80
479.124 211
480.128 206
481.132 286
482.136 521
483.141 922
484.144 515
485.152 16
486.157 72
487.161 221
488.165 201
489.168 269
490.173 255
491.177 313
492.181 312
493.185 533
494.189 154
495.193 318
496.197 301
497.201 740
498.205 732
499.209 23
500.213 83
501.22 276
502.221 235
503.225 263
504.229 398
505.233 288
506.237 396
507.241 611
508.245 91
509.249 255
510.253 313
511.257 424
512.261 391
513.265 379
514.269 563
515.273 109
516.277 264
517.281 302
518.285 348
519.289 388
520.293 785
521.297 855
522.301 439
523.305 9
524.309 36
525.313 152
526.317 274
527.321 162
528.325 253
529.329 197
530.333 404
531.337 245
532.341 472
533.345 819
534.349 159
535.353 60
536.357 222
537.361 234
538.365 233
539.369 457
540.373 245
541.378 633
542.381 194
543.385 246
544.39 503
545.393 369
546.397 201
547.401 273
548.405 517
549.41 124
550.414 261
551.418 531
552.422 154
553.427 395
554.43 362
555.434 264
556.438 385
557.442 260
558.446 731
559.45 337
560.454 91
561.458 294
562.462 228
563.466 639
564.47 442
565.474 78
566.478 278
567.482 228
568.486 471
569.49 894
570.494 274
571.498 42
572.502 147
573.506 234
574.51 245
575.514 260
576.518 376
577.522 369
578.526 412
579.53 510
580.534 120
581.538 248
582.542 319
583.542 544
584.546 176
585.55 469
586.554 194
587.559 548
588.562 672
589.566 55
590.57 214
591.574 242
592.578 270
593.582 343
594.586 801
595.59 159
596.594 192
597.598 539
598.602 178
599.606 327
600.61 318
601.614 361
602.619 324
603.622 420
604.626 470
605.631 402
606.635 359
607.638 317
608.643 438
609.647 319
610.651 294
611.655 628
612.659 162
613.663 471
614.667 262
615.671 460
616.675 269
617.679 334
618.683 484
619.687 217
620.691 533
621.695 263
622.699 348
623.703 387
624.707 284
625.711 526
626.715 217
627.719 582
628.723 460
629.727 136
630.731 247
631.735 282
632.739 650
633.743 158
634.747 308
635.751 531
636.755 420
637.759 199
638.763 296
639.767 408
640.771 263
641.775 663
642.779 278
643.783 230
644.787 301
645.791 462
646.795 268
647.799 382
648.803 668
649.807 159
650.811 425
651.815 423
652.819 270
653.823 298
654.827 868
655.832 1033
656.835 128
657.839 42
658.843 183
659.847 236
660.851 217
661.855 376
662.859 373
663.863 580
664.867 968
665.871 502
666.881 43
667.883 167
668.887 271
669.891 208
670.896 483
671.9 294
672.903 454
673.908 483
674.911 320
675.915 590
676.92 341
677.924 391
678.934 660
679.944 213
680.948 461
681.952 521
682.957 278
683.96 606
684.964 226
685.968 686
686.972 426
687.976 195
688.98 773
689.984 121
690.988 436
691.992 328
692.996 451
694 550
695.004 406
696.016 527
697.02 362
698.024 317
699.033 781
700.036 158
701.04 570
702.044 436
703.048 252
704.052 464
705.056 610
706.066 249
707.068 432
708.072 456
709.076 288
710.08 748
711.084 186
712.088 652
713.092 452
714.096 268
715.1 310
716.104 917
717.108 327
718.112 272
719.116 250
720.12 534
721.124 921
722.128 175
723.132 211
724.136 451
725.14 360
726.144 365
727.148 518
728.152 601
729.156 351
730.16 272
731.164 759
732.168 172
733.172 500
734.176 342
735.18 387
736.184 727
737.188 192
738.192 659
739.196 452
740.2 204
741.204 359
742.209 872
743.212 454
744.216 130
745.22 286
746.224 238
747.228 920
748.244 174
749.256 274
750.261 505
751.264 1025
752.268 455
753.272 67
754.288 262
755.292 205
756.296 404
757.3 411
758.304 297
759.308 416
760.312 885
761.317 1004
762.32 49
763.324 131
764.328 237
765.332 260
766.336 875
767.34 136
768.344 234
769.348 245
770.352 636
771.357 589
772.366 832
773.368 37
774.372 199
775.382 238
776.384 321
777.389 635
778.393 511
779.396 804
780.4 63
781.404 261
782.408 358
783.413 290
784.416 780
785.421 549
786.425 129
787.429 253
788.432 314
789.437 558
790.441 542
791.445 1046
792.449 232
793.453 81
794.457 269
795.461 231
796.465 439
797.469 439
798.473 1087
799.478 47
800.486 211
801.489 210
802.493 395
803.497 400
804.501 554
805.505 354
806.509 618
807.513 145
808.517 253
809.521 395
810.525 833
811.529 234
812.533 234
813.537 428
814.541 1034
815.545 450
816.549 72
817.553 277
818.557 199
819.561 289
820.565 757
821.569 167
822.573 272
823.577 418
824.581 964
825.598 114
826.601 240
827.605 263
828.609 553
829.613 1097
830.617 402
831.621 409
832.625 82
833.629 256
834.633 191
835.637 260
836.641 251
837.645 1009
838.649 286
839.653 120
840.657 264
841.662 292
842.665 492
843.669 277
844.673 850
845.677 197
846.681 285
847.685 320
848.689 977
849.693 763
850.697 36
851.701 194
852.705 239
853.71 247
854.714 392
855.717 1099
856.722 321
857.725 84
858.741 263
859.741 245
860.745 463
861.749 453
862.753 205
863.757 291
864.761 879
865.765 454
866.769 150
867.773 260
868.777 272
869.781 921
870.785 410
871.789 153
872.793 268
873.797 241
874.801 510
875.805 712
876.809 229
877.814 289
878.818 288
879.821 670
880.826 403
881.832 219
882.833 642
883.838 943
884.852 259
885.854 129
886.858 257
887.862 250
888.866 653
889.87 192
890.874 374
891.878 473
892.882 623
893.886 193
894.89 316
895.894 802
896.899 271
897.902 315
898.906 333
899.91 844
900.914 255
901.918 231
902.922 261
903.926 414
904.93 375
905.934 887
906.938 891
907.942 106
908.946 136
909.95 229
910.954 273
911.958 639
912.962 380
913.966 199
914.97 254
915.974 386
916.978 1042
917.982 731
918.986 174
919.99 117
920.994 259
921.998 227
923.002 265
924.006 393
925.01 1043
926.014 756
927.018 46
928.023 96
929.026 266
930.044 212
931.046 291
932.05 334
933.054 381
934.058 890
935.059 840
936.062 225
937.066 64
938.07 243
939.074 195
940.078 278
941.082 303
942.086 761
943.09 134
944.094 274
945.1 576
946.102 920
947.106 52
948.11 218
949.114 368
950.119 374
951.123 424
952.126 1016
953.13 643
954.134 75
955.138 100
956.142 249
957.146 208
958.15 288
959.154 893
960.159 676
961.162 33
962.166 138
963.17 262
964.175 176
965.179 306
966.183 844
967.186 325
968.19 138
969.194 249
970.199 252
971.203 542
972.207 522
973.211 568
974.215 161
975.219 274
976.223 625
977.227 300
978.231 293
979.235 378
980.239 575
981.247 418
982.247 350
983.251 261
984.255 500
985.259 616
986.263 659
987.267 92
988.271 244
989.287 448
990.291 368
991.295 385
992.302 946
993.303 192
994.307 192
995.315 296
996.319 367
997.329 956
998.331 56
999.335 246
1000.34 234
1001.34 783
1002.35 637
1003.35 90
1004.35 277
1005.36 226
1006.36 622
1007.37 475
1008.37 460
1009.38 199
1010.38 286
1011.38 415
1012.39 726
1013.39 845
1014.4 44
1015.4 177
1016.4 239
1017.41 301
1018.41 868
1019.42 879
1020.42 26
1021.42 141
1022.43 216
1023.43 259
1024.44 601
1025.44 221
1026.44 331
1027.45 586
1028.45 275
1029.46 658
1030.46 593
1031.46 130
1032.47 251
1033.47 579
1034.48 269
1035.48 420
1036.48 357
1037.51 540
1038.51 299
1039.52 670
1040.52 168
1041.52 474
1042.53 409
1043.53 246
1044.54 752
1045.54 128
1046.55 376
1047.55 472
1048.56 296
1049.56 689
1050.56 300
1051.57 373
1052.57 236
1053.58 779
1054.58 737
1055.58 61
1056.59 239
1057.59 225
1058.6 349
1059.6 1002
1060.6 404
1061.61 99
1062.61 255
1063.62 262
1064.62 322
1065.62 1076
1066.63 175
1067.63 140
1068.64 288
1069.64 244
1070.64 412
1071.65 780
1072.65 294
1073.66 194
1074.66 337
1075.66 712
1076.67 145
1077.67 305
1078.68 517
1079.68 679
1080.68 119
1081.69 235
1082.69 562
1083.7 520
1084.7 166
1085.7 273
1086.71 647
1087.71 276
1088.72 316
1089.72 364
1090.73 897
1091.74 857
1092.74 63
1093.75 108
1094.75 243
1095.75 260
1096.76 313
1097.76 769
1098.76 241
1099.77 415
1100.77 220
1101.78 546
1102.78 231
1103.79 502
1104.8 1048
1105.8 448
1106.8 67
1107.81 171
1108.81 319
1109.82 325
1110.82 309
1111.82 460
1112.83 270
1113.83 683
1114.84 862
1115.85 67
1116.86 164
1117.86 340
1118.86 291
1119.87 484
1120.87 700
1121.88 332
1122.88 168
1123.88 285
1124.89 290
1125.89 888
1126.9 151
1127.9 267
1128.91 365
1129.91 654
1130.91 339
1131.92 230
1132.92 319
1133.92 737
1134.93 244
1135.93 253
1136.94 445
1137.94 988
1138.94 637
1139.95 37
1140.95 143
1141.96 291
1142.96 234
1143.97 280
1144.97 984
1145.97 188
1146.98 155
1147.98 250
1148.98 261
1150 846
1151 200
1152 287
1153 249
1154.01 816
1155.01 882
1156.02 32
1157.02 108
1158.02 214
1159.03 246
1160.03 557
1161.05 231
1162.05 419
1163.06 1066
1164.06 216
1165.06 95
1166.07 281
1167.07 246
1168.08 340
1169.08 1012
1170.09 538
1171.09 44
1172.09 160
1173.1 231
1174.1 230
1175.11 280
1176.11 887
1177.11 285
1178.12 188
1179.12 243
1180.13 355
1181.13 881
1182.15 867
1183.16 34
1184.17 104
1185.17 215
1186.17 278
1187.18 455
1188.18 584
1189.19 191
1190.19 260
1191.19 765
1192.2 423
1193.2 176
1194.21 239
1195.21 466
1196.21 484
1197.22 1028
1198.22 541
1199.23 104
1200.23 87
1201.23 267
1202.24 209
1203.24 228
1204.25 300
1205.25 575
1206.25 543
1207.26 372
1208.26 189
1209.27 265
1210.27 655
1211.27 1080
1212.28 148
1213.28 64
1214.29 203
1215.29 249
1216.29 231
1217.3 409
1218.3 602
1219.31 210
1220.31 233
1221.31 673
1222.32 1117
1223.32 458
1224.33 168
1225.33 74
1226.33 237
1227.34 251
1228.34 209
1229.35 277
1230.35 583
1231.35 412
1232.36 372
1233.36 299
1234.37 844
1235.37 463
1236.37 134
1237.38 223
1238.38 383
1239.39 635
1240.39 320
1241.39 441
1242.4 234
1243.4 662
1244.41 545
1245.41 127
1246.41 262
1247.42 587
1248.42 342
1249.43 269
1250.43 332
1251.43 997
1252.44 523
1253.44 88
1254.45 230
1255.45 229
1256.45 283
1257.46 1026
1258.47 844
1259.47 29
1260.47 76
1261.48 231
1262.48 260
1263.49 241
1264.49 783
1265.49 220
1266.5 923
1267.5 483
1268.51 60
1269.51 226
1270.51 224
1271.52 273
1272.52 373
1273.53 990
1274.53 242
1275.53 250
1276.54 215
1277.54 285
1278.55 1026
1279.55 869
1280.55 503
1281.56 25
1282.56 105
1283.57 226
1284.57 253
1285.57 278
1286.58 269
1287.58 717
1288.59 1238
1289.59 278
1290.59 27
1291.6 100
1292.6 250
1293.61 204
1294.61 254
1295.61 233
1296.62 914
1297.62 211
1298.63 941
1299.63 194
1300.63 107
1301.64 308
1302.64 165
1303.65 404
1304.65 1085
1305.65 389
1306.66 76
1307.66 234
1308.67 252
1309.67 269
1310.67 849
1311.68 434
1312.68 148
1313.69 233
1314.69 314
1315.7 886
1316.7 528
1317.7 83
1318.71 199
1319.71 258
1320.71 403
1321.72 743
1322.74 878
1323.74 42
1324.74 162
1325.75 292
1326.75 284
1327.76 667
1328.76 456
1329.76 186
1330.77 334
1331.77 864
1332.78 955
1333.78 27
1334.78 130
1335.79 246
1336.79 294
1337.8 632
1338.8 274
1339.8 1002
1340.81 313
1341.81 78
1342.82 285
1343.82 235
1344.82 291
1345.83 1075
1346.83 388
1347.84 101
1348.84 232
1349.84 248
1350.85 248
1351.85 866
1352.86 884
1353.86 65
1354.86 116
1355.87 339
1356.87 162
1357.88 693
1358.89 1102
1359.89 492
1360.9 45
1361.9 126
1362.9 294
1363.91 240
1364.91 246
1365.92 378
1366.92 1067
1367.92 648
1368.93 39
1369.93 94
1370.94 255
1371.94 259
1372.94 288
1373.95 905
1374.95 1042
1375.96 0
1376.96 836
1377.96 29
1378.97 150
1379.97 250
1380.98 245
1381.98 242
1382.98 292
1383.99 851
1385.01 156
1386.01 251
1387.02 288
1388.02 531
1389.02 854
1390.03 839
1391.03 479
1392.04 27
1393.04 114
1394.04 265
1395.05 250
1396.05 213
1397.06 595
1398.06 296
1399.06 607
1400.07 466
1401.07 272
1402.08 243
1403.08 267
1404.08 907
1405.09 710
1406.09 83
1407.1 191
1408.1 292
1409.1 483
1410.11 535
1411.11 236
1412.12 206
1413.12 812
1414.12 383
1415.13 591
1416.13 501
1417.14 111
1418.14 274
1419.14 232
1420.15 395
1421.15 529
1422.16 787
1423.16 837
1424.16 30
1425.17 195
1426.17 226
1427.18 246
1428.18 985
1429.18 538
1430.19 87
1431.19 218
1432.2 258
1433.2 291
1434.21 967
1435.21 937
1436.21 424
1437.22 42
1438.22 147
1439.23 246
1440.23 296
1441.23 444
1442.24 310
1443.25 394
1444.25 797
1445.25 274
1446.26 756
1447.26 69
1448.26 251
1449.28 244
1450.28 573
1451.28 1136
1452.29 334
1453.3 470
1454.3 88
1455.3 244
1456.31 223
1457.31 252
1458.32 416
1459.32 706
1460.32 296
1461.33 836
1462.34 131
1463.35 233
1464.35 267
1465.36 353
1466.36 1130
1467.36 240
1468.37 151
1469.37 265
1470.38 601
1471.38 180
1472.4 349
1473.4 465
1474.41 1189
1475.42 103
1476.42 137
1477.43 286
1478.43 232
1479.43 994
1480.44 139
1481.44 210
1482.45 277
1483.45 1075
1484.45 251
1485.46 108
1486.46 271
1487.47 273
1488.47 426
1489.47 731
1490.48 1111
1491.48 37
1492.49 57
1493.49 224
1494.49 246
1495.5 267
1496.5 744
1497.51 772
1498.52 182
1499.52 103
1500.53 295
1501.53 472
1502.53 714
1503.54 359
1504.54 719
1505.55 92
1506.55 265
1507.55 410
1508.56 246
1509.56 665
1510.57 739
1511.57 198
1512.57 483
1513.58 131
1514.58 281
1515.59 531
1516.59 410
1517.59 313
1518.6 413
1519.6 1117
1520.61 621
1521.61 48
1522.61 216
1523.62 243
1524.62 259
1525.63 931
1526.63 993
1527.63 24
1528.64 66
1529.64 240
1530.65 236
1531.65 380
1532.66 495
1533.66 411
1534.67 807
1535.67 595
1536.67 63
1537.68 152
1538.68 243
1539.69 276
1540.69 825
1541.69 907
1542.7 63
1543.7 109
1544.71 275
1545.71 218
1546.72 568
1547.72 372
1548.72 304
1549.73 318
1550.73 932
1551.74 986
1552.74 316
1553.74 38
1554.75 168
1555.75 237
1556.75 338
1557.76 362
1558.76 399
1559.76 277
1560.77 682
1561.77 694
1562.78 986
1563.78 224
1564.79 386
1565.79 82
1566.79 251
1567.8 217
1568.8 240
1569.81 319
1570.81 1010
1571.81 229
1572.82 132
1573.82 212
1574.83 266
1575.83 619
1576.84 617
1577.84 1124
1578.85 206
1579.85 391
1580.85 65
1581.86 227
1582.86 208
1583.87 279
1584.87 282
1585.87 476
1586.88 678
1587.88 1114
1588.89 35
1589.89 81
1590.89 252
1591.9 200
1592.9 263
1593.92 614
1594.92 284
1595.92 367
1596.93 389
1597.93 727
1598.93 265
1599.94 1021
1600.94 61
1601.95 176
1602.95 257
1603.96 496
1604.96 535
1605.96 216
1606.97 235
1607.97 721
1608.98 1151
1609.98 23
1610.98 75
1611.99 327
1612.99 229
1614 523
1615 1107
1616 162
1617.01 104
1618.01 257
1619.02 227
1620.02 271
1621.02 531
1622.04 772
1623.04 257
1624.04 244
1625.05 289
1626.05 1067
1627.05 731
1628.06 424
1629.06 57
1630.07 204
1631.07 225
1632.08 346
1633.08 212
1634.08 771
1635.09 1124
1636.09 115
1637.1 907
1638.11 19
1639.11 98
1640.12 218
1641.12 238
1642.12 271
1643.13 237
1644.13 293
1645.14 950
1646.14 919
1647.14 396
1648.15 39
1649.15 106
1650.16 244
1651.16 230
1652.16 230
1653.17 292
1654.17 472
1655.18 1204
1656.18 413
1657.18 228
1658.19 924
1659.19 20
1660.2 103
1661.2 257
1662.2 198
1663.21 248
1664.21 243
1665.22 274
1666.22 742
1667.24 203
1668.24 294
1669.24 475
1670.25 1117
1671.25 571
1672.26 57
1673.26 63
1674.26 221
1675.27 235
1676.27 325
1677.28 503
1678.28 721
1679.28 250
1680.29 307
1681.29 252
1682.3 433
1683.3 485
1684.3 447
1685.31 908
1686.32 81
1687.32 269
1688.32 268
1689.33 391
1690.33 593
1691.34 466
1692.34 265
1693.34 279
1694.35 416
1695.35 952
1696.36 910
1697.36 61
1698.37 128
1699.37 223
1700.38 272
1701.38 540
1702.38 627
1703.39 129
1704.39 287
1705.4 310
1706.4 695
1707.4 1157
1708.41 57
1709.41 115
1710.42 272
1711.42 217
1712.42 291
1713.43 1060
1714.43 104
1715.44 185
1716.44 260
1717.44 435
1718.45 882
1719.45 581
1720.46 76
1721.46 192
1722.46 261
1723.47 372
1724.47 691
1725.48 1109
1726.48 334
1727.48 37
1728.49 153
1729.49 263
1730.5 275
1731.5 345
1732.5 655
1733.51 509
1734.51 1127
1735.52 345
1736.52 34
1737.52 138
1738.53 326
1739.53 223
1740.54 336
1741.54 396
1742.54 739
1743.55 214
1744.55 250
1745.56 446
1746.56 1071
1747.56 530
1748.57 644
1749.57 22
1750.58 144
1751.58 218
1752.58 207
1753.59 241
1754.61 562
1755.61 200
1756.61 385
1757.62 1063
1758.62 134
1759.62 222
1760.63 183
1761.63 277
1762.64 697
1763.64 524
1764.64 172
1765.65 211
1766.65 526
1767.66 760
1768.66 174
1769.66 165
1770.67 611
1771.67 504
1772.68 121
1773.68 279
1774.69 414
1775.69 545
1776.69 1031
1777.7 454
1778.7 53
1779.71 227
1780.71 258
1781.72 242
1782.72 355
1783.73 390
1784.73 990
1785.73 884
1786.74 194
1787.74 564
1788.75 59
1789.75 207
1790.76 263
1791.76 212
1792.78 311
1793.78 297
1794.79 364
1795.79 926
1796.79 514
1797.8 119
1798.8 135
1799.81 353
1800.82 466
1801.82 302
1802.82 652
1803.83 198
1804.83 253
1805.83 838
1806.84 1030
1807.84 383
1808.85 36
1809.85 146
