 3595
 3603
 3698
 3711
 3720
 3760
 3763
 3816
 3841
 3841
 3845
 3855
 3865
 3884
 3885
 3889
 3898
 3911
 3920
 3925
 3935
 3944
 3952
 3953
 3954
 3957
 3959
 3959
 3973
 3975
 3976
 3980
 3985
 3990
 3995
 3998
 4012
 4014
 4027
 4066
 4072
 4077
 4095
 4101
 4127
 4130
 4134
 4134
 4144
 4147
 4166
 4194
 4196
 4197
 4205
 4206
 4209
 4210
 4223
 4226
 4228
 4233
 4233
 4238
 4243
 4246
 4247
 4249
 4253
 4255
 4263
 4270
 4272
 4281
 4292
 4292
 4295
 4300
 4304
 4306
 4320
 4325
 4329
 4345
 4345
 4346
 4348
 4348
 4349
 4357
 4362
 4363
 4366
 4369
 4372
 4374
 4375
 4378
 4378
 4392
 4394
 4411
 4414
 4415
 4416
 4419
 4429
 4431
 4433
 4437
 4437
 4442
 4445
 4449
 4453
 4459
 4461
 4472
 4484
 4495
 4503
 4505
 4507
 4510
 4527
 4530
 4530
 4543
 4545
 4558
 4560
 4561
 4578
 4597
 4599
 4609
 4614
 4628
 4637
 4639
 4639
 4649
 4651
 4654
 4655
 4658
 4668
 4669
 4680
 4680
 4688
 4689
 4708
 4711
 4714
 4717
 4721
 4725
 4733
 4742
 4744
 4745
 4747
 4749
 4755
 4759
 4764
 4769
 4773
 4774
 4783
 4802
 4824
 4834
 4856
 4863
 4866
 4869
 4872
 4878
 4885
 4892
 4914
 4916
 4917
 4925
 4928
 4935
 4936
 4946
 4968
 4971
 4975
 4985
 4985
 4988
 5000
 5011
 5022
 5029
 5031
 5044
 5044
 5054
 5057
 5058
 5060
 5065
 5078
 5079
 5095
 5098
 5105
 5109
 5115
 5115
 5118
 5120
 5120
 5131
 5131
 5133
 5148
 5149
 5149
 5155
 5176
 5182
 5188
 5192
 5201
 5202
 5207
 5209
 5210
 5210
 5210
 5226
 5231
 5239
 5250
 5254
 5256
 5268
 5275
 5277
 5284
 5288
 5290
 5291
 5298
 5303
 5303
 5307
 5309
 5310
 5311
 5314
 5314
 5316
 5317
 5318
 5318
 5323
 5329
 5333
 5334
 5340
 5352
 5352
 5352
 5356
 5360
 5361
 5363
 5364
 5371
 5372
 5373
 5374
 5375
 5377
 5380
 5387
 5387
 5389
 5394
 5394
 5398
 5399
 5406
 5408
 5409
 5413
 5414
 5418
 5420
 5428
 5428
 5441
 5442
 5446
 5460
 5464
 5472
 5473
 5473
 5475
 5481
 5485
 5504
 5511
 5515
 5524
 5526
 5527
 5531
 5534
 5540
 5542
 5552
 5555
 5559
 5562
 5564
 5573
 5579
 5608
 5618
 5619
 5620
 5621
 5652
 5656
 5662
 5663
 5681
 5714
 5723
 5730
 5732
 5732
 5733
 5733
 5738
 5744
 5746
 5751
 5751
 5752
 5774
 5798
 5826
 5831
 5833
 5836
 5840
 5880
 5883
 5886
 5887
 5897
 5918
 5936
 5939
 5954
 5960
 5963
 6015
 6017
 6023
 6024
 6025
 6027
 6048
 6055
 6069
 6093
 6098
 6129
 6147
 6202
 6203
 6223
 6257
 6260
 6262
 6270
 6286
 6286
 6302
 6316
 6317
 6324
 6341
 6348
 6358
 6367
 6370
 6377
 6384
 6410
 6413
 6413
 6415
 6422
 6425
 6432
 6432
 6435
 6440
 6443
 6445
 6449
 6449
 6452
 6465
 6466
 6478
 6479
 6490
 6493
 6499
 6524
 6527
 6529
 6532
 6538
 6549
 6557
 6561
 6562
 6563
 6565
 6565
 6566
 6567
 6568
 6569
 6571
 6587
 6591
 6595
 6596
 6611
 6619
 6619
 6623
 6628
 6631
 6637
 6646
 6649
 6649
 6650
 6655
 6661
 6662
 6663
 6671
 6678
 6683
 6690
 6690
 6693
 6693
 6694
 6699
 6706
 6707
 6723
 6727
 6743
 6747
 6748
 6755
 6767
 6772
 6774
 6778
 6779
 6779
 6780
 6787
 6789
 6792
 6792
 6793
 6795
 6799
 6804
 6804
 6806
 6807
 6814
 6828
 6831
 6832
 6832
 6833
 6834
 6837
 6850
 6852
 6870
 6871
 6874
 6879
 6883
 6891
 6901
 6906
 6910
 6912
 6920
 6921
 6947
 6952
 6953
 6955
 6970
 6975
 7002
 7005
 7007
 7011
 7016
 7016
 7016
 7028
 7036
 7049
 7090
 7101
 7116
 7120
 7122
 7123
 7135
 7139
 7142
 7150
 7176
 7189
 7193
 7201
 7220
 7232
 7261
 7295
 7299
 7321
 7341
 7350
 7354
 7381
 7475
 7485
 7540
 7561
 7563
 7579
 7584
 7585
 7587
 7589
 7603
 7606
 7635
 7678
 7683
 7704
 7721
 7724
 7737
 7744
 7752
 7755
 7778
 7780
 7787
 7805
 7817
 7874
 7916
 7982
 7990
 7997
 8031
 8088
 8122
 8138
 8164
 8222
 8256
 8289
 8364
 8416
 8452
 8620
