# timestamp	utilization (%) \n
4.3512 0
9.44421 1
14.501 2
24.3667 4
29.7543 5
35.7923 7
41.2162 8
51.2477 10
56.9958 12
62.0618 13
67.8231 14
76.1688 16
83.541 17
89.6979 19
94.7315 20
100.643 21
105.777 22
112.618 24
118.403 25
123.631 26
130.309 27
138.184 29
145.185 31
151.806 32
158.356 34
164.341 35
170.627 36
176.373 37
181.632 39
187.779 40
193.678 41
200.193 42
205.743 43
213.008 44
220.263 46
225.601 47
231.887 49
238.864 50
246.257 52
252.375 53
258.476 54
263.557 55
268.812 56
274.605 58
279.725 59
284.883 60
290.053 61
297.343 62
305.188 64
310.527 65
316.366 66
321.563 67
328.46 68
334.237 68
340.19 68
345.413 67
350.594 67
355.817 67
361.548 66
367.575 66
373.392 65
379.289 65
385.298 65
391.635 65
397.344 64
402.574 64
409.021 63
414.625 63
419.736 63
425.425 62
432.241 62
438.478 61
443.703 61
449.028 61
454.592 60
460.094 60
465.305 59
470.998 59
476.075 58
481.605 58
487.792 57
493.486 57
499.118 57
505.557 56
510.782 56
516.739 55
522.479 55
528.274 54
533.438 54
539.16 53
544.828 53
550.642 52
556.129 52
561.828 51
567.08 51
572.724 50
579.009 50
584.614 49
589.849 49
594.966 49
601.055 48
606.748 48
611.958 48
617.37 48
623.441 48
629.133 48
634.374 47
640.134 47
645.813 47
651.153 47
656.853 47
662.936 47
668.793 47
674.648 46
679.906 46
685.876 46
691.846 46
697.244 45
702.621 45
708.357 45
714.034 45
719.881 45
725.172 45
730.826 45
736.466 44
741.909 44
747.203 44
752.696 44
758.404 44
764.265 44
769.479 43
775.015 43
780.724 43
786.234 43
791.243 43
796.929 43
802.743 43
808.491 43
813.927 43
819.627 43
825.104 43
830.238 42
837.74 42
844.688 42
851.371 43
856.977 42
862.41 42
868.164 42
873.484 42
879.572 42
885.003 42
890.958 42
896.031 42
901.066 41
906.895 41
912.703 41
918.422 41
923.695 41
929.514 41
934.882 41
940.562 41
946.542 41
951.831 41
958.051 41
963.364 41
968.911 41
974.062 41
979.879 41
985.058 41
991.369 41
997.528 40
1003.12 40
1008.7 40
1013.74 40
1019.45 40
1024.97 40
1030.65 40
1035.92 40
1040.98 40
1046.25 40
1051.8 40
1057.97 40
1063.07 40
1069.39 40
1075.7 40
1081.09 40
1087.02 40
1092.57 40
1098.3 40
1103.81 40
1109.33 40
1114.96 40
1120.67 40
1126.45 40
1131.9 40
1136.98 40
1142.37 40
1148.04 40
1153.67 39
1159.6 40
1165.24 40
1170.86 39
1176.46 39
1182.32 39
1187.84 39
1193.62 39
1199.03 39
