# timestamp	utilization (%) \n
5.20306 0
10.2027 0
15.6268 0
23.7911 0
30.0347 0
35.1509 0
41.2114 0
47.5587 0
53.7427 0
60.6605 0
66.1671 0
71.2112 0
78.4779 0
84.4833 0
91.1873 0
96.383 0
101.987 0
107.771 0
114.347 0
120.467 0
125.463 0
132.287 0
138.879 0
145.743 0
152.503 0
157.503 0
163.711 0
170.211 0
176.342 0
181.823 0
187.757 0
192.967 0
197.967 0
204.547 0
211.447 0
216.975 0
223.483 0
230.543 0
237.31 0
242.814 0
249.206 0
255.638 0
262.114 0
267.427 0
273.928 0
279.022 0
284.557 0
290.018 0
295.243 0
300.505 0
307.491 0
313.436 0
318.945 0
323.973 0
329.365 0
334.365 0
339.369 1
344.851 1
349.9 1
355.46 2
360.561 2
365.905 2
370.905 3
376.345 3
381.451 3
386.448 3
391.493 4
396.492 4
401.829 4
406.827 5
411.911 5
416.929 5
421.928 6
428.368 6
433.367 6
438.433 6
443.431 7
448.432 7
453.476 7
458.722 8
463.726 8
468.726 8
473.759 9
478.758 9
483.758 10
488.791 10
493.79 10
498.79 11
503.79 11
508.79 11
513.894 12
518.998 12
523.997 12
529.01 13
534.034 13
539.038 14
544.058 14
549.195 14
554.214 15
559.231 15
564.253 16
569.317 16
574.336 16
579.441 17
584.705 17
589.782 18
594.814 18
599.886 18
604.919 18
609.935 18
615.023 18
620.043 18
625.132 19
630.227 19
635.356 19
640.377 19
645.813 19
650.989 19
656.009 19
661.03 20
666.098 20
671.127 20
676.147 20
681.163 20
686.199 21
692.123 21
697.147 21
702.168 21
707.232 21
712.32 21
717.716 21
722.893 21
727.912 21
733.155 22
738.238 22
743.259 22
748.326 22
753.394 22
758.46 22
763.478 22
768.506 22
773.599 22
778.618 22
783.659 23
788.676 23
793.696 23
798.935 23
803.956 23
809.103 23
814.123 23
819.627 23
825.104 23
830.201 23
835.22 23
840.24 23
846.62 23
851.749 24
856.769 24
861.788 24
866.813 24
871.833 24
876.893 24
881.943 24
886.97 24
892.009 24
897.034 24
902.069 24
907.089 24
912.111 24
917.166 24
922.186 24
927.212 24
932.235 24
937.261 24
942.298 25
947.338 25
952.358 25
957.379 25
962.398 25
967.43 25
972.478 25
977.52 25
982.538 25
987.559 25
992.747 25
997.766 25
1002.94 25
1007.96 25
1012.98 25
1018 25
1023.02 25
1028.04 25
1033.06 25
1038.08 25
1043.11 25
1048.14 25
1053.16 25
1058.18 26
1063.52 25
1068.81 26
1073.83 26
1078.85 26
1083.88 26
1088.93 26
1093.95 26
1099.01 26
1104.03 26
1109.07 26
1114.09 26
1119.14 26
1124.26 26
1129.28 26
1134.3 26
1139.32 26
1144.38 26
1149.4 26
1154.45 26
1159.47 26
1164.49 26
1169.57 26
1174.58 26
1179.65 26
1184.66 26
1189.68 26
1194.69 26
1199.69 26
