# timestamp	memory footprint (MB)\n
-287.159 0
-283.886 0
-272.271 0
-270.72 0
-265.921 0
-264.925 0
-263.921 0
-262.891 0
-261.779 0
-260.773 0
-259.773 0
-258.721 0
-256.857 0
-255.848 0
-254.85 0
-253.85 0
-251.629 0
-250.523 0
-249.408 0
-248.394 0
-246.087 0
-245.068 0
-244.054 0
-243.054 0
-239.445 0
-238.444 0
-237.437 0
-236.439 0
-232.498 0
-231.488 0
-230.474 0
-229.466 0
-226.22 0
-225.199 0
-224.193 0
-221.516 0
-220.495 0
-219.493 0
-216.794 0
-215.794 0
-214.788 0
-213.778 0
-212.774 0
-209.727 0
-208.722 0
-207.715 0
-204.619 0
-203.614 0
-202.609 0
-201.607 0
-200.603 0
-197.871 0
-196.851 0
-195.85 0
-191.943 0
-190.931 0
-189.919 0
-187.85 0
-186.847 0
-185.834 0
-184.818 0
-181.97 0
-180.964 0
-179.963 0
-178.956 0
-176.145 0
-175.146 0
-174.146 0
-173.141 0
-170.322 0
-169.317 0
-168.317 0
-167.319 0
-164.514 0
-163.505 0
-162.507 0
-161.501 0
-158.926 0
-157.922 0
-156.923 0
-153.253 0
-152.247 0
-151.245 0
-150.237 0
-147.401 0
-146.402 0
-145.403 0
-144.403 0
-141.657 0
-140.657 0
-139.659 0
-135.585 0
-134.586 0
-133.584 0
-132.58 0
-128.753 0
-127.756 0
-126.753 0
-125.756 0
-124.746 0
-120.928 0
-119.916 0
-118.913 0
-116.784 0
-115.781 0
-114.78 0
-111.772 0
-110.771 0
-109.763 0
-106.777 0
-105.779 0
-104.778 0
-100.795 0
-99.7867 0
-98.788 0
-97.7756 0
-96.7606 0
-92.9628 0
-91.9589 0
-90.9606 0
-89.9554 0
-86.1471 0
-85.1435 0
-84.1377 0
-82.0306 0
-81.0282 0
-80.0218 0
-79.0173 0
-75.1088 0
-74.106 0
-73.103 0
-71.7839 0
-70.7827 0
-68.31 0
-67.3075 0
-66.2985 0
-62.7132 0
-61.7014 0
-60.6962 0
-59.6898 0
-58.1593 0
-57.1535 0
-54.116 0
-53.1126 0
-52.1081 0
-50.0135 0
-49.0102 0
-48.0036 0
-44.9565 0
-43.9401 0
-42.9342 0
-39.835 0
-38.8316 0
-37.8305 0
-34.7731 0
-33.7705 0
-32.7656 0
-31.7557 0
-29.2793 0
-28.2762 0
-24.0753 0
-23.0692 0
-22.0595 0
-21.0577 0
-20.0494 0
-16.681 0
-15.6776 0
-14.6651 0
-13.6618 0
-12.6576 0
-11.6541 0
-10.0699 0
-9.06608 0
-8.06204 0
-7.05804 0
-5.9466 0
-4.06963 0
-3.06603 0
-2.06201 0
-0.945383 0
7.5236 0
8.52601 0
9.53002 0
10.534 0
11.538 0
12.542 0
13.546 0
14.5504 0
15.554 0
16.558 0
17.562 0
18.566 0
19.57 0
20.574 0
21.578 0
22.582 0
23.582 0
24.582 0
25.5853 0
26.582 0
27.582 0
28.582 0
29.5825 0
30.5822 0
31.582 0
32.582 0
33.582 0
34.582 0
35.582 0
36.582 0
37.5861 0
38.586 0
39.586 0
40.586 0
41.586 0
42.586 0
43.586 0
44.586 0
45.5871 0
46.5901 0
47.59 0
48.5899 0
49.5899 0
50.5899 0
51.59 0
52.5899 0
53.5899 0
54.5899 0
55.5899 0
56.59 0
57.5899 0
58.5899 0
59.5899 0
60.5899 0
61.5901 0
62.5899 0
63.59 0
64.5898 0
65.5899 0
66.5899 0
67.5899 0
68.5898 0
69.5899 0
70.5898 0
71.5898 0
72.5898 0
73.5898 0
74.5898 0
75.5938 0
76.5939 0
77.5937 0
78.5937 0
79.5937 0
80.5937 0
81.5937 0
82.5937 0
83.5937 0
84.5938 0
85.5937 0
86.5937 0
87.5936 0
88.5937 0
89.5949 0
90.5936 0
91.5936 0
92.5936 0
93.5936 0
94.5955 0
95.5936 0
96.5936 0
97.5935 0
98.5935 0
99.5937 0
100.594 0
101.594 0
102.593 0
103.593 0
104.593 0
105.594 0
106.593 0
107.593 0
108.593 0
109.593 0
110.593 0
111.593 0
112.593 0
113.593 0
114.593 0
115.593 0
116.593 0
117.593 0
118.593 0
119.593 0
120.593 0
121.593 0
122.593 0
123.593 0
124.594 0
125.595 0
126.593 0
127.593 0
128.594 0
129.593 0
130.593 0
131.593 0
132.593 0
133.593 0
134.593 0
135.593 0
136.605 0
137.605 0
138.606 0
139.605 0
140.605 0
141.605 0
142.605 0
143.605 0
144.605 0
145.605 0
146.605 0
147.605 0
148.605 0
149.605 0
150.617 0
151.617 0
152.617 0
153.617 0
154.617 0
155.617 0
156.617 0
157.617 0
158.617 0
159.617 0
160.617 0
161.617 0
162.617 0
163.617 0
164.617 0
165.617 0
166.617 0
167.617 0
168.617 0
169.621 0
170.625 0
171.629 0
172.633 0
173.637 0
174.645 0
175.649 0
176.653 0
177.657 0
178.661 0
179.665 0
180.669 0
181.674 0
182.678 0
183.682 0
184.686 0
185.69 0
186.694 0
187.698 0
188.702 0
189.706 0
190.71 0
191.714 0
192.718 0
193.722 0
194.726 0
195.73 0
196.735 0
197.739 0
198.743 0
199.747 0
200.751 0
201.755 0
202.759 0
203.763 0
204.788 0
205.791 0
206.795 0
207.803 0
208.807 0
209.811 0
210.815 0
211.819 0
212.824 0
213.827 0
214.832 0
215.836 0
216.84 0
217.845 0
218.848 0
219.854 0
220.86 0
221.864 0
222.868 0
223.872 0
224.888 0
225.892 0
226.896 0
227.9 0
228.904 0
229.908 0
230.912 0
231.916 0
232.916 0
233.92 0
234.924 0
235.928 0
236.933 0
237.937 0
238.941 0
239.945 0
240.949 0
241.953 0
242.957 0
243.961 0
245.005 0
246.009 0
247.013 0
248.018 0
249.021 0
250.025 0
251.029 0
252.033 0
253.037 0
254.041 0
255.047 0
256.049 0
257.053 0
258.057 0
259.061 0
260.065 0
261.069 0
262.073 0
263.077 0
264.082 0
265.086 0
266.1 0
267.102 0
268.106 0
269.11 0
270.114 0
271.118 0
272.122 0
273.126 0
274.13 0
275.134 0
276.138 0
277.142 0
278.146 0
279.154 0
280.16 0
281.162 0
282.166 0
283.17 0
284.174 0
285.178 0
286.182 0
287.202 0
288.207 0
289.21 0
290.214 0
291.218 0
292.222 0
293.226 0
294.23 0
295.235 0
296.238 0
297.242 0
298.246 0
299.251 0
300.255 0
301.259 0
302.268 0
303.271 0
304.275 0
305.279 0
306.283 0
307.287 0
308.291 0
309.295 0
310.299 0
311.303 0
312.308 0
313.311 0
314.315 0
315.319 0
316.323 0
317.327 0
318.334 0
319.335 0
320.339 0
321.343 0
322.348 0
323.351 0
324.355 0
325.367 0
326.373 0
327.375 0
328.379 0
329.383 0
330.387 0
331.391 0
332.396 0
333.399 0
334.403 0
335.407 0
336.411 0
337.415 0
338.419 0
339.423 0
340.427 0
341.434 0
342.435 0
343.439 0
344.443 0
345.449 0
346.451 0
347.456 0
348.46 0
349.463 0
350.467 0
351.471 0
352.475 0
353.48 0
354.484 0
355.488 0
356.492 0
357.496 0
358.5 0
359.504 0
360.508 0
361.512 0
362.516 0
363.52 0
364.524 0
365.528 0
366.532 0
367.536 0
368.54 0
369.544 0
370.553 0
371.556 1
372.56 0
373.564 0
374.568 1
375.572 0
376.576 0
377.58 0
378.584 0
379.588 0
380.592 0
381.597 0
382.6 0
383.609 5
384.612 0
385.616 0
386.62 0
387.626 0
388.628 4
389.633 12
390.636 7
391.64 7
392.647 2
393.648 0
394.652 0
395.656 0
396.66 0
397.664 0
398.668 0
399.672 0
400.676 0
401.681 0
402.684 0
403.689 3
404.692 12
405.697 20
406.701 11
407.704 5
408.71 3
409.712 0
410.716 0
411.72 0
412.724 0
413.728 0
414.732 0
415.736 0
416.74 0
417.744 2
418.748 0
419.754 0
420.756 4
421.764 0
422.765 0
423.768 0
424.772 1
425.777 2
426.78 0
427.787 0
428.788 0
429.793 1
430.797 11
431.801 20
432.805 28
433.808 16
434.813 12
435.817 8
436.821 8
437.824 0
438.828 0
439.832 0
440.836 0
441.84 0
442.844 0
443.848 0
444.852 0
445.856 0
446.86 1
447.864 0
448.868 5
449.872 0
450.876 0
451.88 0
452.884 1
453.889 0
454.893 7
455.896 16
456.901 25
457.904 20
458.908 19
459.912 16
460.916 12
461.92 7
462.925 2
463.928 0
464.932 0
465.936 0
466.94 0
467.944 0
468.944 0
469.952 0
470.956 0
471.96 6
472.965 16
473.968 10
474.973 5
475.976 0
476.98 0
477.984 0
478.988 0
479.992 0
480.996 0
482 0
483.004 0
484.008 6
485.014 4
486.019 0
487.02 0
488.024 0
489.029 5
490.037 1
491.041 0
492.058 3
493.06 0
494.064 0
495.068 7
496.072 3
497.076 0
498.08 0
499.084 1
500.088 0
501.092 0
502.115 7
503.116 0
504.12 0
505.124 0
506.134 2
507.142 0
508.145 0
509.149 0
510.153 1
511.156 1
512.16 0
513.165 2
514.168 0
515.174 3
516.176 0
517.18 0
518.184 3
519.188 0
520.188 5
521.192 0
522.197 0
523.201 2
524.204 0
525.205 2
526.208 0
527.213 2
528.212 0
529.216 2
530.216 0
531.22 2
532.221 0
533.227 5
534.228 0
535.229 1
536.228 0
537.232 0
538.232 4
539.232 0
540.232 0
541.232 0
542.232 2
543.232 0
544.24 3
545.237 2
546.236 0
547.236 0
548.236 4
549.242 0
550.241 1
551.241 0
552.24 2
553.241 1
554.24 2
555.24 0
556.243 6
557.24 0
558.241 0
559.241 0
560.24 0
561.24 0
562.24 0
563.24 0
564.242 2
565.241 0
566.241 3
567.24 0
568.24 1
569.246 8
570.244 0
571.244 0
572.245 2
573.256 6
574.258 0
575.258 0
576.257 4
577.257 0
578.257 2
579.256 0
580.256 3
581.256 3
582.256 0
583.256 0
584.256 1
585.257 1
586.256 1
587.296 2
588.293 0
589.292 2
590.293 2
591.295 0
592.293 2
593.292 1
594.292 0
595.294 4
596.293 1
597.292 1
598.292 2
599.293 0
600.292 0
601.298 2
602.296 0
603.296 1
604.296 0
605.296 0
606.296 1
607.296 0
608.296 1
609.296 0
610.298 0
611.297 7
612.296 0
613.296 0
614.296 0
615.297 6
616.296 3
617.296 0
618.296 0
619.301 1
620.3 1
621.3 0
622.3 1
623.3 0
624.301 2
625.3 0
626.3 0
627.3 1
628.3 0
629.301 5
630.3 0
631.301 0
632.3 4
633.3 0
634.3 1
635.3 0
636.3 0
637.3 0
638.303 3
639.305 0
640.304 1
641.305 0
642.304 0
643.305 1
644.304 0
645.304 0
646.304 0
647.305 1
648.304 0
649.305 4
650.304 1
651.306 1
652.305 0
653.304 0
654.304 0
655.305 2
656.312 0
657.312 0
658.317 1
659.316 0
660.321 2
661.32 2
662.32 0
663.32 0
664.321 4
665.32 1
666.322 0
667.332 3
668.328 0
669.333 0
670.333 4
671.332 3
672.333 0
673.332 0
674.332 0
675.336 2
676.332 0
677.332 0
678.332 1
679.333 1
680.332 0
681.336 0
682.34 0
683.344 2
684.349 0
685.352 0
686.357 0
687.36 0
688.365 0
689.368 0
690.368 0
691.372 1
692.378 0
693.381 2
694.385 0
695.389 1
696.393 1
697.397 1
698.401 0
699.405 2
700.409 0
701.413 2
702.417 0
703.428 4
704.429 0
705.433 0
706.439 0
707.441 0
708.446 1
709.458 2
710.462 1
711.465 1
712.469 0
713.473 2
714.477 0
715.481 3
716.485 0
717.489 0
718.493 0
719.498 1
720.502 1
721.506 2
722.51 0
723.518 4
724.522 0
725.536 4
726.538 0
727.542 0
728.574 4
729.578 1
730.582 0
731.586 0
732.59 1
733.594 6
734.598 0
735.602 0
736.608 2
737.61 0
738.614 0
739.618 0
740.623 2
741.626 0
742.63 0
743.634 0
744.64 0
745.647 0
746.65 0
747.655 5
748.67 0
749.677 0
750.68 0
751.682 3
752.686 0
753.69 2
754.694 0
755.699 0
756.703 2
757.707 0
758.711 0
759.715 1
760.72 1
761.723 2
762.727 0
763.736 1
764.739 1
765.743 0
766.747 3
767.751 0
768.755 0
769.759 0
770.763 0
771.767 1
772.771 0
773.775 0
774.779 0
775.783 0
776.787 0
777.791 0
778.796 0
779.799 0
780.803 0
781.811 0
782.811 0
783.815 0
784.819 0
785.823 2
786.828 0
787.831 0
788.835 0
789.839 0
790.843 2
791.851 0
792.855 2
793.856 0
794.86 3
795.864 0
796.868 4
797.872 0
798.886 2
799.888 0
800.904 2
801.908 0
802.912 0
803.916 1
804.92 0
805.924 4
806.93 0
807.932 0
808.936 0
809.942 0
810.944 2
811.948 0
812.952 0
813.956 0
814.96 0
815.964 0
816.973 1
817.985 0
818.988 0
819.992 0
820.997 0
822 0
823.004 0
824.008 1
825.013 3
826.016 0
827.02 1
828.024 0
829.028 2
830.032 2
831.036 0
832.037 3
833.042 0
834.044 2
835.049 0
836.067 2
837.068 0
838.072 2
839.076 0
840.081 1
841.085 0
842.089 0
843.093 3
844.097 0
845.101 1
846.105 0
847.109 1
848.113 0
849.117 0
850.121 3
851.125 0
852.129 1
853.133 0
854.137 1
855.141 0
856.156 6
857.157 0
858.161 0
859.165 5
860.169 0
861.174 0
862.177 4
863.181 0
864.185 0
865.189 0
866.193 0
867.209 4
868.213 0
869.22 4
870.221 0
871.226 0
872.23 1
873.233 0
874.237 0
875.241 2
876.246 1
877.249 2
878.253 1
879.257 0
880.261 1
881.265 0
882.269 2
883.273 0
884.277 0
885.281 1
886.285 0
887.291 0
888.293 0
889.297 0
890.305 0
891.306 0
892.309 0
893.314 0
894.318 1
895.322 0
896.326 0
897.33 1
898.334 0
899.338 2
900.345 0
901.354 3
902.358 0
903.363 1
904.366 0
905.37 2
906.374 1
907.378 0
908.382 1
909.406 2
910.406 1
911.41 0
912.414 2
913.418 0
914.422 1
915.427 0
916.43 1
917.434 1
918.438 2
919.442 0
920.446 0
921.454 0
922.458 0
923.462 0
924.466 2
925.472 0
926.476 0
927.478 0
928.482 0
929.486 1
930.49 0
931.494 0
932.498 0
933.503 0
934.506 4
935.511 0
936.514 0
937.518 3
938.522 0
939.528 0
940.53 0
941.534 0
942.538 3
943.542 0
944.551 4
945.555 0
946.558 1
947.567 0
948.57 0
949.574 0
950.579 0
951.582 0
952.586 0
953.591 0
954.594 0
955.598 0
956.602 0
957.606 0
958.61 0
959.614 1
960.621 0
961.63 4
962.631 0
963.635 2
964.639 0
965.643 0
966.647 0
967.651 0
968.655 0
969.659 0
970.663 2
971.667 1
972.672 1
973.675 0
974.679 0
975.683 0
976.687 2
977.691 0
978.696 3
979.699 0
980.703 0
981.707 0
982.711 1
983.715 0
984.719 1
985.723 0
986.727 0
987.731 0
988.736 0
989.739 0
990.743 0
991.753 1
992.755 0
993.759 0
994.77 0
995.771 0
996.775 0
997.779 0
998.783 1
999.787 0
1000.79 1
1001.8 0
1002.8 2
1003.81 0
1004.81 4
1005.81 0
1006.82 4
1007.82 0
1008.82 0
1009.83 3
1010.83 0
1011.84 0
1012.84 3
1013.84 0
1014.85 2
1015.85 0
1016.86 3
1017.86 0
1018.86 0
1019.87 0
1020.87 0
1021.88 0
1022.88 0
1023.88 0
1024.89 0
1025.89 0
1026.9 0
1027.9 0
1028.9 0
1029.91 0
1030.91 1
1031.92 0
1032.92 0
1033.93 0
1034.93 1
1035.93 0
1036.94 2
1037.94 0
1038.94 1
1039.95 1
1040.95 0
1041.96 0
1042.96 1
1043.96 0
1044.97 0
1045.97 0
1046.98 0
1047.98 1
1048.98 1
1049.99 0
1050.99 0
1052 0
1053 0
1054 0
1055.01 1
1056.01 0
1057.02 0
1058.02 0
1059.02 0
1060.03 0
1061.03 0
1062.04 0
1063.04 1
1064.04 0
1065.06 0
1066.06 1
1067.06 0
1068.07 2
1069.07 2
1070.08 1
1071.08 2
1072.08 0
1073.09 1
1074.09 1
1075.1 1
1076.1 1
1077.1 0
1078.11 1
1079.11 0
1080.12 0
1081.12 1
1082.12 0
1083.13 0
1084.13 0
1085.14 0
1086.14 0
1087.14 4
1088.15 0
1089.15 1
1090.16 0
1091.16 0
1092.16 1
1093.17 0
1094.17 0
1095.18 0
1096.18 1
1097.18 0
1098.19 0
1099.19 1
1100.2 0
1101.2 0
1102.21 1
1103.21 2
1104.22 1
1105.22 0
1106.23 2
1107.24 0
1108.24 1
1109.25 1
1110.26 1
1111.26 0
1112.26 0
1113.27 0
1114.27 0
1115.28 0
1116.28 0
1117.28 0
1118.29 0
1119.29 2
1120.3 0
1121.3 0
1122.31 3
1123.31 0
1124.32 0
1125.32 0
1126.32 0
1127.33 0
1128.33 0
1129.34 0
1130.34 0
1131.34 1
1132.35 0
1133.35 0
1134.36 0
1135.36 2
1136.36 1
1137.37 0
1138.37 1
1139.38 0
1140.38 0
1141.38 0
1142.39 0
1143.39 0
1144.4 1
1145.4 0
1146.4 0
1147.41 0
1148.41 0
1149.42 1
1150.42 2
1151.43 1
1152.44 0
1153.44 1
1154.44 0
1155.45 0
1156.46 0
1157.46 1
1158.46 0
1159.47 0
1160.47 0
1161.48 0
1162.48 0
1163.49 1
1164.5 0
1165.5 0
1166.5 0
1167.51 0
1168.51 0
1169.52 1
1170.52 0
1171.52 0
1172.53 0
1173.53 2
1174.54 0
1175.54 1
1176.54 0
1177.56 4
1178.56 0
1179.57 1
1180.57 0
1181.58 1
1182.58 2
1183.58 0
1184.59 0
1185.59 2
1186.6 0
1187.6 2
1188.6 1
1189.61 0
1190.61 0
1191.61 2
1192.62 1
1193.62 0
1194.62 0
1195.63 1
1196.64 0
1197.64 0
1198.64 0
1199.65 0
1200.65 1
1201.66 0
1202.66 1
1203.66 0
1204.67 1
1205.67 0
1206.68 0
1207.68 0
1208.69 0
1209.69 0
1210.7 0
1211.7 1
1212.71 0
1213.71 0
1214.71 0
1215.72 1
1216.72 0
1217.72 0
1218.73 0
1219.74 0
1220.74 0
1221.74 0
1222.75 0
1223.75 0
1224.76 0
1225.76 0
1226.77 0
1227.77 0
1228.77 0
1229.78 0
1230.78 0
1231.79 0
1232.79 0
1233.8 2
1234.8 0
1235.81 0
1236.81 2
1237.82 0
1238.82 0
1239.83 2
1240.83 0
1241.83 2
1242.84 0
1243.84 2
1244.84 1
1245.85 2
1246.85 0
1247.86 0
1248.86 0
1249.86 0
1250.87 0
1251.87 1
