# timestamp	utilization (%) \n
-265.921 0
-260.773 0
-254.85 0
-248.394 0
-239.445 0
-231.488 0
-224.193 0
-215.794 0
-208.722 0
-201.607 0
-191.943 0
-185.834 0
-178.956 0
-170.322 0
-163.505 0
-156.923 0
-147.401 0
-140.657 0
-132.58 0
-124.746 0
-115.781 0
-106.777 0
-98.788 0
-90.9606 0
-82.0306 0
-74.106 0
-67.3075 0
-59.6898 0
-52.1081 0
-43.9401 0
-34.7731 0
-28.2762 0
-20.0494 0
-12.6576 0
-7.05804 0
-0.945382 0
11.538 0
16.558 0
21.578 0
26.582 0
31.582 0
36.582 0
41.586 0
46.5901 0
51.59 0
56.59 0
61.5901 0
66.5899 0
71.5898 0
76.5939 0
81.5937 0
86.5937 0
91.5936 0
96.5936 0
101.594 0
106.593 0
111.593 0
116.593 0
121.593 0
126.593 0
131.593 0
136.605 0
141.605 0
146.605 0
151.617 1
156.617 1
161.617 1
166.617 1
171.629 1
176.653 1
181.674 1
186.694 1
191.714 1
196.735 1
201.755 2
206.795 2
211.819 2
216.84 2
221.864 2
226.896 2
231.916 2
236.933 2
241.953 3
247.013 3
252.033 3
257.053 3
262.073 3
267.102 3
272.122 3
277.142 3
282.166 4
287.202 4
292.222 4
297.242 4
302.268 4
307.287 4
312.308 4
317.327 5
322.348 5
327.375 5
332.396 5
337.415 5
342.435 5
347.456 6
352.475 6
357.496 6
362.516 6
367.536 6
372.56 7
377.58 7
382.6 7
387.626 7
392.647 7
397.664 7
402.684 7
407.704 7
412.724 7
417.744 7
422.765 7
427.787 7
432.805 8
437.824 7
442.844 7
447.864 7
452.884 7
457.904 8
462.925 7
467.944 7
472.965 8
477.984 7
483.004 7
488.024 7
493.06 8
498.08 8
503.116 8
508.145 8
513.165 8
518.184 9
523.201 9
528.212 9
533.227 9
538.232 10
543.232 10
548.236 10
553.241 10
558.241 10
563.24 11
568.24 11
573.256 11
578.257 11
583.256 12
588.293 12
593.292 12
598.292 12
603.296 13
608.296 13
613.296 13
618.296 13
623.3 13
628.3 14
633.3 14
638.303 14
643.305 14
648.304 14
653.304 15
658.317 15
663.32 15
668.328 15
673.332 16
678.332 16
683.344 16
688.365 16
693.381 16
698.401 16
703.428 17
708.446 17
713.473 17
718.493 17
723.518 18
728.574 18
733.594 18
738.614 18
743.634 18
748.67 18
753.69 19
758.711 19
763.736 19
768.755 19
773.775 19
778.796 20
783.815 20
788.835 20
793.856 20
798.886 20
803.916 21
808.936 21
813.956 21
818.988 21
824.008 21
829.028 22
834.044 22
839.076 22
844.097 22
849.117 22
854.137 23
859.165 23
864.185 23
869.22 23
874.237 23
879.257 24
884.277 24
889.297 24
894.318 24
899.338 25
904.366 25
909.406 25
914.422 25
919.442 25
924.466 25
929.486 26
934.506 26
939.528 26
944.551 26
949.574 26
954.594 27
959.614 27
964.639 27
969.659 27
974.679 27
979.699 28
984.719 28
989.739 28
994.77 28
999.787 28
1004.81 29
1009.83 29
1014.85 29
1019.87 29
1024.89 29
1029.91 29
1034.93 30
1039.95 30
1044.97 30
1049.99 30
1055.01 30
1060.03 30
1065.06 31
1070.08 31
1075.1 31
1080.12 31
1085.14 31
1090.16 31
1095.18 32
1100.2 32
1105.22 32
1110.26 32
1115.28 32
1120.3 32
1125.32 33
1130.34 33
1135.36 33
1140.38 33
1145.4 33
1150.42 33
1155.45 34
1160.47 34
1165.5 34
1170.52 34
1175.54 34
1180.57 34
1185.59 35
1190.61 35
1195.63 35
1200.65 35
1205.67 35
1210.7 35
1215.72 36
1220.74 36
1225.76 36
1230.78 36
1235.81 36
1240.83 36
1245.85 37
1250.87 37
