# timestamp	GC Total Latency (msec)		Read Latency (msec)	Write Latency (msec)\n
77.335 15 6 1
78.339 53 28 18
79.3431 75 42 27
80.347 94 53 35
81.351 111 63 42
82.3551 126 73 48
83.3591 142 82 55
84.3631 157 91 61
85.3671 174 101 68
86.3711 192 111 76
87.3751 218 127 87
88.3792 247 143 100
89.3835 287 166 117
90.3872 341 197 141
91.3912 408 234 172
92.3952 499 283 215
93.3992 640 354 285
94.4032 845 451 396
95.4072 1033 524 511
96.4112 1247 607 644
97.4153 1482 704 784
98.4193 1673 782 897
99.4233 1865 859 1014
100.431 2040 931 1119
101.431 2191 989 1213
102.435 2331 1047 1296
103.439 2469 1104 1378
104.443 2592 1154 1452
105.447 2703 1199 1519
106.454 2807 1241 1581
107.455 2920 1285 1652
108.459 3015 1323 1709
109.463 3094 1355 1758
110.467 3176 1388 1806
111.471 3256 1420 1855
112.475 3330 1450 1900
113.479 3386 1471 1934
114.483 3450 1498 1973
115.487 3513 1523 2010
116.491 3574 1549 2047
117.496 3632 1573 2081
118.503 3685 1594 2114
119.504 3742 1615 2149
120.508 3790 1636 2178
121.512 3833 1652 2204
122.516 3871 1668 2226
123.52 3913 1686 2251
124.524 3955 1702 2277
125.528 3994 1718 2300
126.532 4032 1734 2323
127.536 4068 1748 2344
128.544 4099 1761 2363
129.548 4133 1774 2383
130.552 4164 1787 2402
131.556 4193 1799 2420
132.56 4219 1809 2436
133.564 4245 1819 2451
134.568 4274 1831 2468
135.572 4298 1842 2482
136.576 4324 1852 2497
137.58 4345 1860 2511
138.584 4364 1867 2523
139.588 4388 1877 2537
140.588 4410 1886 2550
141.592 4429 1894 2561
142.596 4449 1902 2573
143.6 4470 1911 2586
144.604 4487 1918 2596
145.608 4506 1926 2607
146.612 4526 1934 2620
147.619 4541 1940 2629
148.62 4558 1947 2638
149.624 4574 1954 2648
150.628 4591 1960 2658
151.632 4605 1967 2666
152.636 4618 1971 2675
153.64 4634 1978 2684
154.644 4649 1984 2693
155.648 4663 1989 2701
156.664 4677 1996 2710
157.664 4689 2000 2717
158.664 4700 2005 2724
159.664 4714 2011 2732
160.664 4725 2015 2738
161.664 4738 2021 2746
162.665 4751 2026 2753
163.664 4760 2030 2758
164.664 4772 2035 2765
165.664 4781 2039 2772
166.664 4791 2043 2777
167.664 4802 2047 2784
168.664 4811 2051 2789
169.67 4822 2055 2795
170.672 4829 2058 2800
171.672 4839 2063 2805
172.672 4849 2067 2812
173.672 4856 2070 2816
174.672 4865 2073 2821
175.672 4874 2077 2827
176.672 4882 2080 2831
177.672 4890 2083 2836
178.672 4898 2086 2841
179.672 4906 2090 2845
180.672 4915 2094 2850
181.672 4922 2097 2855
182.678 4930 2100 2860
183.676 4938 2103 2865
184.676 4946 2106 2869
185.676 4952 2109 2873
186.676 4959 2111 2878
187.676 4966 2114 2882
188.676 4972 2117 2885
189.676 4979 2119 2890
190.676 4986 2122 2894
191.676 4989 2123 2896
192.676 4999 2127 2902
193.675 5003 2129 2904
194.676 5010 2132 2909
195.675 5015 2134 2912
196.675 5023 2137 2916
197.675 5027 2138 2919
198.675 5032 2140 2923
199.676 5039 2143 2927
200.675 5044 2144 2930
201.676 5051 2147 2935
202.675 5056 2149 2938
203.675 5064 2152 2943
204.675 5069 2155 2946
205.675 5077 2157 2950
206.675 5082 2160 2953
207.676 5089 2163 2958
208.675 5094 2164 2961
209.675 5099 2166 2964
210.675 5104 2168 2967
211.675 5111 2171 2971
212.675 5116 2173 2974
213.68 5122 2175 2978
214.679 5128 2178 2981
215.679 5132 2180 2984
216.679 5138 2182 2987
217.679 5143 2184 2991
218.679 5149 2186 2994
219.679 5155 2188 2998
220.679 5161 2191 3001
221.68 5166 2193 3005
222.679 5171 2195 3008
223.679 5176 2197 3011
224.679 5181 2199 3014
225.679 5187 2201 3018
226.679 5193 2204 3021
227.679 5199 2206 3025
228.679 5205 2208 3029
229.679 5209 2209 3031
230.679 5215 2212 3035
231.679 5219 2213 3037
232.679 5225 2215 3042
233.679 5228 2217 3044
234.679 5234 2219 3047
235.679 5239 2220 3051
236.679 5244 2222 3054
237.679 5249 2224 3058
238.679 5253 2225 3060
239.679 5258 2227 3063
240.679 5262 2228 3066
241.679 5267 2231 3069
242.679 5271 2232 3072
243.679 5277 2234 3075
244.679 5281 2236 3078
245.689 5287 2238 3082
246.687 5290 2239 3084
247.687 5296 2242 3087
248.687 5300 2243 3090
249.687 5307 2245 3094
250.687 5310 2247 3096
251.687 5316 2249 3100
252.687 5320 2250 3102
253.687 5323 2252 3105
254.687 5328 2253 3108
255.687 5333 2255 3111
256.687 5337 2256 3114
257.687 5342 2258 3118
258.687 5346 2259 3121
259.687 5350 2260 3124
260.687 5354 2261 3126
261.687 5359 2263 3129
262.687 5364 2264 3133
263.687 5368 2265 3136
264.687 5373 2267 3140
265.693 5376 2268 3142
266.691 5380 2269 3144
267.691 5385 2271 3148
268.691 5388 2272 3150
269.691 5393 2273 3153
270.691 5399 2275 3158
271.691 5402 2276 3160
272.691 5406 2277 3163
273.691 5412 2279 3167
274.691 5415 2280 3170
275.691 5422 2282 3174
276.691 5425 2283 3176
277.691 5431 2285 3180
278.691 5435 2286 3183
279.691 5440 2288 3187
280.691 5448 2291 3192
281.691 5452 2292 3195
282.691 5456 2293 3198
283.691 5463 2295 3202
284.691 5467 2296 3205
285.691 5472 2298 3209
286.691 5477 2299 3213
287.691 5483 2301 3217
288.691 5489 2303 3220
289.691 5495 2305 3225
290.691 5500 2307 3228
291.691 5505 2308 3231
292.691 5510 2309 3235
293.691 5517 2312 3240
294.691 5520 2312 3243
295.695 5526 2314 3247
296.695 5533 2317 3251
297.695 5537 2318 3254
298.699 5542 2319 3257
299.699 5548 2322 3262
300.703 5554 2323 3266
301.703 5558 2325 3269
302.707 5564 2326 3273
303.707 5571 2328 3278
304.711 5574 2329 3280
305.715 5580 2331 3285
306.719 5587 2333 3289
307.719 5593 2335 3294
308.723 5597 2336 3297
309.727 5603 2338 3301
310.731 5611 2340 3307
311.735 5614 2341 3309
312.739 5620 2343 3313
313.743 5627 2345 3317
314.747 5633 2347 3321
315.751 5638 2349 3325
316.755 5644 2351 3330
317.759 5652 2353 3335
318.763 5657 2355 3338
319.767 5661 2356 3342
320.771 5667 2358 3345
321.775 5674 2360 3351
322.779 5679 2361 3354
323.783 5684 2363 3358
324.787 5691 2365 3362
325.791 5696 2366 3366
326.795 5701 2368 3370
327.799 5708 2370 3375
328.805 5713 2371 3379
329.807 5717 2372 3382
330.811 5724 2374 3387
331.817 5730 2375 3391
332.819 5735 2377 3395
333.823 5742 2379 3400
334.827 5746 2380 3403
335.831 5752 2381 3407
336.835 5757 2382 3411
337.839 5764 2385 3417
338.843 5770 2386 3420
339.847 5774 2387 3423
340.853 5780 2389 3428
341.855 5786 2391 3433
342.863 5792 2392 3437
343.863 5797 2393 3441
344.867 5804 2395 3446
345.871 5811 2397 3451
346.875 5816 2398 3455
347.879 5821 2400 3458
348.883 5827 2402 3463
349.887 5834 2404 3468
350.893 5839 2405 3472
351.895 5844 2407 3475
352.899 5849 2408 3478
353.903 5855 2410 3483
354.907 5861 2411 3488
355.911 5866 2412 3492
356.915 5873 2414 3496
357.919 5878 2416 3500
358.923 5885 2418 3505
359.927 5891 2420 3510
360.931 5896 2421 3513
361.935 5902 2422 3518
362.939 5910 2424 3523
363.943 5915 2426 3527
364.947 5920 2427 3531
365.951 5926 2429 3536
366.955 5933 2430 3541
367.959 5939 2432 3546
368.963 5944 2433 3549
369.967 5950 2435 3554
370.971 5956 2436 3558
371.975 5963 2438 3564
372.979 5967 2439 3567
373.983 5974 2441 3572
374.987 5977 2442 3574
375.991 5983 2443 3579
376.995 5990 2445 3584
377.999 5997 2447 3589
379.003 6001 2448 3592
380.007 6008 2450 3597
381.011 6015 2451 3602
382.015 6021 2453 3607
383.019 6027 2454 3612
384.023 6036 2457 3618
385.027 6040 2458 3621
386.031 6047 2460 3626
387.035 6054 2462 3632
388.039 6060 2463 3636
389.043 6069 2465 3643
390.047 6074 2467 3647
391.051 6081 2468 3652
392.055 6089 2471 3658
393.059 6093 2471 3661
394.063 6099 2473 3666
395.067 6107 2475 3672
396.071 6114 2477 3677
397.075 6122 2479 3683
398.087 6129 2481 3688
399.091 6134 2482 3692
400.095 6141 2484 3698
401.099 6148 2485 3702
402.103 6155 2487 3708
403.107 6164 2490 3715
404.121 6171 2492 3719
405.123 6177 2493 3724
406.127 6186 2496 3731
407.131 6194 2498 3737
408.135 6203 2500 3743
409.139 6210 2502 3748
410.143 6216 2504 3753
411.147 6224 2506 3758
412.151 6231 2508 3764
413.155 6238 2510 3769
414.159 6245 2512 3774
415.163 6253 2514 3780
416.167 6261 2516 3786
417.171 6267 2518 3790
418.175 6275 2520 3796
419.179 6282 2522 3801
420.183 6289 2524 3807
421.187 6297 2526 3812
422.191 6303 2527 3817
423.195 6311 2529 3824
424.199 6321 2532 3831
425.203 6327 2533 3836
426.207 6338 2536 3844
427.211 6344 2537 3849
428.215 6354 2539 3857
429.219 6360 2540 3862
430.223 6372 2542 3871
431.227 6383 2544 3881
432.231 6400 2548 3894
433.235 6409 2550 3901
434.24 6427 2554 3915
435.243 6436 2556 3922
436.255 6458 2561 3939
437.255 6465 2563 3946
438.259 6477 2566 3954
439.263 6488 2568 3963
440.267 6505 2572 3976
441.271 6532 2578 3997
442.275 6527 2576 3994
443.279 6535 2578 4000
444.283 6548 2581 4010
445.287 6573 2587 4030
446.291 6570 2586 4028
447.295 6578 2588 4034
448.299 6587 2590 4041
449.304 6620 2597 4067
450.307 6615 2596 4064
451.311 6626 2598 4072
452.315 6638 2601 4082
453.32 6654 2604 4094
454.323 6662 2606 4101
455.328 6683 2611 4117
456.331 6692 2611 4125
457.336 6702 2614 4132
458.34 6712 2616 4141
459.343 6727 2619 4153
460.347 6738 2621 4161
461.351 6749 2624 4170
462.355 6763 2627 4181
463.359 6786 2632 4199
464.367 6788 2632 4201
465.372 6801 2635 4211
466.376 6809 2637 4218
467.38 6826 2641 4231
468.384 6853 2647 4252
469.387 6847 2645 4248
470.391 6852 2646 4252
471.395 6865 2649 4262
472.399 6870 2650 4266
473.404 6899 2657 4289
474.407 6902 2657 4291
475.412 6911 2659 4298
476.416 6915 2660 4301
477.42 6931 2664 4314
478.424 6964 2671 4340
479.428 6960 2669 4338
480.432 6954 2668 4334
481.436 6959 2669 4337
482.44 6964 2670 4341
483.444 6973 2672 4348
484.448 7004 2679 4372
485.452 7003 2678 4373
486.456 7001 2677 4371
487.46 7006 2679 4375
488.464 7013 2680 4380
489.468 7033 2685 4396
490.472 7032 2684 4396
491.476 7051 2689 4410
492.48 7053 2689 4412
493.484 7064 2692 4420
494.488 7086 2696 4438
495.492 7081 2695 4434
496.496 7087 2697 4439
497.5 7093 2698 4443
498.504 7103 2700 4451
499.508 7113 2702 4459
500.512 7147 2710 4486
501.516 7158 2712 4496
502.52 7149 2709 4489
503.524 7147 2708 4488
504.528 7151 2709 4491
505.532 7155 2710 4494
506.536 7160 2712 4497
507.54 7183 2717 4516
508.544 7213 2723 4539
509.548 7201 2719 4532
510.555 7196 2718 4528
511.556 7200 2719 4531
512.56 7203 2720 4533
513.564 7206 2720 4535
514.568 7211 2721 4539
515.572 7232 2726 4555
516.576 7262 2733 4579
517.58 7268 2733 4585
518.584 7257 2729 4578
519.588 7252 2728 4574
520.592 7255 2729 4576
521.596 7258 2730 4578
522.6 7260 2730 4580
523.604 7267 2732 4585
524.608 7272 2733 4590
525.612 7283 2735 4598
526.617 7312 2742 4621
527.62 7341 2749 4644
528.625 7329 2744 4636
529.628 7319 2741 4628
530.632 7315 2740 4626
531.632 7317 2740 4627
532.636 7320 2741 4630
533.64 7323 2742 4632
534.644 7327 2743 4635
535.648 7335 2745 4641
536.652 7361 2751 4662
537.656 7390 2757 4684
538.66 7386 2755 4682
539.664 7374 2751 4675
540.668 7370 2750 4671
541.672 7372 2751 4673
542.676 7375 2751 4675
543.68 7376 2752 4676
544.684 7381 2753 4680
545.688 7383 2753 4681
546.692 7403 2758 4696
547.696 7431 2764 4718
548.7 7432 2764 4721
549.704 7422 2760 4714
550.708 7417 2759 4710
551.712 7419 2759 4712
552.716 7423 2761 4714
553.72 7425 2761 4716
554.724 7429 2762 4719
555.729 7436 2764 4725
556.732 7457 2768 4741
557.736 7451 2766 4737
558.74 7453 2767 4738
559.744 7457 2768 4741
560.748 7464 2770 4747
561.752 7477 2773 4757
562.757 7481 2774 4760
563.76 7489 2776 4766
564.764 7518 2782 4788
565.768 7514 2780 4786
566.772 7507 2778 4781
567.776 7509 2779 4783
568.78 7511 2779 4784
569.784 7515 2781 4787
570.788 7537 2785 4804
571.797 7533 2784 4802
572.8 7532 2784 4801
573.804 7535 2785 4803
574.809 7545 2787 4811
575.812 7546 2787 4812
576.817 7567 2792 4828
577.821 7596 2799 4851
578.824 7609 2801 4862
579.828 7598 2797 4855
580.832 7588 2794 4848
581.836 7585 2793 4846
582.84 7587 2794 4847
583.844 7589 2794 4848
584.848 7591 2794 4849
585.852 7594 2796 4852
586.861 7598 2796 4855
587.864 7606 2798 4861
588.868 7619 2801 4872
589.872 7615 2800 4869
590.876 7618 2801 4871
591.88 7622 2802 4874
592.884 7644 2806 4891
593.888 7638 2804 4887
594.892 7639 2805 4888
595.896 7642 2806 4890
596.901 7661 2810 4905
597.904 7662 2809 4907
598.908 7663 2810 4907
599.912 7667 2811 4910
600.916 7676 2813 4918
601.92 7683 2813 4923
602.925 7686 2814 4925
603.928 7690 2815 4929
604.932 7701 2817 4938
605.936 7704 2818 4941
606.954 7718 2820 4952
607.956 7717 2820 4951
608.962 7729 2822 4961
609.964 7731 2823 4963
610.968 7741 2825 4971
611.977 7746 2825 4975
612.98 7752 2827 4980
613.984 7760 2828 4987
614.988 7764 2829 4990
616.002 7776 2831 5000
617.004 7783 2832 5006
618.008 7790 2833 5012
619.012 7796 2834 5016
620.016 7801 2835 5021
621.02 7809 2837 5028
622.024 7817 2838 5035
623.028 7827 2839 5043
624.032 7830 2840 5046
625.036 7840 2842 5054
626.041 7844 2843 5057
627.046 7852 2845 5063
628.048 7875 2849 5082
629.063 7875 2849 5082
630.064 7870 2847 5079
631.068 7872 2848 5080
632.072 7874 2849 5081
633.076 7893 2853 5096
634.08 7887 2851 5092
635.085 7889 2852 5094
636.088 7893 2853 5096
637.093 7915 2858 5113
638.097 7938 2862 5133
639.1 7930 2859 5128
640.104 7924 2858 5123
641.108 7925 2858 5124
642.112 7925 2858 5124
643.116 7927 2859 5125
644.12 7929 2859 5127
645.125 7944 2862 5139
646.129 7966 2866 5156
647.132 7962 2864 5155
648.136 7957 2863 5151
649.14 7958 2864 5152
650.144 7960 2864 5153
651.148 7963 2865 5155
652.153 7972 2867 5162
653.156 7998 2872 5183
654.16 8023 2877 5203
655.164 8016 2875 5199
656.168 8009 2872 5194
657.172 8005 2872 5191
658.178 8006 2872 5191
659.18 8008 2873 5193
660.184 8007 2872 5192
661.189 8017 2875 5199
662.207 8039 2879 5217
663.208 8030 2877 5211
664.213 8030 2877 5211
665.216 8031 2877 5211
666.221 8036 2878 5215
667.224 8061 2884 5235
668.231 8059 2883 5234
669.232 8059 2883 5234
670.237 8063 2884 5237
671.241 8070 2885 5243
672.245 8077 2887 5248
673.249 8081 2888 5251
674.253 8089 2889 5258
675.257 8105 2893 5270
676.261 8106 2893 5271
677.265 8115 2895 5278
678.269 8122 2897 5284
679.273 8126 2897 5287
680.277 8144 2901 5301
681.281 8142 2901 5300
682.285 8156 2904 5310
683.289 8157 2904 5312
684.293 8163 2905 5316
685.297 8180 2909 5330
686.301 8178 2909 5329
687.306 8191 2911 5339
688.309 8191 2911 5339
689.313 8201 2914 5347
690.317 8207 2915 5352
691.321 8211 2916 5354
692.325 8225 2919 5366
693.329 8226 2919 5367
694.334 8240 2922 5378
695.337 8241 2922 5378
696.342 8252 2925 5387
697.346 8256 2925 5391
698.35 8260 2927 5394
699.354 8280 2931 5409
700.358 8277 2930 5407
701.362 8290 2933 5417
702.366 8293 2933 5420
703.37 8296 2934 5422
704.374 8301 2935 5426
705.378 8305 2936 5429
706.382 8324 2940 5444
707.386 8328 2941 5447
708.39 8328 2941 5448
709.394 8335 2942 5453
710.398 8344 2944 5461
711.402 8346 2945 5462
712.406 8351 2946 5466
713.41 8355 2947 5469
714.414 8374 2951 5484
715.418 8376 2951 5486
716.425 8380 2952 5489
717.426 8389 2954 5496
718.431 8390 2954 5497
719.435 8406 2958 5509
720.439 8406 2957 5510
721.442 8408 2958 5511
722.446 8420 2960 5521
723.451 8421 2961 5521
724.455 8433 2963 5531
725.459 8431 2963 5529
726.463 8441 2965 5538
727.467 8451 2967 5545
728.471 8450 2967 5545
729.475 8455 2968 5549
730.48 8467 2971 5558
731.483 8471 2972 5562
732.487 8476 2973 5565
733.491 8484 2974 5572
734.495 8497 2977 5583
735.499 8496 2977 5581
736.507 8506 2979 5589
737.511 8507 2979 5590
738.515 8517 2981 5598
739.519 8522 2982 5602
740.523 8524 2983 5603
741.527 8538 2986 5615
742.531 8538 2986 5614
743.535 8550 2989 5624
744.539 8551 2989 5625
745.543 8555 2990 5628
746.547 8562 2991 5633
747.551 8563 2992 5634
748.555 8572 2993 5642
749.56 8584 2996 5651
750.563 8588 2997 5654
751.567 8589 2997 5655
752.572 8592 2998 5657
753.576 8606 3001 5668
754.58 8606 3001 5669
755.584 8609 3002 5671
756.588 8623 3005 5682
757.592 8619 3004 5679
758.596 8628 3006 5686
759.6 8627 3005 5685
760.6 8635 3007 5691
761.604 8642 3008 5698
762.608 8642 3009 5697
763.612 8648 3010 5702
764.616 8653 3011 5706
765.62 8660 3012 5711
766.624 8664 3013 5714
767.628 8678 3016 5726
768.632 8675 3016 5723
769.636 8680 3017 5727
770.64 8688 3018 5733
771.644 8693 3019 5738
772.652 8695 3020 5739
773.652 8710 3023 5751
774.656 8711 3023 5752
775.66 8711 3023 5752
776.664 8713 3024 5753
777.668 8723 3026 5762
778.672 8723 3026 5761
779.676 8725 3026 5763
780.681 8740 3030 5775
781.684 8750 3031 5783
782.688 8744 3030 5779
783.692 8745 3030 5779
784.697 8745 3030 5779
785.701 8747 3031 5781
786.705 8765 3035 5795
787.71 8783 3038 5809
788.713 8778 3036 5806
789.717 8772 3035 5802
790.721 8772 3035 5802
791.725 8772 3035 5801
792.729 8772 3035 5801
793.733 8775 3036 5804
794.737 8796 3040 5820
795.741 8807 3042 5830
796.745 8799 3040 5824
797.749 8796 3039 5822
798.753 8797 3040 5822
799.757 8797 3040 5822
800.761 8797 3040 5822
801.765 8803 3041 5827
802.769 8825 3046 5844
803.773 8821 3044 5842
804.777 8816 3043 5838
805.781 8815 3043 5837
806.785 8816 3043 5838
807.789 8816 3043 5838
808.794 8821 3044 5842
809.797 8840 3048 5857
810.804 8850 3050 5865
811.805 8842 3048 5860
812.809 8838 3047 5857
813.813 8838 3047 5857
814.817 8838 3047 5856
815.823 8838 3047 5856
816.826 8843 3048 5860
817.865 8858 3051 5872
818.87 8852 3050 5868
819.873 8851 3050 5866
820.878 8851 3050 5867
821.882 8858 3051 5873
822.886 8861 3052 5875
823.89 8864 3053 5877
824.894 8865 3053 5878
825.898 8878 3056 5888
826.915 8876 3055 5886
827.919 8878 3056 5888
828.922 8887 3058 5895
829.926 8901 3061 5906
830.93 8895 3059 5902
831.934 8893 3059 5900
832.938 8893 3059 5900
833.942 8894 3059 5901
834.946 8909 3062 5913
835.95 8925 3066 5926
836.954 8923 3065 5924
837.958 8916 3063 5920
838.962 8915 3063 5919
839.966 8915 3063 5918
840.97 8914 3063 5918
841.974 8916 3063 5919
842.978 8930 3066 5930
843.983 8947 3070 5944
844.986 8948 3069 5945
845.99 8941 3067 5940
846.994 8937 3066 5937
847.998 8937 3066 5937
849.002 8936 3066 5936
850.006 8936 3066 5936
851.01 8938 3067 5937
852.014 8952 3070 5948
853.02 8968 3073 5961
854.022 8963 3072 5958
855.026 8957 3070 5954
856.03 8955 3069 5952
857.034 8954 3069 5951
858.039 8954 3069 5951
859.043 8954 3070 5951
860.047 8967 3072 5961
861.051 8983 3076 5974
862.055 8975 3073 5969
863.059 8970 3072 5965
864.063 8970 3072 5965
865.067 8969 3072 5964
866.071 8969 3072 5964
867.075 8980 3074 5972
868.079 8983 3075 5975
869.083 8979 3074 5972
870.087 8980 3074 5972
871.091 8980 3074 5972
872.095 8983 3075 5975
873.099 8999 3078 5987
874.114 9011 3081 5997
875.115 9005 3079 5993
876.119 9000 3078 5989
877.123 9000 3078 5989
878.127 9000 3078 5989
879.131 9000 3078 5988
880.135 9004 3079 5992
881.139 9021 3082 6005
882.143 9020 3082 6005
883.147 9015 3080 6001
884.151 9013 3080 6000
885.155 9013 3080 6000
886.159 9015 3081 6001
887.164 9018 3081 6004
888.167 9033 3084 6016
889.171 9028 3083 6012
890.175 9025 3082 6010
891.179 9025 3083 6010
892.183 9031 3084 6014
893.187 9032 3084 6015
894.191 9034 3084 6016
895.195 9036 3085 6018
896.2 9052 3088 6030
897.203 9060 3090 6037
898.207 9054 3088 6033
899.211 9053 3088 6032
900.215 9052 3088 6031
901.219 9052 3088 6031
902.224 9062 3090 6039
903.228 9059 3089 6037
904.232 9059 3090 6037
905.236 9067 3091 6043
906.24 9067 3091 6043
907.249 9078 3094 6051
908.252 9073 3093 6048
909.256 9073 3093 6048
910.26 9080 3094 6053
911.264 9090 3096 6061
912.268 9085 3095 6058
913.268 9084 3095 6057
914.272 9085 3095 6057
915.276 9086 3095 6058
916.28 9098 3098 6067
917.284 9095 3097 6066
918.288 9096 3098 6066
919.292 9096 3098 6066
920.296 9099 3098 6069
921.3 9106 3100 6074
922.306 9109 3101 6076
923.308 9110 3101 6077
924.312 9114 3102 6080
925.327 9122 3104 6087
926.328 9120 3103 6085
927.332 9125 3104 6089
928.336 9129 3105 6092
929.34 9128 3105 6091
930.344 9129 3105 6092
931.348 9142 3108 6102
932.352 9140 3107 6101
933.356 9140 3107 6101
934.36 9140 3107 6100
935.364 9143 3108 6103
936.368 9152 3110 6110
937.373 9155 3111 6113
938.377 9153 3110 6111
939.38 9152 3110 6110
940.384 9154 3110 6112
941.388 9160 3112 6116
942.392 9160 3112 6116
943.396 9167 3113 6122
944.401 9178 3116 6131
945.404 9173 3114 6127
946.408 9171 3114 6126
947.412 9171 3114 6126
948.417 9175 3115 6129
949.421 9180 3116 6132
950.425 9183 3117 6135
951.429 9183 3117 6135
952.433 9184 3117 6136
953.437 9194 3119 6144
954.446 9192 3119 6142
955.449 9193 3119 6143
956.453 9194 3119 6144
957.458 9208 3122 6154
958.477 9204 3121 6152
959.481 9204 3121 6151
960.485 9203 3121 6151
961.489 9210 3123 6156
962.493 9221 3125 6165
963.497 9215 3123 6161
964.501 9214 3123 6160
965.505 9214 3123 6160
966.509 9215 3123 6160
967.513 9226 3126 6169
968.517 9225 3125 6169
969.521 9224 3125 6167
970.525 9223 3125 6167
971.529 9226 3126 6169
972.533 9239 3129 6180
973.537 9237 3128 6179
974.541 9234 3127 6176
975.545 9235 3128 6177
976.549 9235 3128 6176
977.553 9237 3128 6178
978.557 9250 3131 6188
979.561 9248 3130 6187
980.569 9245 3129 6185
981.574 9245 3129 6185
982.577 9245 3130 6185
983.582 9250 3130 6188
984.586 9262 3133 6199
985.589 9267 3134 6202
986.597 9261 3132 6198
987.601 9259 3132 6196
988.606 9259 3132 6196
989.609 9258 3132 6195
990.614 9261 3133 6198
991.617 9263 3133 6200
992.621 9263 3133 6199
993.625 9265 3133 6201
994.63 9272 3135 6207
995.634 9284 3138 6216
996.637 9279 3136 6212
997.641 9276 3135 6210
998.645 9276 3135 6210
999.65 9276 3135 6210
1000.65 9282 3137 6215
1001.66 9287 3138 6219
1002.66 9284 3137 6216
1003.67 9284 3137 6216
1004.67 9289 3138 6220
1005.67 9289 3138 6221
1006.68 9290 3139 6221
1007.68 9295 3140 6225
1008.69 9294 3140 6224
1009.69 9299 3141 6228
1010.69 9300 3141 6229
1011.7 9302 3142 6230
1012.7 9311 3143 6238
1013.71 9308 3143 6235
1014.71 9309 3143 6235
1015.71 9314 3144 6240
1016.72 9316 3144 6242
1017.72 9316 3144 6241
1018.73 9316 3145 6242
1019.73 9327 3147 6250
1020.73 9327 3147 6250
1021.74 9325 3146 6249
1022.75 9325 3147 6249
1023.75 9326 3147 6249
1024.76 9333 3148 6255
1025.76 9344 3150 6264
1026.77 9344 3150 6264
1027.77 9340 3149 6261
1028.77 9339 3149 6260
1029.78 9338 3149 6259
1030.78 9339 3149 6260
1031.79 9344 3150 6264
1032.8 9354 3152 6272
1033.81 9348 3151 6268
1034.81 9347 3150 6266
1035.81 9346 3150 6266
1036.82 9346 3150 6266
1037.82 9355 3152 6273
1038.83 9361 3153 6278
1039.83 9356 3152 6275
1040.83 9356 3152 6274
1041.84 9355 3152 6273
1042.84 9356 3152 6274
1043.85 9366 3155 6282
1044.85 9371 3155 6286
1045.85 9367 3154 6283
1046.86 9365 3154 6282
1047.86 9365 3154 6281
1048.87 9365 3154 6281
1049.87 9367 3154 6283
1050.88 9377 3157 6291
1051.88 9378 3157 6292
1052.88 9375 3156 6289
1053.89 9375 3156 6289
1054.89 9374 3156 6289
1055.89 9376 3156 6290
1056.9 9387 3159 6299
1057.9 9385 3158 6298
1058.91 9382 3157 6296
1059.91 9383 3158 6296
1060.92 9383 3158 6296
1061.92 9386 3158 6298
1062.92 9397 3161 6307
1063.93 9401 3161 6311
1064.93 9395 3160 6307
1065.93 9393 3159 6305
1066.94 9393 3159 6305
1067.94 9392 3159 6304
1068.95 9392 3159 6304
1069.95 9403 3161 6312
1070.96 9399 3160 6309
1071.96 9396 3160 6308
1072.96 9396 3160 6307
1073.97 9396 3160 6307
1074.97 9402 3161 6312
1075.97 9413 3163 6321
1076.98 9416 3164 6323
1077.98 9411 3162 6320
1078.99 9407 3161 6317
1080 9407 3161 6317
1081 9406 3161 6316
1082.01 9406 3161 6315
1083.01 9408 3162 6317
1084.01 9409 3162 6318
1085.03 9416 3164 6324
1086.03 9413 3163 6321
1087.03 9413 3163 6321
1088.04 9415 3163 6323
1089.04 9426 3166 6332
1090.04 9422 3165 6328
1091.05 9420 3164 6327
1092.06 9421 3165 6327
1093.06 9419 3164 6326
1094.07 9424 3165 6330
1095.07 9435 3168 6338
1096.08 9434 3167 6338
1097.08 9430 3166 6335
1098.08 9429 3166 6334
1099.09 9429 3166 6334
1100.09 9429 3166 6334
1101.1 9431 3166 6336
1102.1 9437 3168 6341
1103.1 9435 3167 6339
1104.11 9435 3167 6339
1105.11 9440 3168 6343
1106.12 9440 3168 6343
1107.12 9446 3170 6348
1108.12 9444 3169 6346
1109.13 9444 3170 6346
1110.13 9450 3171 6350
1111.14 9460 3173 6358
1112.14 9455 3172 6355
1113.14 9453 3171 6353
1114.15 9452 3171 6353
1115.15 9452 3171 6352
1116.16 9458 3172 6357
1117.16 9462 3173 6361
1118.16 9459 3172 6358
1119.17 9458 3172 6357
1120.17 9458 3172 6357
1121.18 9466 3174 6363
1122.18 9464 3173 6362
1123.18 9463 3173 6361
1124.19 9464 3174 6361
1125.19 9469 3175 6366
1126.2 9468 3175 6365
1127.2 9468 3175 6365
1128.2 9474 3176 6370
1129.21 9484 3178 6377
1130.21 9489 3179 6381
1131.22 9483 3177 6377
1132.22 9480 3176 6375
1133.23 9480 3177 6375
1134.23 9478 3176 6374
1135.24 9478 3176 6374
1136.24 9480 3177 6375
1137.25 9481 3177 6376
1138.25 9491 3179 6383
1139.25 9486 3178 6380
1140.26 9485 3178 6379
1141.27 9485 3178 6379
1142.27 9486 3178 6380
1143.27 9487 3178 6381
1144.28 9489 3179 6382
1145.28 9496 3180 6387
1146.28 9495 3180 6387
1147.29 9495 3180 6387
1148.29 9495 3180 6387
1149.3 9498 3181 6390
1150.3 9501 3181 6392
1151.3 9500 3181 6391
1152.31 9503 3182 6393
1153.31 9505 3182 6394
1154.32 9514 3184 6402
1155.32 9520 3185 6406
1156.32 9514 3184 6402
1157.33 9512 3184 6401
1158.33 9512 3183 6400
1159.34 9511 3184 6400
1160.34 9512 3184 6400
1161.34 9514 3184 6402
1162.35 9518 3185 6405
1163.36 9518 3185 6405
1164.36 9519 3185 6406
1165.36 9520 3186 6407
1166.37 9530 3188 6414
1167.37 9535 3189 6418
1168.38 9530 3187 6415
1169.38 9528 3187 6413
1170.38 9528 3187 6413
1171.39 9527 3187 6413
1172.39 9528 3187 6413
1173.4 9538 3189 6421
1174.4 9535 3188 6419
1175.4 9534 3188 6418
1176.41 9534 3188 6418
1177.41 9534 3188 6418
1178.42 9541 3190 6424
1179.42 9544 3190 6426
1180.42 9540 3189 6423
1181.43 9540 3189 6423
1182.43 9540 3189 6422
1183.44 9547 3191 6429
1184.44 9552 3192 6432
1185.44 9547 3191 6429
1186.45 9546 3190 6428
1187.45 9546 3190 6427
1188.46 9546 3190 6428
1189.46 9555 3192 6434
1190.46 9554 3192 6434
1191.47 9551 3191 6432
1192.47 9551 3192 6432
1193.48 9551 3192 6432
1194.48 9553 3192 6433
1195.48 9563 3194 6442
1196.49 9570 3195 6447
1197.49 9564 3194 6443
1198.5 9561 3193 6440
1199.5 9560 3193 6440
1200.5 9559 3193 6439
1201.51 9559 3193 6439
1202.51 9559 3193 6439
1203.52 9569 3195 6447
1204.52 9577 3197 6453
1205.53 9572 3195 6449
1206.54 9568 3194 6447
1207.54 9567 3194 6445
1208.54 9566 3194 6445
1209.55 9565 3194 6444
1210.55 9569 3194 6447
1211.56 9568 3194 6447
1212.56 9569 3195 6447
1213.57 9578 3196 6454
1214.57 9581 3197 6457
1215.57 9577 3196 6454
1216.58 9575 3196 6452
1217.58 9575 3196 6452
1218.59 9574 3195 6451
1219.59 9580 3197 6456
1220.59 9589 3199 6464
1221.6 9586 3198 6461
1222.61 9582 3197 6458
1223.62 9582 3197 6458
1224.63 9581 3197 6457
1225.63 9581 3197 6457
1226.63 9583 3197 6459
1227.64 9593 3199 6467
1228.64 9600 3201 6472
1229.65 9595 3199 6469
1230.65 9591 3198 6466
1231.65 9590 3198 6465
1232.66 9589 3198 6464
1233.66 9588 3198 6463
1234.67 9588 3198 6463
1235.67 9590 3198 6465
1236.67 9594 3199 6468
1237.68 9595 3199 6469
1238.68 9594 3199 6468
1239.69 9595 3199 6469
1240.69 9603 3201 6475
1241.69 9613 3203 6483
1242.7 9609 3202 6480
1243.7 9605 3200 6477
1244.71 9603 3200 6476
1245.71 9603 3200 6476
1246.71 9602 3200 6475
1247.72 9602 3200 6475
1248.72 9609 3202 6480
1249.73 9618 3204 6488
1250.73 9623 3204 6492
1251.73 9618 3203 6488
1252.74 9614 3202 6485
1253.74 9612 3201 6483
1254.75 9611 3201 6483
1255.75 9610 3201 6482
1256.76 9611 3201 6483
1257.76 9610 3201 6482
1258.77 9614 3202 6485
1259.77 9623 3204 6492
1260.78 9633 3206 6501
1261.78 9631 3205 6499
1262.78 9626 3204 6496
1263.79 9622 3202 6493
1264.79 9620 3202 6491
1265.79 9619 3202 6490
1266.8 9618 3202 6490
1267.8 9618 3202 6489
1268.81 9618 3202 6489
1269.81 9622 3203 6492
1270.81 9632 3205 6500
1271.82 9631 3204 6499
1272.82 9626 3203 6496
1273.83 9624 3203 6495
1274.83 9624 3203 6494
1275.83 9624 3203 6494
1276.84 9624 3203 6494
1277.84 9633 3205 6501
1278.85 9633 3204 6502
1279.85 9629 3203 6499
1280.85 9628 3203 6498
1281.86 9628 3203 6498
1282.86 9627 3203 6497
1283.87 9631 3204 6500
1284.87 9631 3204 6500
1285.87 9631 3204 6500
1286.88 9639 3206 6506
1287.88 9648 3208 6514
1288.89 9651 3208 6516
1289.89 9646 3207 6513
1290.89 9643 3206 6510
1291.9 9642 3206 6510
1292.9 9641 3206 6509
1293.91 9641 3206 6509
1294.91 9641 3206 6509
1295.92 9645 3207 6512
1296.92 9655 3209 6520
1297.93 9664 3210 6527
1298.93 9662 3210 6526
1299.93 9657 3208 6522
1300.94 9653 3207 6519
1301.94 9651 3207 6518
1302.95 9650 3207 6517
1303.95 9649 3207 6516
1304.95 9649 3206 6516
1305.96 9648 3206 6515
1306.97 9651 3207 6517
1307.97 9653 3207 6519
1308.97 9662 3209 6526
1309.98 9657 3208 6523
1311 9656 3208 6522
1312 9656 3208 6521
1313.01 9656 3208 6521
1314.02 9659 3209 6524
1315.02 9668 3211 6531
1316.02 9678 3213 6539
1317.03 9674 3211 6537
1318.03 9670 3210 6533
1319.03 9667 3209 6531
1320.04 9666 3209 6530
1321.04 9665 3209 6529
1322.05 9664 3209 6529
1323.05 9664 3209 6528
1324.05 9664 3209 6529
1325.06 9673 3211 6536
1326.06 9670 3210 6534
1327.07 9668 3210 6532
1328.07 9668 3210 6532
1329.07 9668 3210 6532
1330.1 9677 3212 6539
1331.1 9674 3211 6536
1332.1 9673 3211 6536
1333.11 9672 3211 6535
1334.11 9673 3211 6536
1335.12 9683 3213 6544
1336.12 9691 3215 6550
1337.12 9691 3214 6551
1338.13 9687 3213 6548
1339.13 9684 3212 6545
1340.13 9683 3212 6544
1341.14 9681 3212 6543
1342.14 9681 3212 6543
1343.15 9680 3212 6542
1344.15 9684 3213 6545
1345.15 9693 3215 6552
1346.16 9694 3214 6553
1347.16 9690 3213 6550
1348.17 9687 3213 6548
1349.17 9687 3213 6548
1350.17 9686 3213 6547
1351.18 9686 3213 6547
1352.18 9688 3213 6549
1353.19 9687 3213 6548
1354.19 9692 3214 6552
1355.19 9692 3214 6552
1356.2 9699 3215 6557
1357.2 9702 3216 6560
1358.21 9698 3215 6557
1359.21 9697 3215 6556
1360.21 9696 3214 6555
1361.22 9695 3214 6555
1362.22 9703 3216 6561
1363.23 9709 3217 6566
1364.23 9705 3216 6563
1365.23 9703 3216 6561
1366.24 9702 3215 6560
1367.24 9701 3215 6560
1368.25 9701 3215 6560
1369.25 9708 3217 6565
1370.25 9717 3219 6572
1371.26 9712 3217 6569
1372.26 9709 3216 6567
1373.27 9708 3216 6566
1374.27 9708 3216 6565
1375.27 9707 3216 6565
1376.28 9711 3217 6568
1377.28 9720 3219 6575
1378.29 9719 3219 6575
1379.29 9716 3218 6572
1380.3 9715 3217 6571
1381.3 9714 3217 6571
1382.3 9715 3218 6571
1383.31 9715 3218 6571
1384.31 9718 3218 6574
1385.32 9723 3219 6578
1386.32 9730 3221 6583
1387.33 9726 3220 6580
1388.34 9723 3219 6578
1389.34 9722 3219 6578
1390.34 9722 3219 6577
1391.35 9726 3220 6581
1392.35 9727 3220 6582
1393.36 9727 3220 6581
1394.36 9726 3220 6580
1395.38 9730 3221 6583
1396.38 9729 3221 6583
1397.38 9738 3222 6590
1398.39 9738 3222 6590
1399.39 9735 3221 6588
1400.4 9735 3221 6587
1401.4 9734 3221 6587
1402.4 9734 3221 6587
1403.41 9736 3222 6589
1404.41 9741 3223 6592
1405.42 9749 3225 6599
1406.42 9747 3224 6598
1407.42 9744 3223 6595
1408.43 9742 3223 6594
1409.43 9742 3223 6594
1410.44 9742 3223 6593
1411.44 9746 3224 6597
1412.44 9755 3225 6604
1413.45 9758 3226 6606
1414.45 9753 3224 6603
1415.46 9750 3224 6601
1416.46 9750 3224 6601
1417.46 9749 3224 6600
1418.47 9749 3224 6599
1419.47 9748 3224 6599
1420.48 9752 3224 6602
1421.48 9751 3224 6601
1422.48 9752 3224 6602
1423.49 9756 3225 6606
1424.49 9765 3227 6612
1425.5 9772 3229 6618
1426.5 9768 3227 6615
1427.5 9764 3226 6612
1428.51 9762 3226 6611
1429.51 9761 3226 6610
1430.52 9761 3226 6610
1431.52 9760 3226 6609
1432.52 9761 3226 6610
1433.53 9762 3226 6611
1434.53 9763 3226 6611
1435.54 9769 3228 6616
1436.54 9777 3229 6622
1437.54 9774 3228 6620
1438.55 9771 3227 6618
1439.55 9769 3227 6617
1440.56 9770 3227 6617
1441.56 9769 3227 6616
1442.56 9769 3227 6617
1443.57 9773 3228 6620
1444.57 9772 3228 6619
1445.58 9772 3228 6619
1446.58 9777 3229 6623
1447.58 9785 3231 6629
1448.59 9787 3231 6631
1449.59 9783 3230 6628
1450.59 9780 3229 6626
1451.6 9780 3229 6626
1452.6 9779 3229 6625
1453.6 9779 3229 6624
1454.61 9779 3229 6624
1455.61 9787 3231 6631
1456.62 9785 3230 6629
1457.62 9783 3230 6628
1458.62 9783 3230 6628
1459.63 9783 3230 6628
1460.65 9790 3231 6633
1461.65 9787 3231 6631
1462.66 9787 3231 6631
1463.66 9787 3231 6631
1464.66 9795 3232 6638
1465.67 9795 3232 6638
1466.67 9793 3232 6636
1467.68 9792 3232 6636
1468.68 9792 3232 6635
1469.69 9792 3232 6635
1470.69 9800 3233 6641
1471.69 9805 3234 6645
1472.7 9801 3233 6642
1473.7 9798 3232 6640
1474.7 9797 3232 6640
1475.71 9796 3232 6639
1476.71 9796 3232 6639
1477.74 9802 3234 6643
1478.74 9800 3233 6642
1479.75 9807 3235 6647
1480.75 9805 3234 6646
1481.76 9803 3234 6644
1482.76 9803 3234 6644
1483.76 9802 3233 6644
1484.77 9806 3234 6647
1485.77 9814 3236 6653
1486.78 9818 3237 6656
1487.78 9814 3236 6654
1488.78 9811 3235 6652
1489.79 9811 3235 6651
1490.79 9810 3235 6650
1491.8 9810 3235 6650
1492.8 9811 3235 6651
1493.8 9811 3235 6651
1494.81 9815 3236 6654
1495.81 9816 3236 6655
1496.82 9820 3237 6659
1497.83 9818 3236 6657
1498.83 9817 3236 6656
1499.84 9817 3236 6656
1500.84 9818 3236 6657
1501.84 9823 3238 6661
1502.85 9821 3237 6659
1503.85 9820 3237 6658
1504.86 9821 3237 6659
1505.87 9828 3239 6664
1506.89 9825 3238 6662
1507.9 9824 3238 6662
1508.91 9824 3238 6662
1509.91 9826 3238 6663
1510.92 9834 3240 6669
1511.92 9836 3240 6671
1512.92 9832 3239 6668
1513.93 9831 3239 6667
1514.93 9831 3239 6667
1515.94 9830 3239 6666
1516.94 9831 3239 6667
1517.94 9839 3241 6673
1518.95 9846 3242 6679
1519.95 9845 3242 6678
1520.96 9841 3241 6676
1521.96 9839 3240 6674
1522.96 9838 3240 6673
1523.97 9837 3240 6673
1524.97 9837 3240 6672
1525.98 9838 3240 6673
1526.98 9839 3240 6674
1527.98 9841 3241 6675
1528.99 9844 3241 6677
1529.99 9842 3241 6676
1531 9842 3241 6676
1532 9843 3241 6677
1533 9845 3242 6679
1534.01 9845 3242 6678
1535.02 9848 3242 6681
1536.02 9849 3243 6681
1537.02 9856 3244 6687
1538.03 9861 3245 6691
1539.03 9857 3244 6688
1540.04 9854 3243 6686
1541.04 9854 3243 6686
1542.04 9853 3243 6685
1543.05 9852 3243 6685
1544.05 9853 3243 6685
1545.06 9860 3245 6690
1546.06 9867 3246 6697
1547.06 9864 3245 6694
1548.07 9861 3244 6692
1549.07 9859 3244 6690
1550.08 9858 3244 6690
1551.08 9857 3244 6689
1552.08 9857 3244 6689
1553.09 9861 3245 6692
1554.09 9863 3245 6693
1555.1 9861 3244 6692
1556.1 9861 3244 6692
1557.11 9860 3244 6691
1558.11 9867 3246 6697
1559.11 9875 3248 6703
1560.12 9873 3247 6702
1561.13 9869 3246 6699
1562.13 9867 3245 6697
1563.14 9866 3245 6697
1564.14 9865 3245 6696
1565.14 9865 3245 6696
1566.15 9865 3245 6696
1567.15 9869 3246 6699
1568.16 9877 3248 6705
1569.17 9884 3249 6711
1570.17 9881 3248 6708
1571.18 9878 3247 6706
1572.18 9874 3246 6704
1573.19 9873 3246 6703
1574.19 9872 3246 6702
1575.19 9872 3246 6702
1576.2 9871 3246 6701
1577.2 9871 3246 6701
1578.21 9876 3247 6705
1579.21 9884 3248 6711
1580.21 9886 3249 6713
1581.22 9882 3248 6710
1582.22 9878 3247 6707
1583.23 9877 3246 6706
1584.23 9876 3246 6705
1585.23 9875 3246 6705
1586.24 9874 3246 6704
1587.24 9878 3247 6707
1588.25 9877 3246 6706
1589.25 9876 3246 6706
1590.25 9878 3247 6707
1591.26 9886 3248 6713
1592.26 9893 3250 6719
1593.27 9892 3249 6718
1594.27 9888 3248 6716
1595.27 9885 3247 6713
1596.28 9884 3247 6712
1597.28 9883 3247 6712
1598.29 9882 3247 6711
1599.29 9882 3247 6710
1600.29 9881 3247 6710
1601.3 9882 3247 6711
1602.3 9886 3248 6714
1603.31 9894 3250 6720
1604.31 9901 3251 6725
1605.31 9897 3250 6723
1606.32 9894 3249 6720
1607.32 9890 3248 6718
1608.33 9889 3248 6717
1609.33 9888 3248 6716
1610.33 9887 3247 6715
1611.34 9887 3247 6715
1612.34 9886 3247 6714
1613.35 9888 3248 6716
1614.35 9895 3249 6721
1615.35 9902 3251 6727
1616.36 9897 3249 6724
1617.36 9894 3248 6721
1618.37 9891 3248 6719
1619.37 9891 3248 6719
1620.37 9890 3248 6718
1621.38 9889 3247 6717
1622.38 9889 3247 6717
1623.39 9893 3248 6721
1624.39 9892 3248 6719
1625.39 9891 3248 6719
1626.4 9891 3248 6719
1627.4 9898 3250 6724
1628.41 9897 3249 6724
1629.41 9896 3249 6723
1630.41 9894 3249 6722
1631.42 9894 3249 6721
1632.42 9898 3249 6724
1633.43 9902 3250 6727
1634.43 9899 3249 6725
1635.43 9898 3249 6724
1636.44 9897 3249 6724
1637.44 9900 3250 6726
1638.45 9899 3250 6725
1639.45 9899 3250 6725
1640.45 9905 3251 6729
1641.46 9903 3251 6728
1642.46 9904 3251 6729
1643.47 9904 3251 6729
1644.47 9908 3252 6732
1645.47 9908 3252 6732
1646.48 9908 3252 6732
1647.48 9907 3252 6731
1648.49 9913 3253 6736
1649.49 9914 3253 6737
1650.49 9912 3253 6735
1651.5 9911 3253 6735
1652.5 9911 3253 6734
1653.51 9916 3254 6739
1654.51 9919 3254 6741
1655.51 9917 3254 6739
1656.52 9915 3253 6738
1657.52 9914 3253 6737
1658.53 9914 3253 6737
1659.53 9918 3254 6740
1660.53 9921 3255 6742
1661.54 9918 3254 6740
1662.54 9918 3254 6740
1663.55 9917 3254 6739
1664.55 9920 3255 6741
1665.55 9920 3254 6741
1666.56 9926 3256 6746
1667.56 9928 3256 6748
1668.57 9924 3255 6745
1669.57 9924 3255 6745
1670.57 9923 3255 6744
1671.58 9923 3255 6744
1672.58 9923 3255 6744
1673.59 9930 3257 6750
1674.59 9937 3258 6755
1675.59 9936 3258 6755
1676.6 9933 3257 6752
1677.6 9930 3256 6750
1678.61 9929 3256 6750
1679.61 9929 3256 6749
1680.61 9928 3256 6748
1681.62 9927 3256 6748
1682.62 9927 3256 6748
1683.63 9931 3257 6751
1684.63 9939 3258 6757
1685.63 9938 3258 6756
1686.64 9935 3257 6754
1687.64 9932 3256 6752
1688.65 9932 3256 6752
1689.65 9931 3256 6751
1690.65 9930 3256 6751
1691.66 9931 3256 6751
1692.66 9937 3257 6756
1693.67 9941 3258 6759
1694.68 9938 3257 6756
1695.69 9935 3256 6754
1696.69 9934 3256 6754
1697.69 9933 3256 6753
1698.7 9933 3256 6753
1699.7 9935 3257 6754
1700.71 9934 3257 6754
1701.71 9936 3257 6755
1702.72 9943 3258 6760
1703.72 9943 3258 6761
1704.72 9940 3257 6759
1705.73 9939 3257 6758
1706.73 9938 3257 6757
1707.74 9938 3257 6757
1708.74 9941 3258 6759
1709.74 9940 3258 6758
1710.75 9940 3258 6758
1711.75 9942 3258 6760
1712.76 9949 3260 6765
1713.76 9955 3261 6770
1714.77 9952 3260 6768
1715.77 9948 3259 6766
1716.78 9946 3259 6764
1717.78 9946 3258 6763
1718.78 9945 3258 6763
1719.79 9944 3258 6762
1720.79 9945 3258 6763
1721.8 9947 3259 6764
1722.8 9947 3259 6764
1723.8 9952 3260 6768
1724.81 9954 3260 6770
1725.81 9951 3259 6767
1726.82 9949 3259 6766
1727.82 9949 3259 6766
1728.82 9948 3259 6765
1729.83 9948 3259 6765
1730.83 9954 3260 6770
1731.84 9960 3262 6775
1732.84 9958 3261 6773
1733.84 9955 3260 6771
1734.85 9953 3260 6770
1735.86 9953 3260 6770
1736.87 9952 3260 6769
1737.88 9952 3260 6768
1738.89 9953 3260 6769
1739.9 9959 3261 6774
1740.9 9957 3261 6773
1741.91 9955 3260 6771
1742.91 9955 3260 6771
1743.92 9954 3260 6770
1744.92 9954 3260 6770
1745.92 9960 3261 6775
1746.93 9966 3263 6780
1747.93 9962 3262 6777
1748.94 9960 3261 6775
1749.94 9958 3261 6774
1750.94 9958 3260 6773
1751.94 9957 3260 6773
1752.95 9957 3260 6773
1753.95 9960 3261 6775
1754.96 9967 3263 6780
1755.96 9965 3262 6779
1756.96 9962 3261 6777
1757.97 9960 3261 6776
1758.97 9960 3261 6776
1759.98 9959 3261 6775
1760.98 9959 3261 6775
1761.98 9962 3261 6777
1762.99 9969 3263 6782
1763.99 9974 3264 6787
1765 9971 3263 6785
1766 9968 3262 6782
1767.01 9965 3261 6781
1768.01 9965 3261 6780
1769.02 9964 3261 6779
1770.02 9964 3261 6779
1771.02 9964 3261 6779
1772.03 9963 3261 6778
1773.03 9965 3262 6780
1774.04 9971 3263 6785
1775.04 9977 3264 6789
1776.06 9973 3263 6787
1777.06 9970 3262 6785
1778.06 9968 3261 6783
1779.07 9967 3261 6782
1780.07 9966 3261 6782
1781.08 9966 3261 6781
1782.08 9965 3261 6781
1783.08 9967 3262 6782
1784.09 9966 3261 6781
1785.09 9969 3262 6783
1786.1 9970 3262 6785
1787.1 9970 3262 6784
1788.1 9969 3262 6784
1789.11 9973 3263 6787
1790.11 9979 3264 6791
1791.12 9980 3264 6792
1792.12 9977 3263 6790
1793.12 9975 3263 6788
1794.13 9974 3263 6788
1795.13 9973 3263 6787
1796.14 9972 3262 6786
1797.14 9973 3263 6787
1798.14 9973 3263 6787
1799.15 9979 3264 6792
1800.15 9979 3264 6791
1801.16 9976 3263 6790
1802.16 9975 3263 6789
1803.16 9975 3263 6788
1804.17 9975 3263 6788
1805.17 9976 3263 6789
1806.19 9978 3264 6791
1807.2 9978 3264 6791
1808.21 9983 3265 6795
1809.21 9981 3264 6793
