# timestamp	memory footprint (MB)\n
-287.975 0
-253.033 0
-251.451 0
-246.585 0
-245.56 0
-244.51 0
-243.504 0
-242.426 0
-241.406 0
-240.402 0
-239.373 0
-237.396 0
-236.278 0
-235.251 0
-234.249 0
-232.115 0
-231 0
-229.904 0
-228.896 0
-227.092 0
-226.069 0
-225.069 0
-221.197 0
-220.195 0
-219.181 0
-218.181 0
-217.175 0
-213.438 0
-212.434 0
-211.433 0
-210.432 0
-206.815 0
-205.817 0
-204.812 0
-202.363 0
-201.365 0
-200.362 0
-197.641 0
-196.633 0
-195.632 0
-194.623 0
-191.994 0
-190.987 0
-189.985 0
-188.986 0
-186.443 0
-185.429 0
-184.425 0
-183.421 0
-180.097 0
-179.1 0
-178.097 0
-177.099 0
-175.174 0
-174.173 0
-173.166 0
-172.16 0
-169.685 0
-168.686 0
-167.685 0
-165.062 0
-164.045 0
-160.999 0
-159.997 0
-158.997 0
-156.959 0
-155.952 0
-154.942 0
-153.94 0
-151.043 0
-150.042 0
-149.041 0
-148.041 0
-145.176 0
-144.176 0
-143.174 0
-142.175 0
-139.671 0
-138.464 0
-137.464 0
-134.685 0
-133.363 0
-132.363 0
-129.437 0
-128.436 0
-127.439 0
-126.439 0
-123.852 0
-122.855 0
-121.854 0
-120.855 0
-119.851 0
-115.926 0
-114.927 0
-113.919 0
-111.888 0
-110.891 0
-109.887 0
-108.887 0
-106.086 0
-105.084 0
-104.087 0
-103.084 0
-100.701 0
-99.6916 0
-98.6885 0
-95.1802 0
-94.1679 0
-93.1662 0
-92.158 0
-89.3564 0
-88.3496 0
-87.3444 0
-84.9441 0
-83.9423 0
-81.0259 0
-80.0216 0
-78.0939 0
-77.0874 0
-76.0857 0
-72.2488 0
-71.2405 0
-70.2361 0
-66.2695 0
-65.268 0
-64.2641 0
-63.2609 0
-60.2442 0
-59.2396 0
-58.2366 0
-55.1938 0
-54.1845 0
-53.1842 0
-50.0312 0
-49.0256 0
-48.0222 0
-47.0069 0
-43.2192 0
-42.2106 0
-41.2066 0
-39.1381 0
-38.1016 0
-37.098 0
-36.0953 0
-35.0591 0
-33.335 0
-32.3244 0
-28.7031 0
-27.6975 0
-26.6922 0
-25.6893 0
-22.6135 0
-21.6056 0
-20.6016 0
-17.6165 0
-16.6133 0
-15.6103 0
-14.6066 0
-13.5698 0
-12.5582 0
-11.5529 0
-10.5507 0
-9.54667 0
-8.54037 0
-6.99429 0
-5.99052 0
-4.98655 0
-3.98255 0
-2.97852 0
-1.86423 0
0.006134 0
1.00957 0
2.01364 0
3.01896 0
4.02168 0
5.02568 0
6.02996 0
7.03374 0
8.03783 0
9.04178 0
10.0458 0
11.0498 0
12.0538 0
13.0625 0
14.0659 0
15.0704 0
16.0744 0
17.078 0
18.0822 0
19.086 0
20.09 0
21.0941 0
22.0981 0
23.1021 0
24.1071 0
25.1101 0
26.1142 0
27.1182 0
28.1222 0
29.1262 0
30.1303 0
31.1343 0
32.1383 0
33.1423 0
34.1463 0
35.1503 0
36.1544 0
37.1584 0
38.1624 0
39.1664 0
40.1704 0
41.1744 0
42.1788 0
43.1825 0
44.2025 0
45.2065 0
46.2132 0
47.2146 0
48.2186 0
49.2226 0
50.2267 0
51.2306 0
52.2346 0
53.2387 0
54.2427 0
55.2467 0
56.2507 0
57.2547 0
58.2621 0
59.2628 0
60.2668 0
61.2708 0
62.2748 0
63.2788 0
64.2828 0
65.2869 0
66.2909 0
67.2949 0
68.2989 0
69.3029 0
70.3069 0
71.3109 0
72.315 0
73.3189 0
74.323 0
75.327 0
76.3311 0
77.335 0
78.339 0
79.3431 0
80.347 0
81.3511 0
82.3551 0
83.3591 0
84.3631 0
85.3671 0
86.3711 0
87.3751 0
88.3792 0
89.3835 0
90.3872 0
91.3912 0
92.3952 0
93.3992 0
94.4032 0
95.4072 0
96.4112 0
97.4153 0
98.4193 0
99.4233 0
100.431 0
101.431 0
102.435 0
103.439 0
104.443 0
105.447 0
106.454 0
107.455 0
108.459 0
109.463 0
110.467 0
111.471 0
112.475 0
113.479 0
114.483 0
115.487 0
116.492 0
117.496 0
118.503 0
119.504 0
120.508 0
121.512 0
122.516 0
123.52 0
124.524 0
125.528 0
126.532 0
127.536 0
128.544 0
129.548 0
130.552 0
131.556 0
132.56 0
133.564 0
134.568 0
135.572 0
136.576 0
137.58 0
138.584 0
139.588 0
140.588 0
141.592 0
142.596 0
143.6 0
144.604 0
145.608 0
146.612 0
147.619 0
148.62 0
149.624 0
150.628 0
151.632 0
152.636 0
153.64 0
154.644 0
155.648 0
156.664 0
157.664 0
158.664 0
159.664 0
160.664 0
161.664 0
162.665 0
163.664 0
164.664 0
165.664 0
166.664 0
167.664 0
168.664 0
169.67 0
170.672 0
171.672 0
172.672 0
173.672 0
174.672 0
175.672 0
176.672 0
177.672 0
178.672 0
179.672 0
180.672 0
181.672 0
182.678 0
183.676 0
184.676 0
185.676 0
186.676 0
187.676 0
188.676 0
189.676 0
190.676 0
191.676 0
192.676 0
193.675 0
194.676 0
195.675 0
196.675 0
197.675 0
198.675 0
199.676 0
200.675 0
201.676 0
202.675 0
203.675 0
204.675 0
205.675 0
206.675 0
207.676 0
208.675 0
209.675 0
210.675 0
211.675 0
212.675 0
213.68 0
214.679 0
215.679 0
216.679 0
217.679 0
218.679 0
219.679 0
220.679 0
221.68 0
222.679 0
223.679 0
224.679 0
225.679 0
226.679 0
227.679 0
228.679 0
229.679 0
230.679 0
231.679 0
232.679 0
233.679 0
234.679 0
235.679 0
236.679 0
237.679 0
238.679 0
239.679 0
240.679 0
241.679 0
242.679 0
243.679 0
244.679 0
245.689 0
246.687 0
247.687 0
248.687 0
249.687 0
250.687 0
251.687 0
252.687 0
253.687 0
254.687 0
255.687 0
256.687 0
257.687 0
258.687 0
259.687 0
260.687 0
261.687 0
262.687 0
263.687 0
264.687 0
265.693 0
266.691 0
267.691 0
268.691 0
269.691 0
270.691 0
271.691 0
272.691 0
273.691 0
274.691 0
275.691 0
276.691 0
277.691 0
278.691 0
279.691 0
280.691 0
281.691 0
282.691 0
283.691 0
284.691 0
285.691 0
286.691 0
287.691 0
288.691 0
289.691 0
290.691 0
291.691 0
292.691 0
293.691 0
294.691 0
295.695 0
296.695 0
297.695 0
298.699 0
299.699 0
300.703 0
301.703 0
302.707 0
303.707 0
304.711 0
305.715 0
306.719 0
307.719 1
308.723 0
309.727 0
310.731 1
311.735 0
312.739 0
313.743 0
314.747 0
315.751 0
316.755 0
317.759 0
318.763 0
319.767 0
320.771 0
321.775 0
322.779 0
323.783 0
324.787 0
325.791 0
326.795 0
327.799 0
328.805 0
329.807 0
330.811 0
331.817 0
332.819 0
333.823 0
334.827 0
335.831 0
336.835 0
337.839 1
338.843 0
339.847 0
340.853 0
341.855 0
342.863 1
343.863 0
344.867 0
345.871 1
346.875 0
347.879 0
348.883 0
349.887 1
350.893 0
351.895 0
352.899 0
353.903 0
354.907 0
355.911 0
356.915 0
357.919 0
358.923 0
359.927 1
360.931 0
361.935 0
362.939 0
363.943 0
364.947 0
365.951 0
366.955 0
367.959 1
368.963 0
369.967 0
370.971 0
371.975 0
372.979 0
373.983 1
374.987 0
375.991 0
376.995 0
377.999 1
379.003 0
380.007 0
381.011 0
382.015 0
383.019 0
384.023 1
385.027 0
386.031 0
387.035 0
388.039 0
389.043 0
390.047 0
391.051 1
392.055 1
393.059 0
394.063 0
395.067 0
396.071 0
397.075 0
398.087 0
399.091 0
400.095 0
401.099 0
402.103 0
403.107 1
404.121 1
405.123 0
406.127 0
407.131 0
408.135 1
409.139 1
410.143 0
411.147 0
412.151 0
413.155 0
414.159 0
415.163 0
416.167 1
417.171 0
418.175 0
419.179 0
420.183 0
421.187 0
422.191 0
423.195 0
424.199 1
425.203 0
426.207 1
427.211 0
428.215 0
429.219 0
430.223 0
431.227 0
432.231 0
433.235 0
434.24 2
435.243 1
436.255 3
437.255 0
438.259 1
439.263 1
440.267 2
441.271 0
442.275 0
443.279 1
444.283 1
445.287 0
446.291 0
447.295 0
448.299 1
449.304 0
450.307 0
451.311 0
452.315 0
453.32 3
454.323 1
455.328 3
456.331 0
457.336 1
458.34 1
459.343 1
460.347 1
461.351 0
462.355 0
463.36 4
464.367 0
465.372 2
466.376 1
467.38 2
468.384 0
469.387 0
470.391 0
471.395 0
472.4 0
473.404 4
474.408 1
475.412 2
476.416 1
477.42 2
478.424 8
479.428 0
480.432 0
481.436 0
482.44 0
483.444 1
484.448 6
485.452 0
486.456 0
487.46 0
488.464 0
489.468 0
490.472 0
491.476 3
492.48 0
493.484 2
494.488 0
495.492 0
496.496 1
497.5 1
498.504 1
499.508 1
500.512 7
501.516 0
502.52 0
503.524 0
504.528 0
505.532 0
506.536 0
507.54 4
508.544 0
509.548 0
510.555 0
511.556 1
512.56 0
513.564 0
514.568 0
515.572 4
516.576 9
517.58 1
518.584 0
519.588 0
520.592 0
521.596 0
522.6 0
523.604 1
524.608 1
525.612 2
526.617 7
527.62 13
528.625 0
529.628 0
530.632 0
531.632 0
532.636 0
533.64 0
534.644 0
535.648 1
536.652 6
537.656 12
538.66 1
539.664 0
540.668 0
541.672 0
542.676 0
543.68 0
544.684 0
545.688 0
546.692 4
547.696 10
548.7 1
549.704 0
550.708 0
551.712 0
552.716 1
553.72 0
554.724 1
555.729 2
556.732 0
557.736 0
558.74 0
559.744 0
560.748 0
561.752 3
562.757 2
563.76 2
564.764 8
565.768 1
566.772 0
567.776 0
568.78 0
569.784 1
570.788 6
571.797 0
572.8 0
573.804 0
574.809 0
575.812 0
576.817 5
577.821 12
578.824 1
579.828 0
580.832 0
581.836 0
582.84 1
583.844 1
584.848 1
585.852 1
586.861 1
587.864 2
588.868 0
589.872 0
590.876 0
591.88 1
592.884 6
593.888 0
594.892 0
595.896 0
596.901 5
597.904 0
598.908 1
599.912 1
600.916 3
601.92 0
602.925 1
603.928 1
604.932 0
605.936 1
606.954 3
607.956 0
608.962 3
609.964 0
610.968 3
611.977 1
612.98 1
613.984 0
614.988 0
616.002 0
617.004 2
618.008 2
619.012 1
620.016 0
621.02 1
622.024 0
623.028 0
624.032 0
625.036 3
626.041 1
627.046 2
628.048 8
629.063 0
630.064 0
631.068 0
632.072 1
633.076 6
634.08 0
635.085 0
636.088 0
637.093 6
638.097 13
639.1 0
640.104 0
641.108 1
642.112 0
643.116 0
644.12 0
645.125 4
646.129 10
647.132 0
648.136 0
649.14 0
650.144 0
651.148 1
652.153 2
653.156 9
654.16 16
655.164 2
656.168 0
657.172 0
658.178 1
659.18 2
660.184 0
661.189 3
662.207 1
663.208 0
664.213 1
665.216 0
666.221 1
667.225 8
668.231 1
669.233 0
670.237 0
671.241 3
672.245 1
673.249 1
674.253 1
675.257 5
676.261 0
677.265 3
678.269 0
679.273 1
680.277 5
681.281 0
682.285 5
683.289 1
684.293 2
685.297 0
686.301 0
687.306 4
688.309 0
689.313 3
690.317 0
691.321 1
692.325 0
693.329 1
694.334 5
695.337 0
696.342 3
697.346 1
698.35 1
699.354 0
700.358 0
701.362 4
702.366 1
703.37 1
704.374 0
705.378 1
706.382 6
707.386 0
708.39 1
709.394 2
710.398 0
711.402 1
712.406 0
713.41 0
714.414 6
715.418 0
716.425 2
717.426 1
718.431 0
719.435 5
720.439 2
721.442 1
722.446 1
723.451 0
724.455 5
725.459 0
726.463 4
727.467 0
728.471 1
729.475 0
730.48 1
731.483 3
732.487 2
733.491 3
734.495 0
735.499 0
736.507 0
737.511 0
738.515 4
739.519 1
740.523 1
741.527 1
742.531 0
743.535 5
744.539 1
745.543 2
746.547 2
747.551 0
748.555 1
749.56 6
750.563 0
751.567 1
752.572 0
753.576 5
754.58 1
755.584 2
756.588 0
757.592 0
758.596 4
759.6 0
760.6 3
761.604 1
762.608 1
763.612 0
764.616 0
765.62 4
766.624 2
767.628 0
768.632 0
769.636 0
770.64 4
771.644 1
772.652 1
773.652 7
774.656 1
775.66 1
776.664 1
777.668 1
778.672 0
779.676 1
780.681 7
781.684 1
782.688 0
783.692 1
784.697 0
785.701 1
786.705 8
787.71 14
788.713 0
789.717 0
790.721 1
791.725 1
792.729 1
793.733 2
794.737 9
795.741 2
796.745 0
797.749 0
798.753 1
799.757 1
800.761 0
801.765 3
802.769 12
803.773 4
804.777 0
805.781 0
806.785 2
807.789 1
808.794 2
809.797 10
810.804 3
811.805 0
812.809 0
813.813 1
814.817 1
815.823 1
816.826 3
817.865 2
818.87 3
819.873 0
820.878 0
821.882 3
822.886 2
823.89 0
824.894 1
825.898 1
826.915 3
827.919 1
828.922 4
829.926 10
830.93 0
831.934 0
832.938 0
833.942 0
834.946 7
835.95 14
836.954 1
837.958 0
838.962 0
839.966 0
840.97 0
841.974 0
842.978 7
843.983 14
844.986 3
845.99 0
846.994 0
847.998 0
849.002 0
850.006 0
851.01 1
852.014 7
853.02 14
854.022 4
855.026 0
856.03 0
857.034 0
858.039 0
859.043 0
860.047 6
861.051 13
862.055 0
863.059 0
864.063 1
865.067 0
866.071 1
867.075 6
868.079 2
869.083 0
870.087 1
871.091 0
872.095 2
873.099 9
874.114 13
875.115 0
876.119 0
877.123 1
878.127 1
879.131 1
880.135 3
881.139 11
882.143 3
883.147 0
884.151 0
885.155 0
886.159 0
887.164 3
888.167 9
889.171 0
890.175 0
891.179 0
892.183 3
893.187 1
894.191 0
895.195 1
896.2 8
897.203 0
898.207 0
899.211 1
900.215 0
901.219 1
902.224 1
903.228 0
904.232 0
905.236 4
906.24 2
907.249 1
908.252 0
909.256 0
910.26 4
911.264 1
912.268 0
913.268 0
914.272 1
915.276 0
916.28 6
917.284 2
918.288 1
919.292 1
920.296 1
921.3 1
922.306 3
923.308 2
924.312 1
925.327 6
926.328 0
927.332 3
928.336 1
929.34 1
930.344 0
931.348 7
932.352 2
933.356 1
934.36 1
935.364 1
936.368 6
937.373 2
938.377 0
939.38 0
940.384 0
941.388 0
942.392 0
943.396 4
944.401 10
945.404 0
946.408 0
947.412 0
948.417 0
949.421 4
950.425 1
951.429 1
952.433 1
953.437 6
954.446 0
955.449 2
956.453 1
957.458 8
958.477 0
959.481 0
960.485 0
961.489 4
962.493 10
963.497 0
964.501 0
965.505 0
966.509 1
967.513 7
968.517 1
969.521 1
970.525 1
971.529 2
972.533 10
973.537 2
974.541 0
975.545 2
976.549 1
977.553 2
978.557 9
979.561 1
980.569 0
981.574 0
982.577 2
983.582 3
984.586 11
985.589 1
986.597 0
987.601 0
988.606 0
989.609 0
990.614 3
991.617 1
992.621 0
993.625 0
994.63 5
995.634 11
996.637 0
997.641 0
998.645 0
999.65 0
1000.65 4
1001.66 2
1002.66 0
1003.67 0
1004.67 4
1005.67 1
1006.68 1
1007.68 0
1008.69 0
1009.69 4
1010.69 1
1011.7 2
1012.7 0
1013.71 0
1014.71 0
1015.71 4
1016.72 0
1017.72 1
1018.73 1
1019.73 8
1020.73 1
1021.74 0
1022.75 2
1023.75 0
1024.76 4
1025.76 11
1026.77 0
1027.77 0
1028.77 0
1029.78 0
1030.78 0
1031.79 4
1032.8 2
1033.81 0
1034.81 0
1035.81 0
1036.82 0
1037.82 6
1038.83 2
1039.83 0
1040.83 0
1041.84 0
1042.84 0
1043.85 7
1044.85 1
1045.85 0
1046.86 1
1047.86 1
1048.87 1
1049.87 1
1050.88 8
1051.88 2
1052.88 0
1053.89 1
1054.89 1
1055.89 2
1056.9 9
1057.9 1
1058.91 0
1059.91 2
1060.92 1
1061.92 3
1062.92 10
1063.93 3
1064.93 0
1065.93 0
1066.94 1
1067.94 0
1068.95 1
1069.95 8
1070.96 0
1071.96 0
1072.96 0
1073.97 0
1074.97 4
1075.97 11
1076.98 3
1077.98 0
1078.99 0
1080 1
1081 0
1082.01 1
1083.01 2
1084.01 1
1085.03 7
1086.03 1
1087.03 1
1088.04 2
1089.04 10
1090.04 3
1091.05 0
1092.06 0
1093.06 0
1094.07 4
1095.07 11
1096.08 3
1097.08 0
1098.08 0
1099.09 1
1100.09 2
1101.1 2
1102.1 1
1103.1 0
1104.11 0
1105.11 4
1106.12 2
1107.12 1
1108.12 0
1109.13 0
1110.13 4
1111.14 11
1112.14 0
1113.14 0
1114.15 0
1115.15 0
1116.16 4
1117.16 2
1118.16 0
1119.17 0
1120.17 0
1121.18 6
1122.18 2
1123.18 1
1124.19 1
1125.19 1
1126.2 0
1127.2 0
1128.2 5
1129.21 11
1130.21 2
1131.22 0
1132.22 0
1133.23 2
1134.23 0
1135.24 0
1136.24 2
1137.25 2
1138.25 9
1139.25 2
1140.26 0
1141.27 2
1142.27 2
1143.27 1
1144.28 1
1145.28 6
1146.28 2
1147.29 1
1148.29 1
1149.3 1
1150.3 4
1151.3 0
1152.31 3
1153.31 2
1154.32 9
1155.32 1
1156.32 0
1157.33 1
1158.33 1
1159.34 1
1160.34 2
1161.34 1
1162.35 2
1163.36 3
1164.36 1
1165.36 1
1166.37 8
1167.37 2
1168.38 0
1169.38 1
1170.38 1
1171.39 1
1172.39 1
1173.4 8
1174.4 3
1175.4 0
1176.41 1
1177.41 0
1178.42 6
1179.42 2
1180.42 0
1181.43 0
1182.43 0
1183.44 7
1184.44 2
1185.44 0
1186.45 0
1187.45 0
1188.46 1
1189.46 8
1190.46 3
1191.47 0
1192.47 1
1193.48 1
1194.48 2
1195.48 10
1196.49 3
1197.49 0
1198.5 0
1199.5 1
1200.5 1
1201.51 1
1202.51 1
1203.52 8
1204.52 15
1205.53 3
1206.54 0
1207.54 0
1208.54 0
1209.55 0
1210.55 3
1211.56 1
1212.56 1
1213.57 8
1214.57 3
1215.57 0
1216.58 0
1217.58 0
1218.59 0
1219.59 5
1220.59 12
1221.6 3
1222.61 0
1223.62 0
1224.63 1
1225.63 1
1226.63 3
1227.64 10
1228.64 3
1229.65 0
1230.65 0
1231.65 0
1232.66 0
1233.66 0
1234.67 0
1235.67 0
1236.67 4
1237.68 1
1238.68 0
1239.69 1
1240.69 7
1241.69 15
1242.7 5
1243.7 0
1244.71 0
1245.71 0
1246.71 0
1247.72 0
1248.72 6
1249.73 13
1250.73 4
1251.73 0
1252.74 0
1253.74 0
1254.75 0
1255.75 0
1256.76 0
1257.76 0
1258.77 3
1259.77 11
1260.78 19
1261.78 6
1262.78 0
1263.79 0
1264.79 0
1265.79 0
1266.8 0
1267.8 0
1268.81 0
1269.81 4
1270.81 12
1271.82 4
1272.82 0
1273.83 1
1274.83 0
1275.83 2
1276.84 1
1277.84 9
1278.85 3
1279.85 0
1280.85 1
1281.86 1
1282.86 0
1283.87 1
1284.87 0
1285.87 0
1286.88 7
1287.88 14
1288.89 4
1289.89 0
1290.89 0
1291.9 1
1292.9 0
1293.91 2
1294.91 0
1295.92 4
1296.92 12
1297.93 19
1298.93 6
1299.93 1
1300.94 0
1301.94 0
1302.95 0
1303.95 0
1304.95 0
1305.96 0
1306.97 1
1307.97 3
1308.97 11
1309.98 3
1311 0
1312 2
1313.01 0
1314.02 4
1315.02 11
1316.02 19
1317.03 6
1318.03 0
1319.03 0
1320.04 1
1321.04 1
1322.05 1
1323.05 1
1324.05 2
1325.06 9
1326.06 3
1327.07 0
1328.07 1
1329.07 1
1330.1 8
1331.1 3
1332.1 1
1333.11 1
1334.11 1
1335.12 10
1336.12 16
1337.12 5
1338.13 0
1339.13 0
1340.13 0
1341.14 0
1342.14 0
1343.15 0
1344.15 4
1345.15 12
1346.16 5
1347.16 0
1348.17 0
1349.17 1
1350.17 1
1351.18 1
1352.18 1
1353.19 0
1354.19 5
1355.19 2
1356.2 8
1357.2 3
1358.21 0
1359.21 0
1360.21 0
1361.22 0
1362.22 7
1363.23 13
1364.23 0
1365.23 0
1366.24 0
1367.24 0
1368.25 0
1369.25 6
1370.25 14
1371.26 3
1372.26 0
1373.27 0
1374.27 0
1375.27 0
1376.28 4
1377.28 12
1378.29 4
1379.29 0
1380.3 0
1381.3 0
1382.3 2
1383.31 1
1384.31 2
1385.32 7
1386.32 13
1387.33 0
1388.34 0
1389.34 0
1390.34 0
1391.35 5
1392.35 2
1393.36 0
1394.36 0
1395.38 3
1396.38 3
1397.38 10
1398.39 1
1399.39 0
1400.4 1
1401.4 1
1402.4 1
1403.41 1
1404.41 6
1405.42 14
1406.42 3
1407.42 0
1408.43 0
1409.43 0
1410.44 0
1411.44 5
1412.44 13
1413.45 5
1414.45 0
1415.46 0
1416.46 1
1417.46 1
1418.47 1
1419.47 1
1420.48 1
1421.48 0
1422.48 0
1423.49 5
1424.49 12
1425.5 19
1426.5 5
1427.5 0
1428.51 0
1429.51 1
1430.52 1
1431.52 1
1432.52 2
1433.53 1
1434.53 1
1435.54 7
1436.54 14
1437.54 5
1438.55 0
1439.55 0
1440.56 2
1441.56 0
1442.56 2
1443.57 1
1444.57 0
1445.58 0
1446.58 5
1447.58 13
1448.59 5
1449.59 0
1450.59 0
1451.6 1
1452.6 0
1453.6 1
1454.61 1
1455.61 8
1456.62 3
1457.62 0
1458.62 1
1459.63 0
1460.65 8
1461.65 3
1462.66 0
1463.66 2
1464.66 9
1465.67 3
1466.67 0
1467.68 1
1468.68 1
1469.69 1
1470.69 8
1471.69 4
1472.7 0
1473.7 0
1474.7 0
1475.71 0
1476.71 0
1477.74 7
1478.74 3
1479.75 9
1480.75 2
1481.76 0
1482.76 2
1483.76 0
1484.77 4
1485.77 12
1486.78 4
1487.78 0
1488.78 0
1489.79 1
1490.79 0
1491.8 2
1492.8 1
1493.8 0
1494.81 5
1495.81 2
1496.82 8
1497.83 1
1498.83 1
1499.84 0
1500.84 3
1501.84 2
1502.85 4
1503.85 0
1504.86 2
1505.87 3
1506.89 3
1507.9 0
1508.91 1
1509.91 3
1510.92 11
1511.92 3
1512.92 0
1513.93 1
1514.93 1
1515.94 0
1516.94 2
1517.94 10
1518.95 17
1519.95 4
1520.96 0
1521.96 0
1522.96 0
1523.97 0
1524.97 0
1525.98 0
1526.98 3
1527.98 2
1528.99 6
1529.99 2
1531 1
1532 2
1533 1
1534.01 0
1535.02 1
1536.02 4
1537.02 11
1538.03 2
1539.03 0
1540.04 0
1541.04 1
1542.04 0
1543.05 1
1544.05 1
1545.06 8
1546.06 16
1547.06 4
1548.07 0
1549.07 0
1550.08 0
1551.08 0
1552.08 0
1553.09 5
1554.09 2
1555.1 0
1556.1 0
1557.11 0
1558.11 8
1559.11 15
1560.12 4
1561.13 0
1562.13 0
1563.14 0
1564.14 0
1565.15 0
1566.15 0
1567.15 5
1568.16 13
1569.17 20
1570.17 6
1571.18 0
1572.18 0
1573.19 0
1574.19 0
1575.19 1
1576.2 0
1577.2 1
1578.21 6
1579.21 14
1580.21 5
1581.22 5
1582.22 0
1583.23 0
1584.23 0
1585.23 0
1586.24 1
1587.24 6
1588.25 2
1589.25 1
1590.25 3
1591.26 11
1592.26 18
1593.27 6
1594.27 0
1595.27 0
1596.28 0
1597.28 0
1598.29 0
1599.29 0
1600.29 0
1601.3 0
1602.3 5
1603.31 13
1604.31 21
1605.31 7
1606.32 0
1607.32 0
1608.33 0
1609.33 0
1610.33 0
1611.34 0
1612.34 0
1613.35 3
1614.35 10
1615.35 18
1616.36 5
1617.36 0
1618.37 0
1619.37 0
1620.37 0
1621.38 0
1622.38 0
1623.39 6
1624.39 2
1625.39 1
1626.4 1
1627.4 9
1628.41 4
1629.41 0
1630.41 0
1631.42 0
1632.42 5
1633.43 3
1634.43 0
1635.43 0
1636.44 0
1637.44 3
1638.45 1
1639.45 1
1640.45 7
1641.46 3
1642.46 1
1643.47 0
1644.47 6
1645.47 2
1646.48 0
1647.48 0
1648.49 7
1649.49 3
1650.49 0
1651.5 0
1652.5 1
1653.51 7
1654.51 3
1655.51 0
1656.52 0
1657.52 0
1658.53 0
1659.53 6
1660.53 3
1661.54 0
1662.54 0
1663.55 0
1664.55 4
1665.55 2
1666.56 10
1667.56 2
1668.57 0
1669.57 1
1670.57 1
1671.58 1
1672.58 2
1673.59 10
1674.59 17
1675.59 5
1676.6 0
1677.6 0
1678.61 0
1679.61 0
1680.61 0
1681.62 0
1682.62 0
1683.63 6
1684.63 14
1685.63 5
1686.64 0
1687.64 0
1688.65 1
1689.65 0
1690.65 1
1691.66 2
1692.66 9
1693.67 4
1694.68 0
1695.69 0
1696.69 0
1697.69 0
1698.7 1
1699.7 0
1700.71 0
1701.71 3
1702.72 11
1703.72 5
1704.72 0
1705.73 0
1706.73 0
1707.74 1
1708.74 1
1709.74 2
1710.75 2
1711.75 4
1712.76 11
1713.76 18
1714.77 4
1715.77 0
1716.78 0
1717.78 0
1718.78 0
1719.79 0
1720.79 0
1721.8 3
1722.8 2
1723.8 8
1724.81 3
1725.81 0
1726.82 0
1727.82 0
1728.82 1
1729.83 1
1730.83 8
1731.84 15
1732.84 6
1733.84 0
1734.85 0
1735.86 2
1736.87 1
1737.88 1
1738.89 3
1739.9 10
1740.9 3
1741.91 0
1742.91 1
1743.92 0
1744.92 1
1745.92 8
1746.93 16
1747.93 5
1748.94 0
1749.94 0
1750.94 0
1751.94 0
1752.95 0
1753.95 5
1754.96 12
1755.96 4
1756.96 0
1757.97 0
1758.97 2
1759.98 0
1760.98 0
1761.98 5
1762.99 13
1763.99 20
1765 6
1766 0
1767.01 0
1768.01 1
1769.02 1
1770.02 1
1771.02 1
1772.03 0
1773.03 3
1774.04 11
1775.04 19
1776.06 5
1777.06 0
1778.06 0
1779.07 0
1780.07 0
1781.08 0
1782.08 0
1783.08 0
1784.09 0
1785.09 4
1786.1 2
1787.1 0
1788.1 0
1789.11 6
1790.11 14
1791.12 3
1792.12 0
1793.12 0
1794.13 0
1795.13 0
1796.14 0
1797.14 3
1798.14 2
1799.15 10
1800.15 4
1801.16 0
1802.16 1
1803.16 0
1804.17 1
1805.17 0
1806.19 5
1807.2 3
1808.21 9
