# timestamp	utilization (%) \n
-245.56 0
-240.402 0
-234.249 0
-227.092 0
-219.181 0
-211.433 0
-202.363 0
-195.632 0
-188.986 0
-180.097 0
-174.173 0
-167.685 0
-158.997 0
-151.043 0
-144.176 0
-137.464 0
-128.436 0
-121.854 0
-113.919 0
-106.086 0
-99.6916 0
-92.158 0
-83.9423 0
-76.0857 0
-65.268 0
-58.2366 0
-49.0256 0
-41.2066 0
-35.0591 0
-26.6922 0
-17.6165 0
-12.5582 0
-6.99429 0
-1.86423 0
4.02168 0
9.04178 0
14.0659 0
19.086 0
24.1071 0
29.1262 0
34.1463 0
39.1664 0
44.2025 0
49.2226 0
54.2427 0
59.2628 0
64.2828 0
69.3029 0
74.323 0
79.3431 0
84.3631 0
89.3835 0
94.4032 0
99.4233 0
104.443 0
109.463 0
114.483 0
119.504 0
124.524 0
129.548 0
134.568 0
139.588 1
144.604 1
149.624 1
154.644 1
159.664 1
164.664 1
169.67 1
174.672 1
179.672 1
184.676 2
189.676 2
194.676 2
199.676 2
204.675 2
209.675 2
214.679 2
219.679 2
224.679 2
229.679 3
234.679 3
239.679 3
244.679 3
249.687 3
254.687 3
259.687 3
264.687 3
269.691 4
274.691 4
279.691 4
284.691 4
289.691 4
294.691 4
299.699 4
304.711 4
309.727 5
314.747 5
319.767 5
324.787 5
329.807 5
334.827 5
339.847 5
344.867 6
349.887 6
354.907 6
359.927 6
364.947 6
369.967 6
374.987 7
380.007 7
385.027 7
390.047 7
395.067 7
400.095 8
405.123 8
410.143 8
415.163 8
420.183 8
425.203 9
430.223 9
435.243 9
440.267 9
445.287 9
450.307 9
455.328 9
460.348 9
465.372 9
470.391 9
475.412 9
480.432 9
485.452 9
490.472 9
495.492 9
500.512 9
505.532 9
510.555 9
515.572 9
520.592 9
525.612 9
530.632 9
535.648 9
540.668 9
545.688 9
550.708 9
555.729 9
560.748 9
565.768 9
570.788 9
575.812 9
580.832 9
585.852 9
590.876 9
595.896 9
600.916 9
605.936 9
610.968 10
616.002 10
621.02 10
626.041 10
631.068 10
636.088 10
641.108 10
646.129 11
651.148 10
656.168 10
661.189 10
666.221 10
671.241 11
676.261 11
681.281 11
686.301 11
691.321 11
696.342 12
701.362 12
706.382 12
711.402 12
716.425 12
721.442 13
726.463 13
731.483 13
736.507 13
741.527 13
746.547 14
751.567 14
756.588 14
761.604 14
766.624 14
771.644 14
776.664 14
781.684 15
786.705 15
791.725 15
796.745 15
801.765 15
806.785 15
811.805 15
816.826 16
821.882 16
826.915 16
831.934 16
836.954 16
841.974 16
846.994 16
852.014 16
857.034 16
862.055 16
867.075 17
872.095 17
877.123 17
882.143 17
887.164 17
892.183 17
897.203 17
902.224 17
907.249 17
912.268 17
917.284 17
922.306 18
927.332 18
932.352 18
937.373 18
942.392 18
947.412 18
952.433 18
957.458 19
962.493 19
967.513 19
972.533 19
977.553 19
982.577 19
987.601 19
992.621 19
997.641 19
1002.66 19
1007.68 20
1012.7 20
1017.72 20
1022.75 20
1027.77 20
1032.8 20
1037.82 20
1042.84 20
1047.86 21
1052.88 21
1057.9 21
1062.92 21
1067.94 21
1072.96 21
1077.98 21
1083.01 21
1088.04 21
1093.06 21
1098.08 21
1103.1 21
1108.12 21
1113.14 22
1118.16 22
1123.18 22
1128.2 22
1133.23 22
1138.25 22
1143.27 22
1148.29 22
1153.31 22
1158.33 22
1163.36 22
1168.38 22
1173.4 23
1178.42 23
1183.44 23
1188.46 23
1193.48 23
1198.5 23
1203.52 23
1208.54 23
1213.57 23
1218.59 23
1223.62 23
1228.64 23
1233.66 23
1238.68 23
1243.7 23
1248.72 24
1253.74 23
1258.77 24
1263.79 23
1268.81 24
1273.83 24
1278.85 24
1283.87 24
1288.89 24
1293.91 24
1298.93 24
1303.95 24
1308.97 25
1314.02 24
1319.03 24
1324.05 24
1329.07 24
1334.11 25
1339.13 24
1344.15 25
1349.17 25
1354.19 25
1359.21 25
1364.23 25
1369.25 25
1374.27 25
1379.29 25
1384.31 25
1389.34 25
1394.36 25
1399.39 26
1404.41 26
1409.43 26
1414.45 26
1419.47 26
1424.49 26
1429.51 26
1434.53 26
1439.55 26
1444.57 26
1449.59 26
1454.61 27
1459.63 27
1464.66 27
1469.69 27
1474.7 27
1479.75 27
1484.77 27
1489.79 27
1494.81 27
1499.84 27
1504.86 27
1509.91 28
1514.93 28
1519.95 28
1524.97 28
1529.99 28
1535.02 28
1540.04 28
1545.06 28
1550.08 28
1555.1 28
1560.12 28
1565.15 28
1570.17 29
1575.19 29
1580.21 29
1585.23 29
1590.25 29
1595.27 29
1600.29 29
1605.31 29
1610.33 29
1615.35 30
1620.37 29
1625.39 29
1630.41 29
1635.43 29
1640.45 30
1645.47 30
1650.49 30
1655.51 30
1660.53 30
1665.55 30
1670.57 30
1675.59 30
1680.61 30
1685.63 30
1690.65 30
1695.69 30
1700.71 31
1705.73 30
1710.75 31
1715.77 31
1720.79 31
1725.81 31
1730.83 31
1735.86 31
1740.9 31
1745.92 31
1750.94 31
1755.96 31
1760.98 31
1766 31
1771.02 32
1776.06 32
1781.08 32
1786.1 32
1791.12 32
1796.14 32
1801.16 32
1806.19 32
