2.0	263.637
4.0	243.095
6.0	226.805
8.0	227.649
10.0	226.143
12.0	234.935
14.0	235.102
16.0	222.878
18.0	250.649
20.0	223.035
22.0	242.774
24.0	244.894
26.0	213.585
28.0	265.913
30.0	231.308
32.0	236.642
34.0	238.732
36.0	233.944
38.0	239.036
40.0	239.722
42.0	205.281
44.0	238.388
46.0	219.86
48.0	206.931
50.0	250.243
52.0	210.539
54.0	219.067
56.0	235.917
58.0	219.332
60.0	219.712
62.0	221.519
64.0	226.48
66.0	222.571
68.0	207.627
70.0	226.388
72.0	192.702
74.0	163.601
76.0	130.448
78.0	201.027
80.0	177.274
82.0	164.484
84.0	177.094
86.0	195.924
88.0	175.995
90.0	177.848
92.0	176.284
94.0	173.667
96.0	189.732
98.0	167.286
100.0	157.894
102.0	179.409
104.0	200.859
106.0	176.486
108.0	185.783
110.0	181.346
112.0	166.125
114.0	173.513
116.0	200.817
118.0	179.323
120.0	167.501
122.0	168.223
124.0	201.044
126.0	177.921
128.0	171.749
130.0	167.667
132.0	201.863
134.0	180.278
136.0	179.307
138.0	173.846
140.0	171.732
142.0	187.576
144.0	167.176
146.0	160.857
148.0	190.115
150.0	192.596
152.0	176.123
154.0	178.499
156.0	161.669
158.0	198.588
160.0	177.636
162.0	177.344
164.0	161.621
166.0	188.683
168.0	184.851
170.0	178.336
172.0	178.786
174.0	165.175
176.0	194.876
178.0	174.924
180.0	164.7
182.0	199.049
184.0	185.274
186.0	179.291
188.0	177.125
190.0	159.032
192.0	196.478
194.0	172.73
196.0	159.562
198.0	196.976
200.0	177.437
202.0	182.161
204.0	175.264
206.0	169.326
208.0	182.098
210.0	185.383
212.0	162.986
214.0	166.427
216.0	197.346
218.0	182.756
220.0	175.027
222.0	177.637
224.0	164.78
226.0	191.236
228.0	177.254
230.0	162.064
232.0	184.477
234.0	180.155
236.0	157.712
238.0	188.383
240.0	181.491
242.0	183.519
244.0	164.079
246.0	159.9
248.0	198.222
250.0	183.788
252.0	179.365
254.0	128.469
256.0	163.125
258.0	185.866
260.0	170.009
262.0	158.382
264.0	188.73
266.0	189.034
268.0	170.266
270.0	163.247
272.0	189.628
274.0	168.38
276.0	177.515
278.0	173.954
280.0	166.161
282.0	170.961
284.0	123.744
286.0	129.004
288.0	163.652
290.0	200.148
292.0	166.218
294.0	166.277
296.0	202.042
298.0	177.608
300.0	177.993
302.0	171.022
304.0	160.017
306.0	166.222
308.0	200.439
310.0	184.171
312.0	147.716
314.0	128.188
316.0	122.696
318.0	169.03
320.0	194.449
322.0	166.107
324.0	167.14
326.0	199.619
328.0	176.246
330.0	177.015
332.0	173.242
334.0	164.131
336.0	195.653
338.0	182.797
340.0	180.374
