 3486
 3515
 3716
 3721
 3810
 3836
 3841
 3894
 3907
 3913
 3914
 3949
 3964
 3977
 3979
 3996
 4048
 4113
 4133
 4144
 4144
 4148
 4206
 4207
 4208
 4237
 4272
 4274
 4277
 4287
 4403
 4471
 4536
 4555
 4593
 4673
 4678
 4698
 4698
 4702
 4704
 4713
 4720
 4733
 4749
 4759
 4768
 4789
 4802
 4814
 4828
 4833
 4856
 4866
 4911
 4916
 4954
 4984
 4995
 4996
 5014
 5022
 5024
 5033
 5056
 5101
 5119
 5121
 5134
 5145
 5146
 5154
 5164
 5174
 5192
 5197
 5201
 5214
 5217
 5235
 5265
 5267
 5274
 5294
 5295
 5300
 5301
 5303
 5315
 5325
 5331
 5343
 5345
 5346
 5352
 5353
 5354
 5356
 5360
 5363
 5366
 5367
 5369
 5373
 5373
 5379
 5390
 5398
 5399
 5405
 5405
 5428
 5438
 5438
 5470
 5477
 5482
 5491
 5497
 5514
 5545
 5547
 5571
 5573
 5595
 5602
 5631
 5640
 5662
 5671
 5690
 5693
 5701
 5706
 5709
 5732
 5739
 5741
 5742
 5742
 5743
 5743
 5778
 5794
 5797
 5805
 5816
 5820
 5830
 5834
 5851
 5856
 5858
 5895
 5912
 5912
 5942
 5975
 5979
 5992
 6011
 6037
 6059
 6063
 6489
 7389
 7476
 7507
 7526
 7806
 7875
