# timestamp	utilization (%) \n
-109.799 353017
-104.734 353018
-96.0671 353020
-89.8863 353022
-84.5472 353023
-78.5656 353024
-73.1104 353026
-63.1132 353028
-57.3702 353029
-52.3282 353030
-46.5556 353031
-41.0468 353033
-34.5141 353034
-26.7602 353035
-17.9134 353036
-12.5336 353038
-5.19364 353039
3.21636 353040
11.2214 353042
19.3184 353043
28.1164 353045
37.5174 353046
44.7124 353048
50.1914 353049
56.3664 353050
63.8254 353051
70.6484 353052
75.8014 353053
81.5854 353054
88.7584 353055
95.9234 353057
104.974 353058
110.207 353059
115.862 353060
121.311 353061
128.258 353062
135.866 353064
144.074 353065
152.375 353066
159.198 353068
164.446 353068
170.963 353070
178.631 353071
184.5 353072
190.77 353073
196.768 353074
202.926 353075
208.4 353076
214.472 353077
220.685 353078
