# timestamp	command count (MB)\n
-297.222 0
-270.461 0
-268.909 0
-264.954 0
-263.925 0
-262.882 0
-261.885 0
-260.815 0
-259.817 0
-258.77 0
-257.654 0
-255.911 0
-254.852 0
-253.852 0
-252.854 0
-250.816 0
-249.72 0
-248.722 0
-247.661 0
-246.662 0
-244.64 0
-243.636 0
-242.638 0
-241.517 0
-237.575 0
-236.57 0
-235.567 0
-234.558 0
-230.679 0
-229.671 0
-228.67 0
-227.128 0
-226.131 0
-225.131 0
-221.017 0
-220.013 0
-219.015 0
-218.005 0
-216.124 0
-215.126 0
-214.125 0
-213.127 0
-209.896 0
-208.899 0
-207.899 0
-206.893 0
-205.88 0
-202.357 0
-201.36 0
-200.356 0
-198.461 0
-197.447 0
-196.438 0
-194.251 0
-193.241 0
-190.328 0
-189.319 0
-188.317 0
-186.297 0
-185.29 0
-184.285 0
-183.285 0
-180.338 0
-179.34 0
-178.332 0
-175.403 0
-174.402 0
-173.404 0
-172.395 0
-169.531 0
-168.528 0
-167.524 0
-164.53 0
-163.525 0
-162.518 0
-161.51 0
-158.761 0
-157.759 0
-156.752 0
-155.746 0
-152.959 0
-151.957 0
-150.951 0
-149.948 0
-147.214 0
-146.202 0
-145.195 0
-144.19 0
-143.19 0
-139.708 0
-138.704 0
-137.699 0
-135.546 0
-134.544 0
-133.539 0
-131.41 0
-130.408 0
-127.375 0
-126.363 0
-125.358 0
-123.244 0
-122.237 0
-121.234 0
-118.232 0
-117.226 0
-116.214 0
-113.205 0
-112.2 0
-111.199 0
-110.192 0
-109.03 0
-105.047 0
-104.043 0
-103.04 0
-100.994 0
-99.9827 0
-98.9758 0
-97.9734 0
-96.6694 0
-95.6637 0
-92.691 0
-91.6853 0
-90.6793 0
-89.6756 0
-86.1057 0
-85.0993 0
-84.0988 0
-81.9877 0
-80.9852 0
-79.9804 0
-76.9615 0
-75.9499 0
-74.9419 0
-71.8863 0
-70.8649 0
-69.8626 0
-67.3278 0
-66.326 0
-65.3225 0
-61.0015 0
-59.9966 0
-58.9888 0
-55.8823 0
-54.8707 0
-53.8703 0
-52.1888 0
-51.1783 0
-48.1542 0
-47.1486 0
-46.1385 0
-43.0977 0
-42.0855 0
-41.0812 0
-37.722 0
-36.716 0
-35.7091 0
-34.7047 0
-31.6992 0
-30.698 0
-29.693 0
-26.5854 0
-25.5805 0
-24.5744 0
-21.5465 0
-20.5445 0
-19.5336 0
-16.6234 0
-15.5768 0
-14.573 0
-13.5692 0
-12.5658 0
-11.5619 0
-10.063 0
-9.06179 0
-8.05784 0
-7.05382 0
-6.04985 0
-5.04584 0
-3.95254 0
-2.06221 0
-1.0618 0
7.30439 0
8.30621 0
9.31022 0
10.3142 0
11.3182 0
12.3222 0
13.3262 0
14.3302 0
15.3343 0
16.3382 0
17.3422 0
18.3463 0
19.3502 0
20.3542 0
21.3583 0
22.3623 0
23.3663 0
24.3703 0
25.3742 0
26.3783 0
27.3823 0
28.3863 0
29.3903 0
30.3943 0
31.3983 0
32.4025 0
33.4063 0
34.4103 0
35.4144 0
36.4183 0
37.4223 0
38.4263 0
39.4303 0
40.4343 0
41.4387 0
42.4423 0
43.4463 0
44.4503 0
45.4543 0
46.4583 0
47.4623 0
48.4703 0
49.4853 0
50.4863 0
51.4903 0
52.4944 0
53.4983 0
54.5023 0
55.5023 0
56.5063 0
57.5063 0
58.5104 0
59.5103 0
60.5143 0
61.5183 0
62.5184 0
63.5183 0
64.5223 0
65.5223 0
66.5264 0
67.5263 0
68.5263 0
69.5263 0
70.5263 0
71.5263 0
72.5264 0
73.5263 0
74.5263 0
75.5263 0
76.5263 0
77.5263 0
78.5263 0
79.5263 0
80.5263 0
81.5263 0
82.5263 0
83.5262 1
84.5262 0
85.5263 0
86.5262 1
87.5262 1
88.5262 1
89.5262 2
90.5262 4
91.5262 8
92.5262 17
93.5262 14
94.5262 11
95.5261 13
96.5261 51
97.5549 68
98.5541 73
99.5541 78
100.554 81
101.554 79
102.554 84
103.554 93
104.554 91
105.554 92
106.554 93
107.554 102
108.554 101
109.554 114
110.554 92
111.554 110
112.554 107
113.554 110
114.554 100
115.554 110
116.554 101
117.554 122
118.554 104
119.554 114
120.554 110
121.554 117
122.554 126
123.554 104
124.556 112
125.554 125
126.554 116
127.554 106
128.556 123
129.554 115
130.554 115
131.554 121
132.554 132
133.554 113
134.555 125
135.554 122
136.554 123
137.554 115
138.554 131
139.554 120
140.554 121
141.554 126
142.554 115
143.554 129
144.554 122
145.554 114
146.554 132
147.554 119
148.554 121
149.554 129
150.554 127
151.554 113
152.554 128
153.554 125
154.554 122
155.554 128
156.554 123
157.554 111
158.554 135
159.554 142
160.554 113
161.554 126
162.554 132
163.554 119
164.554 128
165.554 119
166.554 128
167.554 124
168.553 124
169.553 133
170.553 132
171.554 116
172.553 141
173.553 130
174.553 131
175.553 123
176.553 127
177.553 119
178.553 131
179.554 124
180.553 125
181.553 125
182.553 133
183.553 132
184.554 124
185.553 119
186.553 129
187.553 129
188.553 130
189.553 127
190.553 132
191.554 129
192.553 120
193.557 133
194.557 140
195.557 111
196.557 136
197.557 144
198.561 124
199.557 130
200.557 139
201.557 116
202.558 151
203.557 125
204.557 130
205.557 121
206.557 142
207.561 126
208.557 139
209.557 120
210.557 132
211.557 141
212.557 126
213.557 138
214.557 146
215.557 139
216.557 110
217.559 145
218.557 146
219.557 131
220.557 136
221.557 143
222.557 126
223.557 145
224.558 139
225.557 147
226.557 142
227.557 148
228.566 129
229.565 147
230.565 149
231.566 153
232.566 126
233.565 143
234.565 133
235.573 133
236.573 132
237.573 144
238.573 126
239.573 159
240.573 128
241.573 133
242.573 134
243.573 141
244.573 137
245.573 141
246.573 116
247.573 145
248.573 149
249.576 129
250.573 149
251.573 150
252.573 133
253.573 143
254.576 133
255.573 130
256.573 133
257.573 133
258.573 137
259.573 160
260.573 113
261.573 144
262.573 130
263.573 142
264.573 145
265.573 155
266.573 147
267.573 141
268.573 157
269.574 127
270.573 123
271.573 147
272.573 150
273.573 148
274.574 149
275.573 149
276.573 140
277.573 134
278.573 158
279.573 159
280.573 142
281.573 152
282.573 155
283.573 133
284.573 167
285.573 146
286.573 150
287.573 150
288.573 144
289.573 174
290.573 166
291.573 140
292.573 149
293.573 156
294.573 141
295.573 160
296.573 161
297.573 138
298.573 149
299.573 154
300.573 147
301.573 157
302.573 145
303.573 163
304.573 151
305.573 161
306.573 142
307.573 169
308.573 156
309.577 168
310.578 143
311.577 161
312.577 153
313.577 159
314.577 145
315.577 164
316.577 182
317.576 162
318.577 172
319.577 142
320.576 162
321.577 171
322.577 137
323.576 174
324.576 167
325.576 156
326.576 163
327.576 177
328.576 172
329.576 161
330.576 173
331.577 197
332.576 164
333.584 182
334.584 209
335.584 172
336.584 203
337.584 175
338.584 213
339.584 188
340.584 181
341.589 224
342.588 170
343.588 230
344.589 211
345.588 179
346.596 195
347.594 198
348.592 246
349.592 176
350.592 199
351.592 200
352.592 213
353.592 178
354.592 230
355.593 259
356.592 154
357.592 230
358.592 217
359.592 183
360.593 305
361.592 160
362.596 240
363.592 197
364.592 269
365.592 203
366.592 224
367.592 237
368.592 273
369.592 218
370.592 236
371.593 245
372.592 245
373.592 263
374.593 278
375.592 222
376.592 384
377.592 135
378.592 217
379.592 288
380.592 237
381.592 305
382.592 236
383.594 301
384.592 299
385.592 417
386.592 156
387.592 347
388.592 373
389.592 144
390.592 215
391.592 485
392.592 132
393.592 280
394.592 311
395.594 411
396.592 188
397.593 281
398.592 429
399.592 416
400.592 117
401.592 247
402.592 430
403.597 307
404.596 308
405.597 696
406.596 146
407.596 263
408.596 716
409.596 570
410.596 57
411.596 116
412.598 302
413.596 213
414.596 1023
415.596 1117
416.597 72
417.596 468
418.596 13
419.596 9
420.596 79
421.596 144
422.596 213
423.596 262
424.596 259
425.596 332
426.596 1016
427.596 1052
428.598 0
429.596 173
430.596 458
431.596 956
432.596 14
433.596 3
434.597 19
435.596 77
436.596 133
437.598 218
438.596 212
439.596 245
440.596 244
441.596 253
442.596 275
443.596 518
444.6 238
445.6 843
446.6 918
447.6 794
448.603 274
449.6 21
450.6 402
451.6 619
452.6 876
453.603 2
454.6 5
455.6 36
456.6 101
457.6 152
458.6 219
459.6 210
460.6 327
461.6 174
462.6 285
463.6 318
464.603 345
465.6 937
466.6 199
467.6 154
468.6 286
469.6 474
470.6 1345
471.611 591
472.609 761
473.608 127
474.608 18
475.608 25
476.608 121
477.608 202
478.608 240
479.608 306
480.608 1002
481.608 80
482.608 206
483.608 268
484.608 563
485.754 1334
486.752 548
487.752 0
488.752 548
489.752 1166
490.752 16
491.76 73
492.76 162
493.76 234
494.76 216
495.76 275
496.76 293
497.76 367
498.76 1447
499.76 470
500.76 243
501.76 20
502.76 89
503.76 227
504.76 207
505.76 268
506.76 585
507.76 1411
508.76 24
509.76 54
510.76 175
511.759 254
512.759 307
513.781 1046
514.78 85
515.779 270
516.78 382
517.78 363
518.779 759
519.78 627
520.781 257
521.78 669
522.78 371
523.78 358
524.78 473
525.779 777
526.783 280
527.788 552
528.787 424
529.789 673
530.787 564
531.79 262
532.787 923
533.787 156
534.787 210
535.788 375
536.787 888
537.789 184
538.787 350
539.787 775
540.787 318
541.795 891
542.791 153
543.792 351
544.791 707
545.791 272
546.791 682
547.8 527
548.799 571
549.799 489
550.799 288
551.799 605
552.799 433
553.799 505
554.799 534
555.799 415
556.823 766
557.819 210
558.819 687
559.819 1045
560.823 156
561.823 231
562.827 260
563.829 424
564.828 856
565.832 402
566.831 210
567.831 250
568.832 1208
569.831 374
570.831 138
571.831 282
572.832 1008
573.831 265
574.831 134
575.831 258
576.832 380
577.849 943
578.847 897
579.847 72
580.849 231
581.847 214
582.848 532
583.848 272
584.847 1172
585.848 853
586.847 86
587.847 698
588.847 104
589.847 191
590.848 319
591.85 256
592.847 343
593.847 545
594.847 210
595.847 1048
596.847 659
597.847 89
598.847 254
599.851 240
600.857 795
601.859 636
602.868 148
603.872 205
604.876 561
605.88 275
606.884 588
607.888 481
608.892 655
609.896 345
610.918 680
611.921 856
612.924 110
613.928 265
614.932 712
615.936 233
616.94 408
617.945 660
618.95 333
619.952 581
620.957 243
621.961 692
622.965 903
623.969 95
624.977 274
625.981 322
626.985 809
627.989 192
628.994 407
629.997 766
631.001 205
632.005 267
633.01 584
634.014 325
635.018 1072
636.021 280
637.027 224
638.03 567
639.035 289
640.038 790
641.042 193
642.047 382
643.05 912
644.054 345
645.058 244
646.062 370
647.115 1076
648.118 108
649.122 307
650.127 382
651.131 944
652.134 103
653.138 291
654.143 402
655.147 538
656.151 381
657.16 675
658.163 246
659.167 573
660.176 352
661.179 468
662.183 434
663.191 455
664.191 519
665.195 361
666.199 675
667.2 521
668.203 607
669.207 264
670.213 872
671.216 131
672.22 306
673.258 962
674.262 117
675.295 418
676.296 523
677.3 279
678.304 973
679.308 345
680.312 258
681.329 725
682.332 337
683.336 223
684.359 772
685.36 853
686.418 86
687.42 262
688.425 575
689.428 553
690.432 193
691.437 297
692.441 892
693.445 148
694.449 260
695.453 497
696.463 1067
697.467 110
698.469 215
699.473 281
700.477 622
701.481 231
702.485 543
703.489 955
704.493 110
705.497 263
706.502 429
707.505 851
708.509 172
709.513 306
710.517 503
711.521 291
712.526 584
713.53 334
714.534 527
715.538 507
716.542 655
717.546 385
718.55 498
719.554 515
720.558 498
721.562 546
722.573 475
723.574 725
724.579 270
725.582 492
726.586 387
727.59 682
728.594 282
729.599 908
730.602 186
731.607 301
732.614 715
733.614 498
734.619 268
735.623 625
736.627 225
737.631 635
738.635 289
739.639 400
740.643 470
741.647 437
742.651 603
743.655 398
744.659 661
745.663 308
746.677 887
747.679 149
748.683 326
749.687 894
750.691 125
751.695 292
752.695 828
753.699 183
754.703 281
755.707 984
756.711 275
757.716 236
758.72 623
759.726 254
760.728 294
761.732 809
762.736 138
763.74 319
764.744 675
765.748 251
766.752 719
767.756 283
768.768 518
769.784 299
770.79 636
771.792 336
772.796 429
773.8 583
774.804 322
775.808 951
776.812 224
777.816 273
778.821 357
779.831 1071
780.833 66
781.837 267
782.84 234
783.844 804
784.848 163
785.853 293
786.857 837
787.861 193
788.865 267
789.869 708
790.873 237
791.877 459
792.883 807
793.885 200
794.889 289
795.893 579
796.897 395
797.901 303
798.905 462
799.909 503
800.913 495
801.917 348
802.921 530
803.925 688
804.929 294
805.935 748
806.937 241
807.944 555
808.945 248
809.949 495
810.954 418
811.958 628
812.961 429
813.965 561
814.969 294
815.974 647
816.978 295
817.982 494
818.987 607
819.99 274
820.994 732
821.998 199
823.002 733
824.006 220
825.017 569
826.018 287
827.022 671
828.026 243
829.034 362
830.034 799
831.038 190
832.043 494
833.046 550
834.052 318
835.055 545
836.058 457
837.062 232
838.067 561
839.07 277
840.076 620
841.078 340
842.082 656
843.087 381
844.09 521
845.094 368
846.098 276
847.103 559
848.107 535
849.111 472
850.115 285
851.119 760
852.123 186
853.127 474
854.131 454
855.135 367
856.139 493
857.143 541
858.153 575
859.155 387
860.159 722
861.163 228
862.167 598
863.171 244
864.175 645
865.179 188
866.183 469
867.187 439
868.191 501
869.195 381
870.199 635
871.203 367
872.208 489
873.211 543
874.23 492
875.231 450
876.232 612
877.235 301
878.239 563
879.244 391
880.247 452
881.256 552
882.259 450
883.263 401
884.267 508
885.272 548
886.276 519
887.28 349
888.284 508
889.288 648
890.292 294
891.296 530
892.3 461
893.304 573
894.308 295
895.312 547
896.318 478
897.32 308
898.324 466
899.328 509
900.332 707
901.336 294
902.341 372
903.35 411
904.352 575
905.356 420
906.37 639
907.372 266
908.376 564
909.38 322
910.384 529
911.388 461
912.394 243
913.403 620
914.404 250
915.408 372
916.412 517
917.416 467
918.42 441
919.424 449
920.428 494
921.432 481
922.436 438
923.44 529
924.445 426
925.448 471
926.454 418
927.457 488
928.461 472
929.465 435
930.469 562
931.473 445
932.477 390
933.481 563
934.485 404
935.489 477
936.493 447
937.497 563
938.501 344
939.505 679
940.509 268
941.513 531
942.517 333
943.521 522
944.525 503
945.531 500
946.595 374
947.597 674
948.601 236
949.605 586
950.609 303
951.613 556
952.627 605
953.629 198
954.633 651
955.637 238
956.641 290
957.645 760
958.649 260
959.654 326
960.657 385
961.661 427
962.665 448
963.678 448
964.681 278
965.685 546
966.689 462
967.693 354
968.698 674
969.701 279
970.706 527
971.71 457
972.713 293
973.718 454
974.721 610
975.725 231
976.73 669
977.734 204
978.74 531
979.742 276
980.746 507
981.75 516
982.754 352
983.758 439
984.762 508
985.766 472
986.77 385
987.774 458
988.778 546
989.782 513
990.786 353
991.794 550
992.794 453
993.798 340
994.802 558
995.806 452
996.81 354
997.814 742
998.821 202
999.822 556
1000.83 256
1001.84 699
1002.84 230
1003.84 444
1004.85 378
1005.85 422
1006.85 330
1007.86 498
1008.86 348
1009.87 373
1010.87 490
1011.87 512
1012.88 446
1013.88 394
1014.89 419
1015.89 570
1016.89 414
1017.9 468
1018.91 489
1019.91 432
1020.91 363
1021.92 505
1022.92 493
1023.93 388
1024.94 421
1025.94 599
1026.94 422
1027.95 415
1028.95 537
1029.95 415
1030.96 454
1031.96 484
1032.97 457
1033.97 473
1034.97 474
1035.98 610
1036.98 301
1037.99 424
1038.99 585
1039.99 360
1041 491
1042 451
1043.01 502
1044.01 527
1045.01 437
1046.02 397
1047.02 435
1048.04 544
1049.04 562
1050.05 283
1051.05 460
1052.05 375
1053.06 607
1054.06 240
1055.07 435
1056.08 491
1057.08 588
1058.08 456
1059.09 400
1060.09 454
1061.09 443
1062.1 473
1063.1 331
1064.11 537
1065.11 404
1066.11 295
1067.12 554
1068.12 277
1069.13 711
1070.13 173
1071.14 304
1072.14 507
1073.14 305
1074.15 526
1075.15 606
1076.16 209
1077.16 578
1078.16 290
1079.17 476
1080.18 669
1081.18 152
1082.18 590
1083.19 265
1084.21 471
1085.21 390
1086.21 369
1087.22 465
1088.22 495
1089.22 344
1090.22 442
1091.24 419
1092.24 492
1093.24 510
1094.25 357
1095.25 507
1096.26 487
1097.26 336
1098.26 451
1099.27 258
1100.27 500
1101.28 417
1102.28 363
1103.28 450
1104.3 470
1105.3 326
1106.31 373
1107.31 540
1108.32 327
1109.32 404
1110.32 472
1111.33 467
1112.33 313
1113.34 750
1114.34 155
1115.35 415
1116.35 516
1117.36 289
1118.36 489
1119.36 380
1120.37 455
1121.37 546
1122.38 292
1123.38 548
1124.38 429
1125.39 451
1126.4 460
1127.4 418
1128.4 390
1129.41 537
1130.41 327
1131.42 525
1132.42 275
1133.42 529
1134.43 453
1135.43 412
1136.44 438
1137.44 420
1138.44 497
1139.45 369
1140.45 539
1141.46 373
1142.46 545
1143.46 390
1144.47 432
1145.47 420
1146.48 394
1147.49 405
1148.49 311
1149.49 548
1150.51 464
1151.51 388
1152.51 344
1153.52 464
1154.52 395
1155.52 498
1156.53 328
1157.53 591
1158.54 241
1159.54 418
1160.54 423
1161.55 357
1162.55 388
1163.56 607
1164.56 308
1165.56 588
1166.57 295
1167.57 338
1168.58 631
1169.58 250
1170.59 513
1171.59 311
1172.59 418
1173.6 420
1174.6 333
1175.61 513
1176.61 376
1177.62 427
1178.62 535
1179.62 299
1180.63 333
1181.63 475
1182.64 427
1183.64 311
1184.64 457
1185.65 481
1186.65 462
1187.66 341
1188.66 543
1189.66 278
1190.67 558
1191.67 467
1192.68 393
1193.69 421
1194.69 348
1195.7 498
1196.7 487
1197.7 370
1198.71 368
1199.72 463
1200.72 436
1201.73 447
1202.73 409
1203.74 472
1204.74 410
1205.77 556
1206.77 254
1207.78 455
1208.78 367
1209.78 598
1210.79 210
1211.79 368
1212.8 656
1213.8 217
1214.8 275
1215.81 456
1216.81 436
1217.82 432
1218.83 440
1219.83 459
1220.83 347
1221.84 460
1222.84 379
1223.84 616
1224.85 359
1225.85 452
1226.86 396
1227.87 455
1228.87 447
1229.88 413
1230.88 441
1231.88 503
1232.89 338
1233.89 445
1234.9 510
1235.9 330
1236.9 307
1237.91 471
1238.91 455
1239.92 360
1240.92 290
1241.93 447
1242.93 569
1243.94 379
1244.94 380
1245.95 431
1246.95 405
1247.95 451
1248.96 399
1249.96 421
1250.97 382
1251.97 447
1252.97 321
1253.98 427
1254.98 511
1255.99 379
1256.99 362
1258 497
1259 386
1260 528
1261.01 267
1262.02 560
1263.02 240
1264.03 483
1265.03 323
1266.03 476
1267.04 456
1268.04 319
1269.05 564
1270.05 243
1271.05 649
1272.06 199
