2.0	219.981
4.0	223.578
6.0	195.878
8.0	202.537
10.0	188.223
12.0	223.487
14.0	186.856
16.0	192.867
18.0	230.882
20.0	206.727
22.0	204.698
24.0	209.641
26.0	198.442
28.0	216.82
30.0	201.165
32.0	196.578
34.0	230.694
36.0	203.943
38.0	204.914
40.0	207.492
42.0	207.266
44.0	208.386
46.0	197.554
48.0	207.068
50.0	220.849
52.0	190.432
54.0	188.134
56.0	173.967
58.0	182.366
60.0	190.71
62.0	182.419
64.0	171.635
66.0	184.108
68.0	194.914
70.0	183.77
72.0	186.303
74.0	176.512
76.0	183.84
78.0	187.062
80.0	164.85
82.0	177.059
84.0	207.161
86.0	178.796
88.0	177.38
90.0	174.597
92.0	167.031
94.0	205.407
96.0	160.469
98.0	165.004
100.0	189.31
102.0	194.899
104.0	184.088
106.0	180.674
108.0	173.633
110.0	186.634
112.0	175.208
114.0	163.701
116.0	191.961
118.0	192.967
120.0	167.182
122.0	153.568
124.0	204.428
126.0	180.689
128.0	175.142
130.0	180.886
132.0	158.405
134.0	193.929
136.0	126.988
138.0	110.999
140.0	135.519
142.0	199.571
144.0	180.938
146.0	180.315
148.0	180.579
150.0	162.159
152.0	202.187
154.0	171.139
156.0	161.603
158.0	177.776
160.0	203.785
162.0	182.547
164.0	178.829
166.0	176.691
168.0	171.018
170.0	187.127
172.0	173.061
174.0	159.9
176.0	205.562
178.0	168.788
180.0	126.7
182.0	110.59
184.0	110.396
186.0	190.614
188.0	178.575
190.0	168.149
192.0	157.681
194.0	195.954
196.0	138.536
198.0	180.728
200.0	174.329
202.0	175.465
204.0	155.493
206.0	163.505
208.0	197.869
210.0	183.661
212.0	178.794
214.0	168.285
216.0	168.331
218.0	161.261
220.0	199.173
222.0	180.071
224.0	166.966
226.0	172.177
228.0	154.95
230.0	191.71
232.0	181.12
234.0	171.067
236.0	173.793
238.0	161.679
240.0	185.763
242.0	178.197
244.0	161.226
246.0	130.658
248.0	177.291
250.0	207.086
252.0	190.902
254.0	184.676
256.0	221.761
258.0	197.35
260.0	191.475
262.0	191.691
264.0	176.765
266.0	220.979
268.0	186.809
270.0	184.163
272.0	178.799
274.0	179.553
276.0	197.618
278.0	187.257
280.0	188.366
282.0	183.337
284.0	187.846
286.0	183.938
288.0	186.927
290.0	187.156
292.0	175.577
294.0	184.738
296.0	185.593
298.0	184.85
300.0	179.313
302.0	182.785
304.0	184.68
306.0	162.281
308.0	181.757
310.0	191.74
312.0	186.744
314.0	187.037
316.0	185.624
318.0	175.885
320.0	183.723
322.0	187.248
324.0	189.334
326.0	174.417
328.0	179.221
330.0	184.339
332.0	185.404
334.0	182.329
336.0	147.785
338.0	129.146
340.0	141.951
342.0	141.838
344.0	121.521
346.0	129.644
348.0	127.571
350.0	103.771
352.0	52.158
354.0	170.703
356.0	159.628
358.0	102.951
360.0	109.143
362.0	93.607
364.0	83.654
366.0	83.331
368.0	83.766
370.0	152.574
372.0	139.056
374.0	86.734
376.0	82.335
378.0	85.124
380.0	85.781
382.0	88.061
384.0	208.406
386.0	129.128
388.0	106.314
390.0	108.045
392.0	92.963
394.0	87.982
396.0	79.578
398.0	84.677
400.0	201.609
402.0	97.903
404.0	87.734
406.0	88.337
408.0	81.953
410.0	87.09
412.0	86.027
414.0	217.844
416.0	100.731
418.0	86.102
420.0	84.33
422.0	86.968
424.0	84.265
426.0	91.891
428.0	231.604
430.0	106.016
432.0	103.069
434.0	104.97
436.0	84.287
438.0	87.169
440.0	82.278
442.0	107.126
444.0	183.896
446.0	96.382
448.0	86.434
450.0	83.03
452.0	87.581
454.0	81.52
456.0	129.936
458.0	187.981
460.0	101.469
462.0	110.798
464.0	100.866
466.0	104.583
468.0	111.701
470.0	100.735
