 4042
 4056
 4059
 4196
 4199
 4236
 4253
 4266
 4314
 4332
 4337
 4470
 4496
 4522
 4545
 4551
 4552
 4555
 4556
 4558
 4589
 4590
 4594
 4605
 4610
 4616
 4629
 4632
 4664
 4669
 4697
 4735
 4745
 4767
 4779
 4785
 4789
 4797
 4813
 4828
 4830
 4856
 4856
 4906
 4911
 4936
 4940
 4941
 4941
 4947
 4964
 4970
 4971
 4975
 4983
 4985
 5005
 5009
 5032
 5039
 5040
 5042
 5051
 5066
 5066
 5067
 5070
 5071
 5075
 5077
 5078
 5083
 5085
 5095
 5109
 5115
 5116
 5116
 5135
 5141
 5141
 5145
 5148
 5159
 5159
 5159
 5162
 5163
 5167
 5168
 5168
 5170
 5180
 5198
 5209
 5209
 5210
 5221
 5230
 5247
 5250
 5255
 5257
 5259
 5261
 5263
 5270
 5280
 5297
 5297
 5302
 5306
 5316
 5320
 5322
 5324
 5339
 5351
 5365
 5369
 5376
 5380
 5387
 5390
 5414
 5422
 5425
 5433
 5435
 5451
 5456
 5460
 5474
 5478
 5485
 5505
 5532
 5554
 5561
 5566
 5573
 5576
 5652
 5664
 5669
 5674
 5693
 5710
 5714
 5716
 5787
 5794
 5838
 5885
 5889
 5912
 5917
 5928
 5930
 5955
 5983
 5987
 6043
 6071
 6182
 6216
 6236
 6317
 6355
 6460
 6466
 6917
 6941
 7109
 7129
 7158
 7254
 7378
 7418
 7450
 7466
 7618
 7645
 8484
 8584
 8739
 8772
 8787
 8867
 8917
 8950
 9158
 9164
 9184
 9444
 9464
 9512
 9651
 9651
 9673
 9783
 9939
 10101
 10387
 10604
 10684
 10876
 11035
 11116
 11120
 11131
 11168
 11187
 11247
 11256
 11304
 11344
 11349
 11349
 11402
 11459
 11477
 11519
 11572
 11581
 11653
 11757
 11795
 11861
 11895
 11948
 11977
 12029
 12065
 12278
 14671
