# timestamp	GC Total Latency (msec)		Read Latency (msec)	Write Latency (msec)\n
78.6761 8 0 0
79.6801 7 0 0
80.6841 7 0 0
81.6881 11 2 0
82.6921 14 4 2
83.6961 16 5 3
84.7001 19 6 4
85.7082 22 8 5
86.7122 25 10 6
87.7162 28 12 8
88.7202 33 15 9
89.7242 38 19 12
90.7282 49 25 16
91.7322 71 38 25
92.7363 106 58 41
93.7402 185 103 76
94.7445 285 147 132
95.7483 364 178 181
96.7523 462 222 235
97.7763 613 297 313
98.7913 761 369 390
99.7923 928 449 479
100.8 1079 519 561
101.804 1230 589 643
102.808 1365 650 719
103.812 1485 703 786
104.819 1609 758 856
105.82 1721 808 919
106.825 1835 858 985
107.828 1954 909 1053
108.832 2059 954 1114
109.836 2153 994 1169
110.84 2265 1041 1235
111.844 2361 1081 1292
112.849 2452 1119 1346
113.852 2526 1149 1390
114.857 2613 1184 1442
115.861 2700 1220 1493
116.865 2777 1252 1539
117.869 2855 1285 1585
118.873 2919 1311 1623
119.877 2987 1339 1663
120.881 3057 1368 1706
121.885 3123 1395 1745
122.889 3183 1420 1781
123.893 3242 1444 1816
124.899 3299 1467 1850
125.901 3354 1489 1883
126.908 3404 1509 1914
127.909 3457 1530 1946
128.913 3503 1549 1974
129.917 3544 1566 1998
130.921 3592 1585 2027
131.925 3637 1604 2054
132.929 3679 1621 2079
133.933 3711 1634 2098
134.937 3753 1651 2124
135.941 3788 1665 2145
136.945 3822 1679 2166
137.949 3859 1694 2188
138.953 3896 1710 2210
139.957 3925 1721 2227
140.961 3954 1734 2244
141.965 3989 1747 2265
142.969 4020 1760 2283
143.973 4050 1772 2302
144.977 4079 1784 2319
145.981 4108 1796 2336
146.985 4135 1806 2353
147.989 4160 1817 2368
148.994 4185 1827 2384
149.997 4208 1836 2398
151.001 4234 1846 2413
152.005 4256 1855 2427
153.009 4280 1864 2441
154.013 4301 1873 2454
155.017 4322 1881 2467
156.021 4343 1890 2479
157.025 4365 1898 2492
158.029 4385 1906 2504
159.033 4405 1914 2517
160.039 4424 1922 2528
161.041 4441 1929 2538
162.045 4461 1937 2551
163.049 4482 1945 2563
164.053 4497 1951 2573
165.057 4517 1959 2585
166.061 4536 1967 2596
167.066 4550 1972 2605
168.069 4568 1979 2616
169.073 4584 1985 2626
170.077 4600 1991 2636
171.081 4617 1998 2646
172.085 4630 2004 2654
173.089 4645 2010 2663
174.093 4662 2017 2673
175.097 4679 2023 2683
176.101 4691 2028 2691
177.105 4706 2033 2700
178.11 4719 2039 2709
179.113 4734 2044 2718
180.118 4746 2049 2725
181.121 4760 2054 2734
182.125 4773 2059 2742
183.129 4785 2064 2749
184.133 4798 2069 2758
185.137 4810 2074 2765
186.142 4824 2079 2774
187.145 4835 2083 2781
188.149 4848 2088 2789
189.154 4860 2093 2796
190.157 4872 2097 2804
191.161 4882 2101 2811
192.168 4894 2106 2818
193.169 4905 2110 2825
194.173 4917 2114 2833
195.178 4926 2118 2838
196.182 4938 2122 2846
197.186 4948 2126 2852
198.19 4960 2130 2860
199.194 4970 2134 2866
200.198 4981 2138 2873
201.202 4989 2141 2879
202.206 5000 2145 2886
203.21 5010 2149 2892
204.214 5018 2152 2897
205.218 5028 2155 2904
206.222 5038 2159 2910
207.226 5048 2162 2917
208.23 5057 2165 2923
209.234 5066 2169 2929
210.238 5076 2173 2935
211.243 5086 2176 2941
212.246 5095 2180 2947
213.298 5104 2183 2952
214.298 5114 2186 2959
215.302 5122 2189 2964
216.306 5131 2193 2970
217.31 5140 2196 2976
218.314 5148 2199 2981
219.318 5158 2202 2987
220.322 5166 2205 2993
221.326 5175 2209 2999
222.33 5182 2211 3003
223.334 5190 2214 3008
224.341 5199 2217 3014
225.342 5206 2220 3018
226.346 5212 2222 3022
227.35 5221 2225 3028
228.356 5230 2228 3034
229.358 5236 2230 3038
230.362 5244 2233 3043
231.37 5252 2236 3048
232.374 5258 2238 3053
233.378 5266 2241 3058
234.382 5275 2244 3063
235.386 5279 2246 3066
236.39 5287 2248 3071
237.414 5295 2251 3076
238.418 5301 2254 3081
239.422 5308 2256 3085
240.426 5315 2259 3089
241.43 5321 2261 3094
242.434 5328 2263 3098
243.439 5336 2266 3103
244.442 5341 2267 3107
245.446 5348 2270 3111
246.454 5354 2272 3115
247.458 5360 2274 3119
248.462 5366 2276 3124
249.466 5373 2278 3128
250.47 5378 2280 3132
251.474 5383 2282 3135
252.478 5390 2284 3140
253.482 5396 2286 3144
254.486 5403 2288 3148
255.49 5408 2290 3152
256.494 5414 2292 3156
257.498 5420 2294 3160
258.502 5426 2297 3164
259.506 5432 2299 3168
260.511 5437 2300 3171
261.514 5444 2302 3175
262.519 5449 2304 3179
263.522 5455 2306 3183
264.526 5462 2308 3188
265.53 5468 2310 3192
266.534 5474 2312 3196
267.538 5479 2314 3199
268.542 5485 2316 3203
269.546 5490 2318 3207
270.55 5496 2320 3210
271.554 5501 2322 3214
272.558 5508 2324 3218
273.562 5513 2325 3222
274.572 5519 2327 3226
275.574 5525 2330 3230
276.579 5529 2331 3233
277.583 5534 2333 3237
278.587 5540 2335 3241
279.591 5545 2336 3244
280.604 5552 2338 3249
281.607 5556 2340 3252
282.611 5562 2342 3256
283.615 5568 2344 3260
284.619 5573 2345 3263
285.623 5578 2347 3267
286.627 5584 2349 3271
287.631 5590 2350 3275
288.635 5593 2351 3277
289.639 5599 2353 3281
290.643 5605 2355 3285
291.649 5611 2357 3289
292.651 5616 2358 3293
293.655 5620 2360 3296
294.659 5626 2362 3300
295.663 5629 2363 3302
296.667 5634 2364 3306
297.671 5638 2366 3308
298.675 5643 2367 3312
299.679 5649 2369 3316
300.687 5654 2371 3319
301.691 5658 2372 3322
302.695 5663 2373 3326
303.707 5667 2374 3329
304.711 5673 2376 3333
305.715 5678 2378 3337
306.719 5682 2379 3340
307.723 5688 2381 3344
308.73 5694 2382 3348
309.731 5699 2384 3351
310.735 5705 2386 3356
311.739 5710 2387 3359
312.743 5715 2389 3363
313.747 5720 2390 3366
314.751 5726 2392 3370
315.755 5730 2393 3374
316.759 5736 2395 3378
317.763 5742 2397 3382
318.768 5747 2398 3386
319.771 5753 2400 3390
320.775 5759 2401 3394
321.775 5765 2403 3398
322.779 5768 2404 3401
323.783 5774 2406 3406
324.788 5779 2407 3409
325.792 5786 2408 3414
326.796 5790 2410 3417
327.8 5794 2411 3421
328.812 5802 2413 3426
329.816 5805 2413 3429
330.82 5810 2415 3433
331.824 5816 2416 3437
332.828 5822 2418 3441
333.832 5828 2419 3446
334.836 5836 2421 3453
335.84 5841 2422 3457
336.844 5849 2424 3463
337.848 5855 2425 3468
338.853 5862 2427 3473
339.856 5869 2428 3478
340.86 5879 2431 3486
341.864 5885 2432 3491
342.868 5894 2434 3497
343.872 5902 2436 3504
344.876 5910 2438 3510
345.88 5916 2439 3515
346.884 5925 2441 3522
347.888 5934 2443 3529
348.892 5940 2445 3534
349.896 5950 2447 3541
350.9 5957 2449 3547
351.904 5965 2451 3553
352.908 5973 2453 3559
353.912 5980 2454 3565
354.928 5988 2456 3570
355.932 5997 2458 3577
356.936 6005 2460 3583
357.94 6012 2462 3589
358.944 6019 2464 3595
359.948 6028 2466 3602
360.952 6036 2468 3608
361.957 6044 2469 3614
362.96 6055 2472 3622
363.964 6064 2474 3629
364.968 6074 2476 3637
365.972 6084 2479 3645
366.976 6093 2481 3652
367.98 6102 2483 3659
368.985 6112 2485 3666
369.989 6122 2488 3674
370.993 6131 2490 3681
371.997 6138 2491 3687
373.001 6149 2494 3695
374.008 6159 2496 3703
375.009 6169 2498 3711
376.013 6178 2500 3719
377.017 6191 2503 3729
378.021 6200 2505 3737
379.038 6211 2507 3745
380.041 6222 2509 3753
381.045 6231 2511 3761
382.053 6248 2515 3774
383.057 6252 2516 3778
384.061 6270 2520 3791
385.066 6275 2520 3797
386.069 6277 2521 3798
387.074 6289 2524 3807
388.077 6297 2525 3814
389.083 6309 2528 3823
390.085 6319 2530 3831
391.093 6337 2534 3845
392.097 6340 2534 3848
393.101 6349 2536 3856
394.105 6362 2538 3867
395.109 6371 2540 3873
396.113 6405 2548 3900
397.119 6427 2552 3918
398.121 6416 2548 3911
399.125 6413 2547 3909
400.129 6421 2549 3914
401.134 6428 2551 3920
402.137 6439 2553 3929
403.142 6458 2557 3944
404.145 6465 2559 3950
405.15 6501 2566 3979
406.153 6526 2570 4000
407.157 6514 2566 3992
408.161 6513 2566 3991
409.165 6520 2568 3996
410.169 6529 2570 4003
411.174 6553 2575 4023
412.177 6565 2577 4033
413.182 6574 2579 4040
414.186 6598 2584 4059
415.19 6630 2590 4086
416.194 6623 2587 4080
417.198 6627 2589 4083
418.202 6640 2592 4094
419.206 6655 2594 4106
420.21 6666 2597 4115
421.214 6682 2600 4128
422.229 6697 2603 4139
423.23 6718 2608 4156
424.235 6792 2623 4216
425.238 6865 2638 4274
426.242 6908 2646 4310
427.246 6892 2640 4300
428.25 6875 2633 4289
429.254 6856 2626 4277
430.258 6839 2620 4266
431.262 6825 2615 4257
432.266 6819 2614 4253
433.27 6819 2614 4252
434.274 6823 2615 4255
435.278 6827 2616 4258
436.282 6833 2618 4262
437.286 6838 2619 4266
438.29 6846 2621 4272
439.295 6866 2625 4289
440.298 6937 2639 4346
441.302 6924 2635 4337
442.306 6910 2630 4328
443.31 6904 2628 4323
444.314 6906 2629 4325
445.318 6913 2631 4330
446.322 6920 2633 4336
447.326 6942 2637 4353
448.33 7011 2651 4409
449.334 7081 2666 4465
450.339 7128 2675 4503
451.342 7132 2674 4508
452.347 7116 2668 4497
453.35 7101 2663 4488
454.354 7082 2656 4476
455.36 7067 2651 4466
456.362 7055 2647 4458
457.37 7048 2645 4452
458.374 7047 2645 4451
459.38 7049 2646 4453
460.382 7053 2647 4455
461.386 7058 2648 4459
462.39 7063 2649 4463
463.4 7069 2651 4468
464.402 7080 2653 4476
465.407 7087 2654 4483
466.411 7097 2657 4490
467.415 7165 2670 4545
468.419 7232 2684 4599
469.423 7291 2696 4646
470.427 7307 2698 4660
471.431 7290 2692 4649
472.435 7275 2687 4640
473.439 7260 2681 4630
474.443 7245 2676 4620
475.447 7230 2670 4610
476.451 7220 2667 4603
477.455 7217 2667 4601
478.459 7216 2667 4600
479.463 7218 2667 4601
480.467 7220 2668 4602
481.471 7224 2669 4606
482.475 7228 2671 4608
483.479 7235 2672 4614
484.483 7242 2674 4619
485.488 7276 2681 4646
486.491 7282 2681 4653
487.495 7280 2680 4651
488.499 7285 2682 4655
489.503 7293 2684 4661
490.511 7335 2692 4695
491.511 7352 2694 4709
492.515 7345 2692 4704
493.519 7347 2693 4706
494.523 7353 2694 4711
495.527 7391 2702 4741
496.531 7404 2704 4752
497.535 7404 2705 4751
498.543 7407 2706 4754
499.543 7419 2708 4764
500.547 7444 2713 4784
501.551 7460 2717 4796
502.556 7465 2718 4800
503.577 7492 2723 4822
504.582 7534 2732 4856
505.583 7527 2730 4851
506.588 7527 2731 4850
507.591 7531 2732 4854
508.595 7542 2734 4862
509.608 7595 2745 4904
510.611 7590 2743 4901
511.615 7589 2743 4900
512.619 7594 2745 4903
513.623 7601 2746 4909
514.629 7642 2754 4943
515.631 7653 2756 4952
516.635 7649 2755 4949
517.639 7654 2756 4952
518.644 7660 2758 4957
519.651 7684 2763 4976
520.652 7706 2767 4995
521.656 7705 2767 4993
522.664 7713 2769 5000
523.668 7735 2774 5017
524.675 7783 2784 5056
525.676 7783 2783 5057
526.68 7780 2782 5054
527.684 7782 2783 5055
528.688 7785 2784 5057
529.693 7807 2788 5075
530.712 7844 2796 5105
531.716 7834 2793 5098
532.72 7833 2793 5097
533.724 7836 2794 5099
534.729 7843 2795 5104
535.768 7884 2804 5137
536.768 7883 2803 5137
537.772 7882 2803 5136
538.776 7885 2804 5138
539.78 7891 2805 5143
540.784 7905 2808 5155
541.797 7950 2817 5190
542.8 7947 2816 5189
543.805 7944 2815 5186
544.808 7946 2816 5188
545.812 7951 2817 5191
546.817 7983 2824 5217
547.826 8027 2833 5252
548.829 8025 2832 5251
549.832 8017 2830 5246
550.839 8016 2830 5245
551.84 8018 2830 5246
552.844 8021 2831 5249
553.848 8026 2832 5252
554.852 8041 2835 5265
555.856 8043 2835 5266
556.861 8071 2841 5289
557.864 8097 2847 5310
558.868 8089 2844 5303
559.873 8088 2844 5303
560.876 8091 2845 5305
561.882 8097 2846 5309
562.885 8120 2851 5328
563.888 8129 2853 5336
564.892 8132 2854 5338
565.896 8137 2855 5341
566.9 8160 2860 5360
567.904 8168 2861 5367
568.908 8173 2863 5370
569.912 8194 2867 5387
570.916 8194 2867 5387
571.92 8205 2870 5396
572.925 8209 2871 5399
573.928 8230 2875 5416
574.933 8235 2876 5420
575.937 8261 2881 5440
576.942 8261 2882 5440
577.945 8268 2883 5446
578.948 8280 2886 5455
579.952 8295 2889 5467
580.957 8304 2891 5475
581.961 8306 2891 5476
582.965 8325 2895 5491
583.969 8328 2896 5494
584.973 8333 2897 5497
585.977 8349 2900 5510
586.981 8361 2903 5520
587.985 8371 2905 5528
588.989 8377 2906 5532
589.993 8392 2909 5545
590.997 8403 2912 5553
592.001 8437 2919 5581
593.005 8435 2918 5579
594.009 8436 2919 5579
595.013 8438 2919 5581
596.017 8467 2925 5604
597.021 8464 2924 5602
598.025 8464 2925 5602
599.029 8469 2926 5606
600.039 8495 2931 5627
601.041 8492 2931 5625
602.045 8494 2931 5626
603.049 8521 2937 5647
604.053 8522 2937 5649
605.058 8523 2937 5649
606.065 8525 2938 5651
607.069 8550 2943 5671
608.073 8547 2942 5668
609.08 8548 2942 5669
610.081 8569 2947 5686
611.085 8566 2946 5684
612.089 8569 2947 5686
613.093 8583 2950 5697
614.097 8586 2950 5699
615.102 8608 2955 5717
616.109 8612 2956 5720
617.113 8613 2956 5721
618.117 8621 2958 5727
619.121 8633 2960 5737
620.125 8644 2963 5746
621.13 8647 2964 5748
622.133 8659 2966 5758
623.137 8664 2967 5762
624.141 8686 2972 5779
625.145 8688 2972 5780
626.149 8689 2973 5781
627.178 8708 2977 5796
628.181 8711 2977 5799
629.185 8712 2977 5800
630.19 8718 2979 5804
631.194 8734 2982 5818
632.197 8735 2982 5818
633.202 8752 2986 5832
634.205 8759 2987 5837
635.209 8758 2987 5837
636.213 8764 2989 5841
637.217 8779 2992 5853
638.221 8780 2992 5854
639.225 8782 2992 5855
640.229 8795 2995 5866
641.234 8801 2996 5870
642.237 8804 2997 5873
643.261 8819 3000 5885
644.262 8822 3001 5887
645.267 8835 3004 5898
646.27 8840 3005 5902
647.274 8847 3006 5907
648.278 8855 3008 5914
649.282 8864 3010 5920
650.286 8870 3011 5925
651.291 8878 3013 5932
652.294 8892 3016 5943
653.298 8893 3016 5944
654.302 8907 3019 5955
655.306 8918 3022 5964
656.31 8918 3022 5964
657.314 8933 3025 5975
658.318 8930 3024 5973
659.324 8936 3025 5978
660.326 8953 3029 5992
661.33 8952 3029 5991
662.334 8963 3031 5999
663.338 8963 3031 5999
664.342 8976 3034 6009
665.346 8976 3034 6010
666.35 8994 3038 6024
667.354 8993 3038 6023
668.358 8999 3039 6028
669.362 9014 3042 6040
670.366 9012 3042 6038
671.37 9014 3042 6040
672.374 9019 3043 6044
673.378 9033 3046 6055
674.382 9032 3046 6055
675.386 9048 3050 6067
676.39 9047 3049 6066
677.395 9048 3050 6067
678.408 9060 3052 6077
679.41 9066 3054 6081
680.414 9071 3055 6085
681.418 9078 3056 6090
682.422 9086 3058 6097
683.426 9095 3060 6104
684.435 9103 3061 6111
685.438 9105 3062 6112
686.442 9122 3065 6126
687.446 9122 3065 6125
688.45 9132 3067 6134
689.454 9133 3068 6134
690.458 9143 3070 6142
691.462 9145 3071 6144
692.466 9160 3074 6156
693.47 9159 3074 6155
694.475 9172 3076 6165
695.478 9172 3076 6165
696.483 9181 3078 6172
697.486 9181 3078 6172
698.49 9187 3080 6177
699.495 9198 3082 6186
700.498 9198 3082 6186
701.505 9211 3085 6196
702.506 9213 3085 6198
703.512 9226 3088 6208
704.514 9232 3089 6212
705.519 9233 3090 6213
706.523 9244 3092 6222
707.527 9246 3092 6224
708.531 9246 3093 6224
709.535 9249 3093 6226
710.539 9255 3094 6231
711.543 9265 3096 6239
712.547 9266 3097 6240
713.551 9272 3098 6245
714.555 9285 3101 6254
715.559 9294 3103 6262
716.563 9291 3102 6260
717.567 9292 3103 6260
718.571 9300 3104 6266
719.575 9303 3105 6269
720.579 9314 3107 6278
721.583 9315 3107 6278
722.591 9326 3110 6287
723.595 9325 3110 6286
724.602 9336 3112 6295
725.603 9335 3112 6294
726.607 9340 3113 6298
727.611 9346 3114 6303
728.622 9348 3114 6305
729.631 9364 3118 6318
730.635 9362 3117 6316
731.639 9366 3118 6319
732.643 9371 3120 6323
733.652 9375 3120 6326
734.655 9380 3121 6330
735.659 9382 3122 6332
736.663 9390 3124 6337
737.667 9396 3125 6343
738.672 9404 3127 6349
739.675 9406 3127 6350
740.679 9416 3129 6358
741.709 9423 3131 6364
742.711 9426 3132 6367
743.715 9428 3132 6368
744.719 9434 3133 6372
745.723 9442 3135 6379
746.727 9442 3135 6379
747.733 9451 3137 6386
748.735 9451 3137 6387
749.739 9458 3138 6392
750.744 9464 3140 6396
751.747 9470 3141 6401
752.752 9472 3142 6403
753.758 9482 3144 6411
754.759 9485 3144 6413
755.763 9490 3145 6417
756.767 9495 3147 6421
757.771 9505 3149 6429
758.775 9506 3149 6430
759.779 9512 3150 6435
760.783 9513 3151 6435
761.787 9519 3152 6440
762.792 9529 3154 6448
763.797 9529 3154 6447
764.803 9534 3155 6452
765.803 9538 3156 6455
766.807 9546 3158 6462
767.807 9548 3158 6463
768.811 9560 3161 6472
769.815 9558 3160 6471
770.819 9563 3161 6475
771.824 9564 3162 6475
772.828 9571 3163 6482
773.832 9573 3164 6483
774.846 9589 3167 6495
775.848 9586 3166 6493
776.852 9587 3167 6494
777.856 9596 3169 6501
778.86 9595 3168 6500
779.864 9598 3169 6503
780.868 9608 3171 6510
781.872 9608 3171 6511
782.876 9610 3172 6512
783.88 9619 3174 6519
784.884 9619 3174 6519
785.889 9628 3176 6527
786.893 9629 3176 6527
787.896 9629 3176 6527
788.9 9639 3178 6535
789.904 9638 3178 6534
790.909 9640 3178 6535
791.912 9647 3180 6542
792.916 9649 3180 6543
793.92 9658 3182 6550
794.924 9659 3182 6551
795.929 9659 3183 6551
796.932 9668 3184 6558
797.936 9668 3185 6558
798.94 9674 3186 6563
799.944 9674 3186 6563
800.949 9682 3187 6569
801.953 9683 3188 6570
802.963 9689 3189 6575
803.964 9695 3190 6580
804.968 9698 3191 6582
805.972 9705 3193 6587
806.976 9708 3193 6589
807.982 9708 3193 6590
808.984 9712 3194 6593
809.989 9716 3195 6596
810.992 9720 3196 6599
811.996 9722 3196 6601
813 9726 3197 6604
814.004 9726 3197 6604
815.008 9731 3198 6608
816.013 9735 3199 6611
817.016 9739 3200 6614
818.02 9744 3201 6618
819.025 9748 3202 6621
820.028 9751 3203 6624
821.032 9758 3204 6630
822.037 9759 3204 6630
823.04 9766 3206 6636
824.044 9767 3206 6637
825.048 9775 3208 6643
826.052 9774 3208 6642
827.057 9780 3209 6647
828.06 9780 3209 6647
829.072 9787 3210 6652
830.073 9791 3211 6656
831.076 9790 3211 6655
832.08 9795 3212 6659
833.084 9795 3212 6658
834.089 9801 3214 6663
835.092 9800 3213 6662
836.096 9803 3214 6665
837.1 9808 3215 6669
838.104 9813 3216 6673
839.108 9818 3217 6677
840.112 9822 3218 6680
841.117 9828 3219 6685
842.121 9832 3220 6688
843.125 9839 3222 6694
844.131 9840 3222 6694
845.133 9847 3223 6700
846.142 9846 3223 6700
847.145 9854 3225 6706
848.149 9854 3225 6705
849.153 9857 3225 6708
850.165 9862 3227 6712
851.169 9867 3228 6716
852.173 9873 3229 6721
853.177 9874 3229 6721
854.181 9876 3230 6723
855.195 9885 3231 6730
856.199 9885 3232 6731
857.203 9890 3233 6734
858.209 9894 3233 6737
859.213 9899 3234 6741
860.217 9900 3235 6742
861.221 9905 3236 6746
862.225 9913 3238 6752
863.229 9912 3237 6751
864.233 9916 3238 6755
865.237 9918 3239 6756
866.242 9923 3240 6760
867.245 9924 3240 6761
868.249 9929 3241 6765
869.253 9932 3242 6767
870.261 9935 3242 6770
871.268 9941 3244 6775
872.269 9945 3245 6778
873.277 9948 3245 6780
874.293 9953 3246 6784
875.297 9956 3247 6787
876.302 9962 3248 6791
877.305 9965 3249 6794
878.31 9968 3249 6796
879.313 9972 3250 6799
880.317 9974 3251 6801
881.321 9979 3252 6805
882.325 9978 3252 6804
883.329 9984 3253 6808
884.336 9982 3253 6807
885.337 9988 3254 6812
886.341 9988 3254 6811
887.345 9993 3255 6816
888.349 9995 3255 6817
889.353 9998 3256 6820
890.358 10002 3257 6823
891.361 10007 3258 6827
892.365 10009 3259 6828
893.369 10014 3260 6833
894.373 10017 3260 6834
895.377 10020 3261 6837
896.381 10024 3262 6840
897.385 10028 3263 6844
898.389 10030 3263 6845
899.394 10037 3264 6850
900.397 10037 3265 6851
901.401 10042 3266 6854
902.41 10045 3266 6857
903.413 10049 3267 6860
904.417 10052 3268 6863
905.422 10056 3269 6866
906.425 10062 3270 6870
907.429 10063 3270 6871
908.433 10066 3271 6873
909.442 10070 3272 6877
910.446 10073 3272 6879
911.45 10075 3273 6881
912.454 10081 3274 6886
913.458 10082 3274 6886
914.462 10087 3276 6890
915.466 10090 3276 6893
916.47 10093 3277 6895
917.474 10095 3277 6897
918.478 10100 3278 6900
919.482 10102 3279 6902
920.486 10104 3279 6904
921.5 10109 3280 6907
922.502 10109 3280 6908
923.506 10112 3281 6910
924.51 10114 3281 6911
925.514 10119 3282 6915
926.527 10122 3283 6917
927.53 10125 3284 6920
928.534 10128 3284 6922
929.539 10130 3285 6924
930.542 10133 3286 6926
931.553 10136 3286 6929
932.554 10137 3287 6930
933.558 10139 3287 6931
934.562 10142 3288 6934
935.574 10146 3288 6936
936.578 10148 3289 6938
937.582 10151 3290 6940
938.586 10154 3290 6943
939.59 10156 3291 6944
940.595 10159 3291 6947
941.598 10162 3292 6950
942.602 10166 3293 6953
943.606 10169 3293 6955
944.61 10171 3294 6957
945.614 10174 3295 6959
946.618 10176 3295 6961
947.624 10179 3296 6963
948.626 10185 3297 6968
949.63 10186 3297 6968
950.634 10189 3298 6970
951.638 10195 3299 6976
952.642 10194 3299 6975
953.646 10196 3299 6976
954.65 10199 3300 6979
955.67 10202 3301 6981
956.675 10206 3302 6984
957.678 10208 3302 6986
958.682 10212 3303 6989
959.686 10212 3303 6989
960.69 10217 3304 6993
961.694 10218 3304 6994
962.698 10221 3305 6996
963.703 10225 3306 6999
964.706 10230 3307 7003
965.71 10232 3307 7005
966.715 10236 3308 7008
967.719 10237 3308 7008
968.723 10241 3309 7012
969.726 10242 3309 7013
970.731 10246 3310 7016
971.734 10247 3310 7017
972.741 10250 3311 7019
973.742 10255 3312 7023
974.746 10255 3312 7023
975.751 10258 3313 7026
976.759 10261 3314 7028
977.763 10263 3314 7030
978.774 10268 3315 7033
979.775 10271 3316 7036
980.779 10273 3316 7037
981.787 10277 3317 7040
982.791 10277 3317 7040
983.796 10280 3318 7042
984.799 10282 3318 7045
985.803 10284 3319 7046
986.807 10287 3319 7048
987.811 10290 3320 7051
988.815 10292 3320 7052
989.819 10294 3321 7054
990.823 10298 3322 7057
991.827 10299 3322 7058
992.831 10301 3322 7060
993.835 10303 3323 7061
994.839 10305 3323 7063
995.843 10309 3324 7066
996.847 10310 3324 7067
997.851 10314 3325 7070
998.855 10316 3326 7071
999.859 10319 3326 7074
1000.86 10321 3327 7075
1001.87 10324 3327 7077
1002.87 10327 3328 7080
1003.87 10328 3328 7081
1004.88 10332 3329 7084
1005.89 10337 3330 7088
1006.89 10337 3330 7088
1007.9 10339 3331 7090
1008.91 10342 3331 7092
1009.91 10344 3332 7094
1010.93 10347 3332 7096
1011.94 10349 3333 7097
1012.94 10350 3333 7098
1013.94 10353 3334 7101
1014.95 10355 3334 7102
1015.95 10357 3334 7104
1016.96 10359 3335 7105
1017.96 10361 3335 7107
1018.96 10366 3336 7111
1019.97 10365 3336 7110
1020.97 10367 3337 7112
1021.98 10371 3337 7115
1022.98 10373 3338 7116
1023.99 10376 3339 7119
1024.99 10377 3339 7120
1026 10379 3339 7121
1027 10381 3340 7123
1028 10384 3340 7125
1029.01 10389 3341 7129
1030.01 10389 3341 7129
1031.02 10392 3342 7131
1032.02 10392 3342 7131
1033.02 10394 3343 7133
1034.03 10394 3343 7133
1035.03 10398 3344 7136
1036.04 10399 3344 7137
1037.04 10401 3344 7138
1038.04 10403 3345 7140
1039.05 10403 3345 7140
1040.05 10406 3345 7143
1041.06 10408 3346 7144
1042.06 10411 3346 7146
1043.06 10411 3346 7146
1044.07 10415 3347 7149
1045.07 10414 3347 7149
1046.08 10417 3348 7151
1047.08 10417 3348 7151
1048.08 10419 3348 7153
1049.11 10422 3349 7155
1050.1 10423 3349 7155
1051.12 10425 3350 7157
1052.12 10426 3350 7158
1053.12 10427 3350 7159
1054.13 10428 3350 7160
1055.13 10431 3351 7162
1056.14 10430 3351 7161
1057.14 10430 3351 7161
1058.14 10431 3351 7162
1059.15 10435 3352 7165
1060.16 10434 3352 7165
1061.16 10435 3352 7165
1062.16 10438 3353 7168
1063.17 10437 3352 7167
1064.17 10438 3353 7168
1065.18 10440 3353 7169
1066.18 10441 3353 7170
1067.18 10443 3354 7172
1068.19 10444 3354 7172
1069.19 10443 3354 7171
1070.2 10447 3355 7174
1071.2 10446 3355 7173
1072.21 10448 3355 7175
1073.21 10450 3355 7177
1074.21 10449 3355 7176
1075.22 10449 3355 7176
1076.22 10452 3356 7178
1077.22 10451 3356 7177
1078.23 10453 3356 7179
1079.23 10452 3356 7179
1080.24 10455 3357 7180
1081.24 10458 3357 7183
1082.25 10457 3357 7182
1083.25 10458 3357 7183
1084.26 10461 3358 7185
1085.26 10462 3358 7186
1086.26 10465 3359 7188
1087.27 10468 3359 7190
1088.27 10469 3360 7191
1089.28 10471 3360 7193
1090.28 10472 3361 7194
1091.28 10474 3361 7195
1092.29 10476 3361 7197
1093.29 10477 3362 7197
1094.3 10479 3362 7199
1095.3 10480 3362 7200
1096.3 10483 3363 7203
1097.31 10485 3363 7204
1098.31 10487 3364 7205
1099.32 10489 3364 7207
1100.32 10490 3365 7208
1101.33 10493 3365 7210
1102.33 10494 3365 7211
1103.34 10496 3366 7213
1104.34 10498 3366 7214
1105.34 10500 3367 7216
1106.35 10504 3368 7219
1107.35 10504 3368 7219
1108.36 10506 3368 7221
1109.36 10506 3368 7221
1110.36 10509 3369 7223
1111.37 10509 3369 7223
1112.37 10512 3369 7225
1113.38 10512 3369 7225
1114.38 10514 3370 7227
1115.38 10517 3370 7229
1116.39 10518 3371 7230
1117.39 10519 3371 7231
1118.4 10520 3371 7232
1119.4 10521 3372 7232
1120.41 10522 3372 7233
1121.42 10523 3372 7234
1122.42 10526 3373 7236
1123.42 10527 3373 7237
1124.43 10528 3373 7237
1125.44 10529 3373 7238
1126.44 10530 3374 7239
1127.44 10532 3374 7241
1128.45 10533 3374 7242
1129.45 10535 3375 7243
1130.46 10537 3375 7245
1131.46 10536 3375 7244
1132.46 10538 3375 7246
1133.47 10539 3376 7246
1134.47 10541 3376 7248
1135.48 10542 3376 7249
1136.48 10544 3377 7250
1137.48 10546 3377 7252
1138.49 10548 3377 7253
1139.49 10550 3378 7255
1140.5 10551 3378 7256
1141.5 10553 3379 7257
1142.5 10554 3379 7258
1143.51 10556 3379 7260
1144.51 10558 3380 7261
1145.52 10559 3380 7262
1146.52 10561 3380 7263
1147.52 10563 3381 7265
1148.53 10565 3381 7266
1149.54 10567 3382 7268
1150.54 10566 3382 7268
1151.55 10571 3383 7271
1152.55 10570 3383 7270
1153.56 10569 3382 7270
1154.56 10570 3383 7271
1155.57 10573 3383 7273
1156.57 10573 3383 7273
1157.57 10575 3384 7274
1158.58 10575 3384 7274
1159.58 10576 3384 7275
1160.59 10578 3385 7277
1161.59 10580 3385 7279
1162.59 10581 3385 7279
1163.6 10582 3386 7280
1164.6 10584 3386 7281
1165.61 10585 3386 7282
1166.61 10587 3387 7284
1167.61 10587 3387 7284
1168.62 10588 3387 7285
1169.62 10590 3387 7286
1170.63 10591 3388 7287
1171.63 10593 3388 7289
1172.63 10593 3388 7289
1173.64 10595 3389 7290
1174.64 10595 3389 7290
1175.65 10597 3389 7291
1176.65 10597 3389 7291
1177.65 10598 3389 7292
1178.66 10599 3389 7293
1179.66 10601 3390 7295
1180.67 10603 3390 7296
1181.67 10604 3391 7297
1182.67 10607 3391 7299
1183.68 10607 3391 7300
1184.68 10609 3392 7301
1185.69 10611 3392 7302
1186.69 10611 3392 7303
1187.69 10612 3392 7304
1188.7 10614 3393 7305
1189.7 10615 3393 7306
1190.71 10618 3394 7308
1191.71 10618 3394 7308
1192.71 10620 3394 7309
1193.72 10622 3395 7311
1194.72 10622 3395 7311
1195.73 10624 3395 7313
1196.73 10624 3395 7312
1197.73 10625 3396 7313
1198.74 10626 3396 7314
1199.74 10626 3396 7314
1200.75 10627 3396 7315
1201.75 10627 3396 7315
1202.75 10629 3396 7316
1203.76 10630 3397 7318
1204.76 10632 3397 7319
1205.77 10634 3398 7321
1206.77 10636 3398 7322
1207.77 10637 3398 7323
1208.78 10639 3399 7324
1209.78 10640 3399 7325
1210.79 10641 3399 7326
1211.79 10642 3399 7327
1212.79 10644 3400 7328
1213.8 10646 3400 7329
1214.8 10647 3401 7331
1215.81 10648 3401 7331
1216.81 10650 3401 7333
1217.81 10650 3401 7333
1218.82 10651 3401 7334
1219.82 10653 3402 7335
1220.83 10655 3402 7337
1221.83 10657 3403 7338
1222.83 10656 3403 7338
1223.84 10657 3403 7339
1224.84 10658 3403 7339
1225.85 10660 3403 7340
1226.85 10660 3403 7341
1227.85 10662 3404 7342
1228.87 10664 3404 7343
1229.87 10665 3404 7344
1230.87 10666 3405 7345
1231.88 10666 3405 7346
1232.88 10668 3405 7347
1233.89 10670 3406 7348
1234.89 10671 3406 7349
1235.89 10672 3406 7350
1236.9 10674 3407 7351
1237.9 10675 3407 7353
1238.91 10677 3407 7354
1239.91 10678 3408 7354
1240.91 10679 3408 7355
1241.92 10680 3408 7356
1242.92 10681 3408 7357
1243.93 10683 3409 7358
1244.93 10684 3409 7359
1245.93 10684 3409 7359
1246.94 10686 3409 7361
1247.94 10687 3410 7362
1248.95 10689 3410 7363
1249.95 10690 3410 7364
1250.95 10692 3411 7365
1251.96 10691 3411 7365
1252.96 10693 3411 7366
1253.97 10694 3411 7367
1254.97 10694 3411 7367
1255.97 10696 3412 7369
1256.98 10696 3412 7368
1257.98 10697 3412 7370
1258.99 10700 3413 7371
1259.99 10699 3413 7371
1260.99 10701 3413 7373
1262 10701 3413 7373
1263 10703 3414 7374
1264.01 10704 3414 7375
1265.01 10705 3414 7375
1266.01 10705 3414 7376
1267.02 10707 3415 7377
1268.02 10707 3415 7377
1269.03 10708 3415 7378
1270.03 10709 3415 7378
1271.03 10710 3415 7379
1272.04 10710 3415 7380
1273.04 10711 3415 7380
1274.05 10712 3416 7381
1275.05 10712 3416 7381
1276.05 10714 3416 7382
1277.06 10714 3416 7382
1278.06 10716 3417 7384
1279.07 10715 3417 7383
1280.07 10717 3417 7384
1281.08 10717 3417 7385
1282.08 10718 3417 7385
1283.1 10720 3418 7387
1284.11 10719 3418 7386
1285.11 10720 3418 7387
1286.12 10721 3418 7387
1287.13 10722 3418 7388
1288.13 10723 3419 7390
