# timestamp	command count (MB)\n
-287.471 0
-267.881 0
-266.314 0
-262.39 0
-261.369 0
-260.328 0
-259.213 0
-258.213 0
-257.134 0
-256.13 0
-255.058 0
-253.369 0
-252.301 0
-251.285 0
-250.278 0
-248.255 0
-247.17 0
-246.157 0
-245.129 0
-244.129 0
-243.108 0
-238.919 0
-237.915 0
-236.91 0
-235.899 0
-232.739 0
-231.73 0
-230.716 0
-228.576 0
-227.568 0
-226.559 0
-225.555 0
-224.553 0
-221.734 0
-220.364 0
-219.361 0
-217.303 0
-216.299 0
-214.928 0
-213.912 0
-212.897 0
-211.017 0
-210.016 0
-209.013 0
-205.012 0
-204.008 0
-202.709 0
-201.708 0
-198.779 0
-197.775 0
-196.771 0
-195.768 0
-193.266 0
-192.264 0
-191.255 0
-190.252 0
-189.242 0
-185.646 0
-184.636 0
-183.624 0
-181.605 0
-180.604 0
-179.583 0
-178.579 0
-175.887 0
-174.882 0
-173.88 0
-172.87 0
-170.214 0
-169.204 0
-168.192 0
-167.189 0
-164.458 0
-163.449 0
-162.444 0
-161.439 0
-158.846 0
-157.843 0
-156.829 0
-155.823 0
-153.211 0
-152.207 0
-151.194 0
-150.191 0
-147.499 0
-146.493 0
-145.482 0
-144.478 0
-143.469 0
-140.06 0
-139.051 0
-138.047 0
-136.015 0
-135.015 0
-133.996 0
-132.995 0
-129.021 0
-128.019 0
-127.013 0
-126.003 0
-123.232 0
-122.231 0
-121.226 0
-120.223 0
-119.133 0
-115.175 0
-114.164 0
-113.156 0
-111.087 0
-110.073 0
-109.071 0
-108.062 0
-107.057 0
-105.994 0
-102.059 0
-101.057 0
-100.05 0
-98.0073 0
-97.0064 0
-96.0003 0
-94.9955 0
-93.9939 0
-90.7957 0
-89.7919 0
-88.7896 0
-87.7863 0
-86.7806 0
-82.9928 0
-81.9884 0
-80.985 0
-76.9566 0
-75.9461 0
-74.9452 0
-72.7951 0
-71.7935 0
-70.7848 0
-66.7697 0
-65.7652 0
-64.7599 0
-63.7543 0
-62.7458 0
-58.9239 0
-57.9196 0
-56.9057 0
-55.9009 0
-54.8963 0
-51.8945 0
-50.8884 0
-49.8848 0
-45.9117 0
-44.9036 0
-43.9012 0
-42.5962 0
-41.5936 0
-38.5575 0
-37.5503 0
-34.4594 0
-33.4334 0
-32.4185 0
-29.3161 0
-28.2985 0
-27.2974 0
-24.1362 0
-23.1294 0
-22.1259 0
-21.1201 0
-20.1158 0
-17.0948 0
-16.0926 0
-15.0879 0
-14.085 0
-13.0803 0
-12.0764 0
-11.0714 0
-10.0117 0
-8.86225 0
-7.86107 0
-6.85694 0
-5.853 0
-4.84906 0
-3.7382 0
-1.86188 0
-0.860724 0
0.143044 0
7.39779 0
8.39912 0
9.40315 0
10.4072 0
11.4113 0
12.4152 0
13.4192 0
14.4233 0
15.4272 0
16.4312 0
17.4352 0
18.4393 0
19.4433 0
20.4509 0
21.4513 0
22.4553 0
23.4594 0
24.4638 0
25.4674 0
26.4714 0
27.4754 0
28.4799 0
29.4834 0
30.4875 0
31.4874 0
32.4914 0
33.4955 0
34.4995 0
35.5035 0
36.5075 0
37.5115 0
38.5156 0
39.5195 0
40.5236 0
41.5276 0
42.5316 0
43.5356 0
44.5396 0
45.5437 0
46.5476 0
47.5517 0
48.5557 0
49.5597 0
50.5637 0
51.5678 0
52.5717 0
53.5758 0
54.5797 0
55.5838 0
56.5878 0
57.5918 0
58.5958 0
59.5998 0
60.6038 0
61.6079 0
62.6118 0
63.6159 0
64.6199 0
65.6275 0
66.6289 0
67.6319 0
68.6359 0
69.6399 0
70.6439 0
71.648 0
72.652 0
73.656 0
74.66 0
75.6648 0
76.668 0
77.672 0
78.6761 0
79.6801 0
80.6841 0
81.6881 0
82.6921 0
83.6961 0
84.7002 0
85.7083 1
86.7122 0
87.7162 1
88.7202 1
89.7242 1
90.7282 2
91.7322 5
92.7363 8
93.7402 18
94.7445 13
95.7483 7
96.7523 23
97.7763 51
98.7913 60
99.7923 74
100.8 74
101.804 83
102.808 81
103.812 77
104.819 87
105.82 85
106.825 90
107.828 102
108.832 98
109.836 92
110.841 115
111.844 105
112.849 108
113.852 91
114.857 114
115.861 117
116.865 109
117.869 120
118.873 99
119.877 113
120.881 121
121.885 119
122.889 114
123.893 118
124.899 120
125.901 119
126.908 116
127.909 125
128.913 117
129.917 104
130.921 127
131.925 125
132.929 121
133.933 97
134.937 131
135.941 113
136.945 117
137.949 124
138.953 126
139.957 116
140.961 109
141.965 133
142.969 123
143.973 124
144.977 124
145.981 126
146.985 126
147.989 119
148.994 119
149.997 114
151.001 132
152.005 116
153.009 127
154.013 112
155.017 119
156.021 123
157.025 124
158.029 125
159.033 121
160.039 121
161.041 109
162.045 138
163.049 134
164.053 109
165.057 136
166.061 132
167.066 105
168.069 136
169.073 127
170.077 123
171.081 127
172.085 120
173.089 120
174.093 135
175.097 139
176.101 107
177.105 131
178.11 121
179.113 137
180.118 110
181.121 142
182.125 129
183.129 128
184.133 141
185.137 114
186.142 140
187.145 120
188.149 134
189.154 131
190.157 140
191.161 119
192.168 132
193.169 125
194.173 151
195.178 114
196.182 131
197.186 133
198.19 135
199.194 130
200.198 142
201.202 117
202.206 141
203.21 135
204.214 118
205.218 134
206.222 137
207.226 132
208.23 121
209.234 140
210.238 132
211.243 137
212.246 138
213.298 131
214.298 140
215.302 128
216.306 142
217.31 145
218.314 131
219.318 136
220.322 135
221.326 144
222.33 116
223.334 139
224.341 150
225.342 124
226.346 121
227.35 152
228.356 150
229.358 119
230.362 146
231.37 144
232.374 126
233.378 147
234.382 148
235.386 133
236.39 141
237.414 152
238.418 136
239.422 137
240.426 143
241.43 143
242.434 125
243.439 161
244.442 122
245.446 147
246.454 132
247.458 133
248.462 136
249.466 146
250.47 146
251.474 119
252.478 146
253.482 142
254.486 137
255.49 132
256.494 147
257.498 128
258.502 142
259.506 154
260.511 126
261.514 155
262.519 137
263.522 132
264.526 163
265.53 139
266.534 132
267.538 151
268.542 151
269.546 142
270.55 141
271.554 139
272.558 154
273.562 130
274.572 163
275.574 159
276.579 127
277.583 143
278.587 151
279.591 142
280.604 163
281.607 141
282.611 142
283.615 166
284.619 140
285.623 141
286.627 158
287.631 159
288.635 129
289.639 157
290.643 154
291.649 160
292.651 144
293.655 144
294.659 154
295.663 109
296.667 159
297.671 133
298.675 161
299.679 166
300.687 134
301.691 153
302.695 136
303.707 150
304.711 181
305.715 149
306.719 137
307.723 174
308.73 172
309.731 143
310.735 174
311.739 167
312.743 147
313.747 164
314.751 167
315.755 148
316.759 171
317.763 161
318.768 157
319.771 167
320.775 164
321.775 161
322.779 147
323.784 181
324.788 155
325.792 192
326.796 158
327.8 157
328.812 193
329.816 152
330.82 167
331.824 167
332.828 184
333.832 161
334.836 207
335.84 160
336.844 207
337.848 179
338.853 195
339.856 184
340.86 221
341.864 172
342.868 219
343.872 215
344.876 195
345.88 199
346.884 200
347.888 224
348.892 160
349.896 236
350.9 189
351.904 211
352.908 230
353.912 188
354.928 207
355.932 233
356.936 204
357.94 208
358.944 211
359.948 222
360.952 198
361.957 207
362.96 250
363.964 220
364.968 253
365.972 244
366.976 240
367.98 235
368.985 233
369.989 252
370.993 241
371.997 193
373.001 248
374.008 260
375.009 255
376.013 248
377.017 300
378.021 252
379.038 242
380.041 269
381.045 245
382.053 357
383.057 175
384.061 367
385.066 232
386.069 160
387.074 284
388.077 222
389.083 275
390.085 264
391.093 352
392.097 180
393.101 236
394.105 357
395.109 214
396.113 594
397.119 415
398.121 37
399.125 118
400.129 248
401.135 212
402.137 304
403.142 368
404.145 241
405.15 639
406.153 545
407.157 53
408.161 120
409.165 249
410.169 245
411.174 501
412.177 339
413.182 267
414.186 467
415.19 664
416.194 91
417.198 198
418.202 339
419.206 428
420.21 292
421.214 429
422.229 369
423.23 441
424.235 1275
425.238 515
426.242 0
427.246 170
428.25 501
429.254 934
430.258 9
431.262 11
432.266 79
433.27 145
434.274 210
435.278 209
436.282 257
437.286 230
438.29 282
439.295 501
440.298 1323
441.302 35
442.306 45
443.31 74
444.314 193
445.318 280
446.322 266
447.326 526
448.33 1327
449.334 355
450.339 0
451.342 43
452.347 387
453.35 912
454.354 865
455.36 16
456.362 36
457.37 45
458.374 143
459.38 191
460.382 229
461.386 233
462.39 250
463.4 268
464.402 361
465.407 317
466.411 323
467.415 1418
468.419 517
469.423 0
470.427 44
471.431 284
472.435 441
473.439 1106
474.443 749
475.447 7
476.451 29
477.455 98
478.459 148
479.463 196
480.467 218
481.471 259
482.475 237
483.479 316
484.483 283
485.488 845
486.491 320
487.495 135
488.499 276
489.503 293
490.511 1014
491.511 554
492.515 96
493.519 201
494.523 278
495.527 962
496.531 407
497.535 219
498.543 225
499.543 430
500.548 645
501.551 491
502.556 252
503.577 754
504.582 1005
505.583 39
506.588 182
507.591 258
508.595 367
509.608 1326
510.611 69
511.615 201
512.619 275
513.623 311
514.629 1077
515.631 429
516.635 97
517.639 271
518.644 304
519.651 684
520.652 705
521.656 173
522.664 357
523.668 667
524.675 1283
525.676 206
526.68 105
527.684 233
528.688 261
529.693 714
530.712 1004
531.716 63
532.72 153
533.724 255
534.729 345
535.768 1149
536.768 203
537.772 164
538.776 236
539.78 361
540.784 504
541.797 1250
542.8 174
543.805 112
544.808 231
545.812 308
546.817 992
547.826 1063
548.829 335
549.832 38
550.839 161
551.84 208
552.844 326
553.848 285
554.852 635
555.856 268
556.861 924
557.864 793
558.868 77
559.873 180
560.876 265
561.882 303
562.885 817
563.888 449
564.892 256
565.896 316
566.9 806
567.904 395
568.908 330
569.912 765
570.916 181
571.92 515
572.925 292
573.928 718
574.933 331
575.937 888
576.942 201
577.945 380
578.948 525
579.953 629
580.957 419
581.961 279
582.965 703
583.969 311
584.973 328
585.977 639
586.981 551
587.985 472
588.989 356
589.993 625
590.997 536
592.001 1183
593.005 89
594.009 234
595.013 277
596.017 1082
597.021 115
598.025 225
599.029 376
600.039 961
601.041 129
602.045 255
603.049 1033
604.053 256
605.058 210
606.065 264
607.069 986
608.073 102
609.08 266
610.081 857
611.085 175
612.089 270
613.093 682
614.097 273
615.102 898
616.109 295
617.113 268
618.117 466
619.121 555
620.125 614
621.13 267
622.133 603
623.137 355
624.141 914
625.145 267
626.149 264
627.178 808
628.181 334
629.185 248
630.19 389
631.194 757
632.197 266
633.202 781
634.205 457
635.209 221
636.213 411
637.217 727
638.221 261
639.225 286
640.229 608
641.234 425
642.238 332
643.261 712
644.262 311
645.267 672
646.27 377
647.274 454
648.278 496
649.282 493
650.286 406
651.291 475
652.294 696
653.298 254
654.302 695
655.306 631
656.31 205
657.314 747
658.318 199
659.324 449
660.326 812
661.33 225
662.334 615
663.338 245
664.342 665
665.346 256
666.35 862
667.354 207
668.358 489
669.362 690
670.366 205
671.37 319
672.374 410
673.378 724
674.382 203
675.386 867
676.39 153
677.395 288
678.408 662
679.41 497
680.414 386
681.418 490
682.422 541
683.426 540
684.435 545
685.438 266
686.442 881
687.446 224
688.45 638
689.454 260
690.458 637
691.462 343
692.466 802
693.47 197
694.475 761
695.478 244
696.483 632
697.486 236
698.49 477
699.495 663
700.498 225
701.505 748
702.506 297
703.512 751
704.514 470
705.519 322
706.523 710
707.527 340
708.531 209
709.535 375
710.539 444
711.543 665
712.547 279
713.551 455
714.555 781
715.559 593
716.563 138
717.567 308
718.571 560
719.575 367
720.579 675
721.583 263
722.591 682
723.595 227
724.602 738
725.603 162
726.607 498
727.611 506
728.622 274
729.631 925
730.635 152
731.639 409
732.643 495
733.652 402
734.655 456
735.659 387
736.663 557
737.667 538
738.672 593
739.675 329
740.679 673
741.709 593
742.711 349
743.715 334
744.719 574
745.723 645
746.727 215
747.733 682
748.735 259
749.739 517
750.744 533
751.747 535
752.752 343
753.758 626
754.759 394
755.763 484
756.767 435
757.771 694
758.775 295
759.779 528
760.783 280
761.787 518
762.792 696
763.797 246
764.803 560
765.803 392
766.807 630
767.807 302
768.811 864
769.815 202
770.819 483
771.824 306
772.828 615
773.832 325
774.846 1016
775.848 114
776.852 325
777.856 723
778.86 197
779.864 457
780.868 714
781.872 258
782.876 354
783.88 677
784.884 229
785.889 731
786.893 336
787.896 274
788.9 741
789.904 206
790.909 313
791.912 671
792.916 309
793.92 717
794.924 290
795.929 272
796.932 739
797.936 250
798.94 560
799.944 268
800.949 635
801.953 290
802.963 580
803.964 584
804.968 344
805.972 627
806.976 377
807.982 310
808.984 487
809.989 443
810.992 501
811.996 357
813 511
814.004 285
815.008 556
816.013 402
817.016 490
818.02 481
819.025 481
820.028 417
821.032 607
822.037 275
823.04 656
824.044 296
825.048 684
826.052 248
827.057 598
828.06 248
829.072 646
830.073 473
831.076 226
832.08 603
833.084 251
834.089 583
835.092 222
836.096 475
837.1 512
838.104 538
839.109 514
840.113 481
841.117 557
842.121 455
843.125 629
844.131 290
845.133 635
846.142 259
847.145 667
848.149 276
849.153 383
850.165 535
851.169 544
852.173 584
853.177 272
854.181 408
855.195 762
856.199 277
857.203 555
858.209 454
859.213 593
860.217 290
861.221 558
862.225 703
863.229 213
864.233 522
865.237 371
866.242 609
867.245 262
868.249 585
869.253 401
870.261 447
871.268 606
872.269 499
873.277 424
874.293 525
875.297 426
876.302 586
877.305 494
878.31 408
879.313 535
880.317 412
881.321 506
882.325 253
883.329 640
884.336 199
885.337 629
886.341 260
887.345 619
888.349 355
889.353 511
890.358 509
891.361 536
892.365 357
893.369 547
894.373 455
895.377 504
896.381 459
897.385 492
898.389 359
899.394 659
900.397 293
901.401 523
902.41 457
903.413 526
904.418 472
905.422 491
906.425 569
907.429 363
908.433 423
909.442 531
910.446 487
911.45 403
912.454 643
913.458 319
914.462 621
915.466 484
916.47 444
917.474 371
918.478 605
919.482 459
920.486 406
921.5 550
922.502 319
923.506 506
924.51 340
925.514 559
926.527 488
927.53 472
928.534 467
929.539 416
930.542 467
931.553 469
932.554 374
933.558 463
934.562 492
935.574 484
936.578 437
937.582 383
938.586 471
939.59 384
940.595 479
941.598 468
942.602 507
943.606 449
944.61 441
945.614 446
946.618 454
947.624 439
948.626 663
949.63 296
950.634 444
951.638 729
952.642 219
953.646 436
954.65 497
955.67 431
956.675 573
957.678 384
958.682 578
959.686 310
960.69 620
961.694 309
962.698 475
963.703 518
964.706 597
965.71 440
966.715 559
967.719 304
968.723 616
969.726 327
970.731 541
971.734 354
972.741 526
973.742 613
974.746 309
975.751 511
976.759 462
977.763 421
978.774 588
979.775 465
980.779 373
981.787 569
982.791 303
983.796 459
984.799 488
985.803 427
986.807 470
987.811 486
988.815 456
989.819 422
990.823 549
991.827 384
992.831 478
993.835 426
994.839 471
995.843 535
996.847 378
997.851 544
998.855 493
999.859 442
1000.86 434
1001.87 457
1002.87 559
1003.87 328
1004.88 487
1005.89 648
1006.89 256
1007.9 469
1008.91 468
1009.91 461
1010.93 466
1011.94 435
1012.94 379
1013.94 476
1014.95 503
1015.95 374
1016.96 428
1017.96 501
1018.96 628
1019.97 248
1020.97 429
1021.98 546
1022.98 386
1023.99 518
1024.99 441
1026 386
1027 445
1028 472
1029.01 687
1030.01 285
1031.02 520
1032.02 320
1033.02 478
1034.03 309
1035.03 569
1036.04 330
1037.04 473
1038.04 579
1039.05 267
1040.05 547
1041.06 357
1042.06 581
1043.06 288
1044.07 591
1045.07 255
1046.08 577
1047.08 310
1048.08 456
1049.11 510
1050.1 337
1051.12 535
1052.12 358
1053.12 412
1054.13 386
1055.13 537
1056.14 281
1057.14 389
1058.14 308
1059.15 634
1060.16 246
1061.16 406
1062.16 565
1063.17 230
1064.17 461
1065.18 403
1066.18 417
1067.18 553
1068.19 316
1069.19 295
1070.2 674
1071.2 226
1072.21 542
1073.21 444
1074.21 253
1075.22 277
1076.22 553
1077.22 263
1078.23 505
1079.23 262
1080.24 523
1081.24 545
1082.25 269
1083.25 394
1084.26 520
1085.26 374
1086.26 538
1087.27 472
1088.27 364
1089.28 522
1090.28 351
1091.28 456
1092.29 458
1093.29 333
1094.3 519
1095.3 395
1096.3 541
1097.31 396
1098.31 439
1099.32 533
1100.32 393
1101.33 467
1102.33 445
1103.34 508
1104.34 421
1105.34 429
1106.35 671
1107.35 274
1108.36 562
1109.36 311
1110.36 556
1111.37 333
1112.37 538
1113.38 274
1114.38 554
1115.38 486
1116.39 414
1117.39 452
1118.4 432
1119.4 358
1120.41 396
1121.42 407
1122.42 580
1123.42 382
1124.43 355
1125.44 431
1126.44 445
1127.44 423
1128.45 415
1129.45 468
1130.46 440
1131.46 320
1132.46 460
1133.47 341
1134.47 483
1135.48 435
1136.48 432
1137.48 514
1138.49 419
1139.49 435
1140.5 418
1141.5 474
1142.5 419
1143.51 453
1144.51 495
1145.52 380
1146.52 457
1147.52 433
1148.53 486
1149.54 527
1150.54 264
1151.55 725
1152.55 208
1153.56 290
1154.56 395
1155.57 604
1156.57 295
1157.57 479
1158.58 349
1159.58 371
1160.59 535
1161.59 451
1162.59 318
1163.6 472
1164.6 453
1165.61 402
1166.61 532
1167.61 312
1168.62 369
1169.62 406
1170.63 467
1171.63 488
1172.63 301
1173.64 533
1174.64 292
1175.65 516
1176.65 269
1177.65 475
1178.66 368
1179.66 545
1180.67 422
1181.67 400
1182.67 527
1183.68 375
1184.68 491
1185.69 458
1186.69 383
1187.69 404
1188.7 486
1189.7 423
1190.71 482
1191.71 294
1192.71 513
1193.72 591
1194.72 245
1195.73 552
1196.73 285
1197.73 426
1198.74 389
1199.74 361
1200.75 481
1201.75 336
1202.75 459
1203.76 431
1204.76 481
1205.77 467
1206.77 394
1207.77 469
1208.78 450
1209.78 398
1210.79 493
1211.79 377
1212.79 461
1213.8 475
1214.8 459
1215.81 344
1216.81 607
1217.81 273
1218.82 434
1219.82 468
1220.83 451
1221.83 542
1222.83 262
1223.84 474
1224.84 325
1225.85 484
1226.85 383
1227.85 519
1228.87 415
1229.87 409
1230.87 479
1231.88 340
1232.88 495
1233.89 454
1234.89 490
1235.89 378
1236.9 450
1237.9 460
1238.91 458
1239.91 350
1240.91 409
1241.92 464
1242.92 420
1243.93 462
1244.93 459
1245.93 306
1246.94 464
1247.94 424
1248.95 504
1249.95 446
1250.95 463
1251.96 315
1252.96 530
1253.97 383
1254.97 386
1255.97 540
1256.98 286
1257.98 438
1258.99 574
1259.99 283
1260.99 540
1262 338
1263 511
1264.01 487
1265.01 374
1266.01 309
1267.02 523
1268.02 367
1269.03 361
1270.03 463
1271.03 445
1272.04 357
1273.04 357
1274.05 454
1275.05 375
1276.05 481
1277.06 314
1278.06 522
1279.07 308
1280.07 487
1281.08 393
1282.08 370
1283.1 497
1284.11 227
1285.11 487
1286.12 259
1287.13 254
1288.13 283
