# timestamp	memory footprint (MB)\n
-287.471 0
-267.881 0
-266.314 0
-262.39 0
-261.369 0
-260.328 0
-259.213 0
-258.213 0
-257.134 0
-256.13 0
-255.058 0
-253.369 0
-252.301 0
-251.285 0
-250.278 0
-248.255 0
-247.17 0
-246.157 0
-245.129 0
-244.129 0
-243.108 0
-238.919 0
-237.915 0
-236.91 0
-235.899 0
-232.739 0
-231.73 0
-230.716 0
-228.576 0
-227.568 0
-226.559 0
-225.555 0
-224.553 0
-221.734 0
-220.364 0
-219.361 0
-217.303 0
-216.299 0
-214.928 0
-213.912 0
-212.897 0
-211.017 0
-210.016 0
-209.013 0
-205.012 0
-204.008 0
-202.709 0
-201.708 0
-198.779 0
-197.775 0
-196.771 0
-195.768 0
-193.266 0
-192.264 0
-191.255 0
-190.252 0
-189.242 0
-185.646 0
-184.636 0
-183.624 0
-181.605 0
-180.604 0
-179.583 0
-178.579 0
-175.887 0
-174.882 0
-173.88 0
-172.87 0
-170.214 0
-169.204 0
-168.192 0
-167.189 0
-164.458 0
-163.449 0
-162.444 0
-161.439 0
-158.846 0
-157.843 0
-156.829 0
-155.823 0
-153.211 0
-152.207 0
-151.194 0
-150.191 0
-147.499 0
-146.493 0
-145.482 0
-144.478 0
-143.469 0
-140.06 0
-139.051 0
-138.047 0
-136.015 0
-135.015 0
-133.996 0
-132.995 0
-129.021 0
-128.019 0
-127.013 0
-126.003 0
-123.232 0
-122.231 0
-121.226 0
-120.223 0
-119.133 0
-115.175 0
-114.164 0
-113.156 0
-111.087 0
-110.073 0
-109.071 0
-108.062 0
-107.057 0
-105.994 0
-102.059 0
-101.057 0
-100.05 0
-98.0073 0
-97.0064 0
-96.0003 0
-94.9955 0
-93.9939 0
-90.7957 0
-89.7919 0
-88.7896 0
-87.7863 0
-86.7806 0
-82.9928 0
-81.9884 0
-80.985 0
-76.9566 0
-75.9461 0
-74.9452 0
-72.7951 0
-71.7935 0
-70.7847 0
-66.7697 0
-65.7652 0
-64.7599 0
-63.7543 0
-62.7458 0
-58.9239 0
-57.9196 0
-56.9057 0
-55.9009 0
-54.8963 0
-51.8945 0
-50.8884 0
-49.8848 0
-45.9117 0
-44.9036 0
-43.9012 0
-42.5962 0
-41.5936 0
-38.5575 0
-37.5503 0
-34.4594 0
-33.4334 0
-32.4185 0
-29.3161 0
-28.2985 0
-27.2974 0
-24.1362 0
-23.1294 0
-22.1259 0
-21.1201 0
-20.1158 0
-17.0948 0
-16.0926 0
-15.0879 0
-14.085 0
-13.0803 0
-12.0764 0
-11.0714 0
-10.0117 0
-8.86224 0
-7.86107 0
-6.85694 0
-5.85299 0
-4.84905 0
-3.73819 0
-1.86186 0
-0.860722 0
0.143045 0
7.39779 0
8.39913 0
9.40315 0
10.4072 0
11.4113 0
12.4152 0
13.4192 0
14.4233 0
15.4272 0
16.4312 0
17.4353 0
18.4393 0
19.4433 0
20.4509 0
21.4513 0
22.4553 0
23.4594 0
24.4638 0
25.4674 0
26.4714 0
27.4754 0
28.4799 0
29.4834 0
30.4875 0
31.4874 0
32.4915 0
33.4955 0
34.4995 0
35.5035 0
36.5075 0
37.5115 0
38.5156 0
39.5196 0
40.5236 0
41.5276 0
42.5316 0
43.5356 0
44.5396 0
45.5437 0
46.5476 0
47.5517 0
48.5557 0
49.5597 0
50.5637 0
51.5679 0
52.5717 0
53.5758 0
54.5798 0
55.5838 0
56.5878 0
57.5918 0
58.5958 0
59.5998 0
60.6038 0
61.6079 0
62.6119 0
63.6159 0
64.6199 0
65.6275 0
66.6289 0
67.6319 0
68.6359 0
69.6399 0
70.644 0
71.648 0
72.652 0
73.656 0
74.66 0
75.6648 0
76.668 0
77.672 0
78.6761 0
79.6801 0
80.6841 0
81.6881 0
82.6921 0
83.6961 0
84.7002 0
85.7083 0
86.7122 0
87.7162 0
88.7202 0
89.7242 0
90.7282 0
91.7322 0
92.7363 0
93.7403 0
94.7445 0
95.7483 0
96.7523 0
97.7763 0
98.7913 0
99.7923 0
100.8 0
101.804 0
102.808 0
103.812 0
104.819 0
105.82 0
106.825 0
107.828 0
108.832 0
109.836 0
110.841 0
111.844 0
112.849 0
113.853 0
114.857 0
115.861 0
116.865 0
117.869 0
118.873 0
119.877 0
120.881 0
121.885 0
122.889 0
123.893 0
124.899 0
125.901 0
126.908 0
127.909 0
128.913 0
129.917 0
130.921 0
131.925 0
132.929 0
133.933 0
134.937 0
135.941 0
136.945 0
137.949 0
138.953 0
139.957 0
140.961 0
141.965 0
142.969 0
143.973 0
144.977 0
145.981 0
146.985 0
147.989 0
148.994 0
149.997 0
151.001 0
152.005 0
153.009 0
154.013 0
155.017 0
156.021 0
157.025 0
158.029 0
159.033 0
160.039 0
161.041 0
162.045 0
163.049 0
164.053 0
165.057 0
166.061 0
167.066 0
168.069 0
169.073 0
170.077 0
171.081 0
172.085 0
173.089 0
174.093 0
175.097 0
176.101 0
177.105 0
178.11 0
179.113 0
180.118 0
181.121 0
182.125 0
183.129 0
184.133 0
185.137 0
186.142 0
187.145 0
188.149 0
189.154 0
190.157 0
191.161 0
192.168 0
193.169 0
194.174 0
195.178 0
196.182 0
197.186 0
198.19 0
199.194 0
200.198 0
201.202 0
202.206 0
203.21 0
204.214 0
205.218 0
206.222 0
207.226 0
208.23 0
209.234 0
210.238 0
211.243 0
212.246 0
213.298 0
214.298 0
215.302 0
216.306 0
217.31 0
218.314 0
219.318 0
220.322 0
221.326 0
222.33 0
223.334 0
224.341 0
225.342 0
226.346 0
227.35 0
228.356 0
229.358 0
230.362 0
231.37 0
232.374 0
233.378 0
234.382 0
235.386 0
236.39 0
237.414 0
238.418 0
239.422 0
240.426 0
241.43 0
242.434 0
243.439 0
244.442 0
245.446 0
246.454 0
247.458 0
248.462 0
249.466 0
250.47 0
251.474 0
252.478 0
253.482 0
254.486 0
255.49 0
256.494 0
257.498 0
258.502 0
259.506 0
260.511 0
261.514 0
262.519 0
263.522 0
264.526 0
265.53 0
266.534 0
267.538 0
268.542 0
269.546 0
270.55 0
271.554 0
272.558 0
273.562 0
274.572 0
275.574 0
276.579 0
277.583 0
278.587 0
279.591 0
280.604 0
281.607 0
282.611 0
283.615 0
284.619 0
285.623 0
286.627 0
287.631 0
288.635 0
289.639 0
290.643 0
291.649 0
292.651 0
293.655 0
294.659 0
295.663 0
296.667 0
297.671 0
298.675 0
299.679 0
300.687 0
301.691 0
302.695 0
303.707 0
304.711 0
305.715 0
306.719 0
307.723 0
308.73 0
309.731 0
310.735 0
311.739 0
312.743 0
313.747 0
314.751 0
315.755 0
316.759 0
317.763 0
318.768 0
319.771 0
320.775 0
321.775 0
322.779 0
323.784 0
324.788 0
325.792 0
326.796 0
327.8 0
328.812 0
329.816 0
330.82 0
331.824 0
332.828 0
333.832 0
334.836 0
335.84 0
336.844 0
337.848 0
338.853 0
339.856 0
340.86 0
341.864 0
342.868 0
343.872 0
344.876 0
345.88 0
346.884 0
347.888 0
348.892 0
349.896 0
350.9 0
351.904 0
352.908 0
353.912 0
354.928 0
355.932 0
356.936 0
357.94 0
358.944 0
359.948 0
360.952 0
361.957 0
362.96 0
363.964 0
364.968 0
365.972 0
366.976 0
367.98 0
368.985 0
369.989 0
370.993 0
371.997 0
373.001 0
374.008 0
375.009 0
376.013 0
377.017 0
378.021 0
379.038 0
380.041 0
381.045 0
382.053 1
383.057 0
384.061 1
385.066 0
386.069 0
387.074 0
388.077 0
389.083 0
390.085 0
391.093 0
392.097 0
393.101 0
394.105 0
395.109 0
396.113 3
397.119 0
398.121 0
399.125 0
400.129 0
401.135 0
402.137 0
403.142 0
404.145 0
405.15 3
406.153 2
407.157 0
408.161 0
409.165 0
410.169 0
411.174 2
412.177 0
413.182 0
414.186 2
415.19 3
416.194 0
417.198 0
418.202 1
419.206 0
420.21 1
421.214 0
422.229 1
423.23 1
424.235 10
425.238 19
426.242 24
427.246 10
428.25 8
429.254 7
430.258 0
431.262 0
432.266 0
433.27 0
434.274 0
435.278 0
436.282 0
437.286 0
438.29 0
439.295 2
440.298 11
441.302 2
442.306 0
443.31 0
444.314 0
445.318 0
446.322 0
447.326 2
448.33 11
449.334 20
450.339 27
451.342 14
452.347 12
453.35 10
454.354 6
455.36 3
456.362 0
457.37 0
458.374 0
459.38 0
460.382 0
461.386 0
462.39 0
463.4 1
464.402 1
465.407 0
466.411 0
467.415 10
468.419 20
469.423 28
470.427 19
471.431 16
472.435 13
473.439 11
474.443 6
475.447 0
476.451 0
477.455 0
478.459 0
479.463 0
480.467 0
481.471 0
482.475 0
483.479 0
484.483 0
485.488 5
486.491 0
487.495 0
488.499 0
489.503 0
490.511 6
491.511 4
492.515 0
493.519 0
494.523 0
495.527 5
496.531 3
497.535 0
498.543 0
499.543 0
500.548 3
501.551 0
502.556 0
503.577 3
504.582 10
505.583 2
506.588 0
507.591 0
508.595 1
509.608 10
510.611 2
511.615 0
512.619 0
513.623 0
514.629 7
515.631 4
516.635 0
517.639 0
518.644 0
519.651 3
520.652 1
521.656 0
522.664 0
523.668 3
524.675 12
525.676 3
526.68 0
527.684 0
528.688 0
529.693 4
530.712 6
531.716 2
532.72 0
533.724 0
534.729 1
535.768 9
536.768 2
537.772 0
538.776 0
539.78 0
540.784 1
541.797 10
542.8 3
543.805 0
544.808 0
545.812 0
546.817 6
547.826 15
548.829 4
549.832 0
550.839 0
551.84 0
552.844 0
553.848 0
554.852 2
555.856 0
556.861 5
557.864 6
558.868 2
559.873 0
560.876 0
561.882 0
562.885 4
563.888 4
564.892 0
565.896 0
566.9 4
567.904 0
568.908 0
569.912 4
570.916 0
571.92 2
572.925 0
573.928 2
574.933 0
575.937 5
576.942 0
577.945 1
578.948 0
579.953 3
580.957 0
581.961 0
582.965 4
583.969 0
584.973 0
585.977 0
586.981 2
587.985 0
588.989 0
589.993 0
590.997 1
592.001 9
593.005 0
594.009 0
595.013 0
596.017 7
597.021 0
598.025 0
599.029 0
600.039 6
601.041 0
602.045 0
603.049 7
604.053 0
605.058 0
606.065 0
607.069 7
608.073 0
609.08 0
610.081 5
611.085 0
612.089 0
613.093 1
614.097 0
615.102 5
616.109 0
617.113 0
618.117 0
619.121 1
620.125 2
621.13 0
622.133 1
623.137 0
624.141 5
625.145 0
626.149 0
627.178 5
628.181 0
629.185 0
630.19 0
631.194 3
632.197 0
633.202 4
634.205 1
635.209 0
636.213 0
637.217 4
638.221 0
639.225 0
640.229 2
641.234 0
642.238 0
643.261 3
644.262 0
645.267 3
646.27 0
647.274 1
648.278 1
649.282 2
650.286 1
651.291 1
652.294 1
653.298 0
654.302 3
655.306 2
656.31 0
657.314 2
658.318 0
659.324 1
660.326 6
661.33 0
662.334 1
663.338 0
664.342 3
665.346 0
666.35 5
667.354 0
668.358 2
669.362 0
670.366 0
671.37 1
672.374 0
673.378 0
674.382 0
675.386 4
676.39 0
677.395 0
678.408 1
679.41 2
680.414 0
681.418 1
682.422 0
683.426 0
684.435 0
685.438 0
686.442 2
687.446 0
688.45 1
689.454 0
690.458 0
691.462 0
692.466 2
693.47 0
694.475 2
695.478 0
696.483 1
697.486 0
698.49 0
699.495 1
700.498 0
701.505 1
702.506 0
703.512 4
704.514 0
705.519 1
706.523 4
707.527 1
708.531 0
709.535 0
710.539 0
711.543 0
712.547 0
713.551 0
714.555 3
715.559 2
716.563 0
717.567 0
718.571 1
719.575 0
720.579 1
721.583 0
722.591 4
723.595 0
724.602 4
725.603 0
726.607 1
727.611 0
728.622 0
729.631 6
730.635 0
731.639 0
732.643 2
733.652 0
734.655 2
735.659 0
736.663 0
737.667 1
738.672 2
739.675 0
740.679 1
741.709 3
742.711 0
743.715 0
744.719 0
745.723 3
746.727 0
747.733 2
748.735 0
749.739 1
750.744 1
751.747 0
752.752 0
753.758 3
754.759 0
755.763 1
756.767 1
757.771 1
758.775 0
759.779 0
760.783 0
761.787 0
762.792 1
763.797 0
764.803 0
765.803 0
766.807 0
767.807 0
768.811 3
769.815 0
770.819 1
771.824 0
772.828 1
773.832 0
774.846 6
775.848 0
776.852 0
777.856 4
778.86 0
779.864 0
780.868 3
781.872 0
782.876 0
783.88 1
784.884 0
785.889 4
786.893 0
787.896 0
788.9 2
789.904 0
790.909 0
791.912 1
792.916 0
793.92 4
794.924 0
795.929 0
796.932 2
797.936 0
798.94 1
799.944 0
800.949 1
801.953 0
802.963 2
803.964 2
804.968 0
805.972 3
806.976 0
807.982 0
808.984 0
809.989 2
810.992 0
811.996 1
813 0
814.004 0
815.008 0
816.013 1
817.016 1
818.02 0
819.025 0
820.028 1
821.032 0
822.037 0
823.04 0
824.044 0
825.048 0
826.052 0
827.057 3
828.06 0
829.072 3
830.073 0
831.076 0
832.08 1
833.084 0
834.089 1
835.092 0
836.096 0
837.1 0
838.104 0
839.109 0
840.113 0
841.117 2
842.121 0
843.125 0
844.131 0
845.133 1
846.142 0
847.145 1
848.149 0
849.153 0
850.165 0
851.169 1
852.173 1
853.177 0
854.181 0
855.195 4
856.199 0
857.203 1
858.209 1
859.213 1
860.217 0
861.221 0
862.225 4
863.229 0
864.233 1
865.237 0
866.242 2
867.245 0
868.249 0
869.253 1
870.261 0
871.268 2
872.269 0
873.277 0
874.293 1
875.297 0
876.302 1
877.305 0
878.31 1
879.313 0
880.317 1
881.321 0
882.325 0
883.329 1
884.336 0
885.337 0
886.341 0
887.345 1
888.349 0
889.353 0
890.358 1
891.361 0
892.365 0
893.369 0
894.373 0
895.377 0
896.381 0
897.385 0
898.389 0
899.394 0
900.397 0
901.401 0
902.41 1
903.413 0
904.418 1
905.422 1
906.425 0
907.429 1
908.433 0
909.442 2
910.446 0
911.45 0
912.454 3
913.458 0
914.462 0
915.466 0
916.47 2
917.474 0
918.478 0
919.482 2
920.486 0
921.5 2
922.502 0
923.506 1
924.51 0
925.514 2
926.527 0
927.53 1
928.534 2
929.539 0
930.542 0
931.553 2
932.554 0
933.558 0
934.562 0
935.574 1
936.578 0
937.582 0
938.586 0
939.59 0
940.595 1
941.598 0
942.602 0
943.606 1
944.61 0
945.614 0
946.618 0
947.624 0
948.626 2
949.63 0
950.634 0
951.638 4
952.642 0
953.646 0
954.65 1
955.67 0
956.675 2
957.678 0
958.682 0
959.686 0
960.69 2
961.694 0
962.698 0
963.703 0
964.706 0
965.71 1
966.715 0
967.719 0
968.723 2
969.726 0
970.731 2
971.734 0
972.741 1
973.742 3
974.746 0
975.751 1
976.759 0
977.763 0
978.774 1
979.775 1
980.779 0
981.787 3
982.791 0
983.796 0
984.799 0
985.803 0
986.807 0
987.811 0
988.815 0
989.819 0
990.823 0
991.827 0
992.831 0
993.835 0
994.839 0
995.843 0
996.847 0
997.851 0
998.855 1
999.859 1
1000.86 0
1001.87 0
1002.87 0
1003.87 0
1004.88 0
1005.89 3
1006.89 0
1007.9 2
1008.91 1
1009.91 1
1010.93 2
1011.94 2
1012.94 0
1013.94 0
1014.95 1
1015.95 0
1016.96 0
1017.96 0
1018.96 0
1019.97 0
1020.97 0
1021.98 1
1022.98 0
1023.99 0
1024.99 0
1026 0
1027 0
1028 0
1029.01 0
1030.01 0
1031.02 0
1032.02 0
1033.02 0
1034.03 0
1035.03 1
1036.04 0
1037.04 0
1038.04 1
1039.05 0
1040.05 1
1041.06 0
1042.06 2
1043.06 0
1044.07 1
1045.07 0
1046.08 2
1047.08 0
1048.08 0
1049.11 2
1050.1 0
1051.12 2
1052.12 0
1053.12 1
1054.13 0
1055.13 2
1056.14 0
1057.14 1
1058.14 0
1059.15 3
1060.16 0
1061.16 1
1062.16 0
1063.17 0
1064.17 0
1065.18 1
1066.18 0
1067.18 2
1068.19 0
1069.19 0
1070.2 0
1071.2 0
1072.21 2
1073.21 0
1074.21 0
1075.22 0
1076.22 0
1077.22 0
1078.23 0
1079.23 0
1080.24 0
1081.24 2
1082.25 0
1083.25 0
1084.26 1
1085.26 0
1086.26 1
1087.27 1
1088.27 0
1089.28 2
1090.28 0
1091.28 0
1092.29 1
1093.29 0
1094.3 0
1095.3 0
1096.3 0
1097.31 0
1098.31 0
1099.32 0
1100.32 0
1101.33 0
1102.33 0
1103.34 0
1104.34 1
1105.34 0
1106.35 1
1107.35 0
1108.36 1
1109.36 0
1110.36 1
1111.37 1
1112.37 2
1113.38 0
1114.38 0
1115.38 2
1116.39 1
1117.39 0
1118.4 2
1119.4 0
1120.41 1
1121.42 0
1122.42 2
1123.42 0
1124.43 1
1125.44 0
1126.44 1
1127.44 0
1128.45 0
1129.45 1
1130.46 0
1131.46 0
1132.46 0
1133.47 0
1134.47 0
1135.48 0
1136.48 0
1137.48 1
1138.49 0
1139.49 0
1140.5 0
1141.5 0
1142.5 0
1143.51 0
1144.51 0
1145.52 0
1146.52 0
1147.52 0
1148.53 0
1149.54 0
1150.54 0
1151.55 4
1152.55 0
1153.56 0
1154.56 0
1155.57 2
1156.57 0
1157.57 2
1158.58 0
1159.58 0
1160.59 0
1161.59 1
1162.59 0
1163.6 0
1164.6 0
1165.61 0
1166.61 0
1167.61 0
1168.62 0
1169.62 0
1170.63 0
1171.63 0
1172.63 0
1173.64 0
1174.64 0
1175.65 0
1176.65 0
1177.65 0
1178.66 0
1179.66 0
1180.67 0
1181.67 0
1182.67 0
1183.68 0
1184.68 0
1185.69 0
1186.69 0
1187.69 0
1188.7 2
1189.7 0
1190.71 0
1191.71 0
1192.71 0
1193.72 3
1194.72 0
1195.73 2
1196.73 0
1197.73 1
1198.74 0
1199.74 0
1200.75 0
1201.75 0
1202.75 0
1203.76 0
1204.76 0
1205.77 1
1206.77 0
1207.77 0
1208.78 1
1209.78 0
1210.79 1
1211.79 0
1212.79 0
1213.8 1
1214.8 0
1215.81 0
1216.81 2
1217.81 0
1218.82 1
1219.82 1
1220.83 0
1221.83 2
1222.83 0
1223.84 0
1224.84 0
1225.85 1
1226.85 0
1227.85 0
1228.87 1
1229.87 1
1230.87 0
1231.88 0
1232.88 1
1233.89 1
1234.89 0
1235.89 0
1236.9 1
1237.9 0
1238.91 1
1239.91 0
1240.91 0
1241.92 0
1242.92 0
1243.93 0
1244.93 0
1245.93 0
1246.94 0
1247.94 0
1248.95 0
1249.95 0
1250.95 0
1251.96 0
1252.96 0
1253.97 0
1254.97 0
1255.97 0
1256.98 0
1257.98 0
1258.99 0
1259.99 0
1260.99 2
1262 0
1263 0
1264.01 1
1265.01 0
1266.01 0
1267.02 0
1268.02 1
1269.03 0
1270.03 0
1271.03 1
1272.04 0
1273.04 0
1274.05 0
1275.05 0
1276.05 0
1277.06 0
1278.06 0
1279.07 0
1280.07 0
1281.08 0
1282.08 0
1283.1 0
1284.11 0
1285.11 0
1286.12 0
1287.13 1
1288.13 3
