# timestamp	utilization (%) \n
-247.885 4
-232.723 8
-216.525 12
-198.01 17
-180.777 22
-166.928 26
-151.595 30
-135.997 34
-121.468 38
-107.235 42
-89.9018 46
-75.5449 50
-58.9091 55
-44.4463 59
-28.2809 63
-14.9176 67
7.56577 67
12.7097 68
17.7905 68
22.7919 69
27.8581 70
32.8678 70
37.8738 71
42.9335 72
47.9923 72
53.0903 73
58.1356 73
63.1414 74
68.2015 75
73.2085 75
78.2579 76
83.2644 77
88.2851 77
93.3705 76
98.4037 76
103.508 76
108.523 76
113.599 76
118.76 76
123.816 76
128.903 76
133.925 76
138.93 76
144.047 76
149.134 76
154.24 76
159.339 76
164.405 75
169.55 75
174.726 75
179.778 75
184.953 75
190.068 75
195.217 75
200.316 74
205.468 74
210.5 74
215.558 74
220.709 74
225.901 74
231.082 74
236.165 73
241.21 73
246.263 73
251.276 73
256.298 73
261.308 73
266.315 73
271.461 72
276.613 72
281.618 72
286.73 72
291.941 72
296.962 72
302.12 71
307.147 71
312.36 71
317.53 71
322.628 71
327.634 70
332.709 70
337.742 70
342.906 70
348.037 70
353.232 70
358.278 69
363.429 69
368.672 69
373.68 69
378.765 68
384.4 68
389.648 68
394.87 68
399.988 67
405.719 67
410.728 67
415.731 67
420.924 67
426.057 67
431.149 67
436.356 67
441.896 67
446.972 67
452.289 68
457.344 67
462.469 67
469.797 68
475.084 68
480.092 67
485.724 67
490.875 67
495.941 67
501.409 67
506.564 66
511.732 66
516.851 66
521.858 66
526.985 65
532.123 65
537.209 65
542.35 65
548.069 65
553.101 64
558.172 64
563.281 64
568.374 63
573.847 63
578.917 63
583.953 63
589.578 62
594.623 62
599.978 62
605.174 61
610.372 61
615.395 61
620.67 61
625.758 60
630.829 60
636.157 60
641.411 60
646.462 59
651.848 59
657.193 59
662.225 59
667.238 58
673.072 58
678.353 58
683.588 57
688.657 57
694.358 57
699.372 57
704.449 56
709.73 56
715.281 56
720.505 56
725.735 55
730.857 55
736.113 55
741.129 55
746.247 55
751.313 54
756.471 54
761.525 54
766.726 54
771.737 53
776.916 53
782.106 53
787.108 53
792.12 52
797.129 52
802.145 52
807.17 52
812.375 51
817.638 51
822.683 51
827.853 51
833.015 50
838.017 50
843.053 50
848.319 50
853.579 49
859.084 49
864.28 49
869.307 49
874.468 48
879.668 48
885.075 48
890.081 48
895.26 47
900.281 47
905.503 47
910.508 47
915.608 46
920.743 46
925.841 46
930.92 46
936.009 45
941.15 45
946.199 45
951.72 45
956.768 44
961.821 44
966.872 44
972.283 44
977.564 43
982.644 43
987.671 43
992.792 43
997.932 43
1003.02 42
1008.1 42
1013.37 42
1018.69 42
1023.8 41
1028.87 41
1033.95 41
1039.03 41
1044.08 40
1049.4 40
1054.41 40
1059.6 40
1064.6 39
1069.93 39
1075.05 39
1080.06 39
1085.21 39
1090.61 38
1095.9 38
1100.94 38
1106.11 38
1111.48 38
1116.52 37
1121.62 37
1126.74 37
1131.97 37
1137.2 36
1142.21 36
1147.22 36
1152.24 36
1157.61 36
1162.95 35
1168.14 35
1173.16 35
1178.38 35
1183.55 34
1188.66 34
1193.81 34
1198.98 34
1204 34
1209.01 33
1214.33 33
1219.5 33
1224.63 33
1230.04 33
1235.22 32
1240.35 32
1245.57 32
1250.71 32
1255.77 32
1260.77 31
1265.85 31
1271.25 31
1276.43 31
1281.61 31
