# timestamp	utilization (%) \n
-261.369 0
-256.13 0
-250.278 0
-244.129 0
-235.899 0
-227.568 0
-220.364 0
-213.912 0
-205.012 0
-197.775 0
-191.255 0
-183.624 0
-175.887 0
-169.204 0
-162.444 0
-155.823 0
-147.499 0
-140.06 0
-133.996 0
-126.003 0
-119.133 0
-110.073 0
-102.059 0
-96.0003 0
-88.7896 0
-80.985 0
-71.7935 0
-63.7543 0
-55.9009 0
-45.9117 0
-38.5575 0
-29.3161 0
-22.1259 0
-15.0879 0
-10.0117 0
-4.84905 0
7.3978 0
12.4152 0
17.4353 0
22.4553 0
27.4754 0
32.4915 0
37.5115 0
42.5316 0
47.5517 0
52.5717 0
57.5918 0
62.6119 0
67.6319 0
72.652 0
77.672 0
82.6921 0
87.7162 0
92.7363 0
97.7763 0
102.808 0
107.828 0
112.849 0
117.869 0
122.889 0
127.909 0
132.929 0
137.949 0
142.969 0
147.989 0
153.009 1
158.029 1
163.049 1
168.069 1
173.089 1
178.11 1
183.129 1
188.149 1
193.169 1
198.19 1
203.21 2
208.23 2
213.298 2
218.314 2
223.334 2
228.356 2
233.378 2
238.418 2
243.439 2
248.462 3
253.482 3
258.502 3
263.522 3
268.542 3
273.562 3
278.587 3
283.615 3
288.635 3
293.655 4
298.675 4
303.707 4
308.73 4
313.747 4
318.768 4
323.784 4
328.812 4
333.832 5
338.853 5
343.872 5
348.892 5
353.912 5
358.944 5
363.964 5
368.985 6
374.008 6
379.038 6
384.061 6
389.083 6
394.105 7
399.125 7
404.145 7
409.165 7
414.186 7
419.206 7
424.235 7
429.254 7
434.274 7
439.295 7
444.314 7
449.334 8
454.354 7
459.38 7
464.402 7
469.423 8
474.443 7
479.463 7
484.483 7
489.503 7
494.523 7
499.543 8
504.582 8
509.608 8
514.629 8
519.651 8
524.675 9
529.693 9
534.729 9
539.78 9
544.808 9
549.832 10
554.852 10
559.873 10
564.892 10
569.912 10
574.933 10
579.953 11
584.973 11
589.993 11
595.013 11
600.039 12
605.058 12
610.081 12
615.102 12
620.125 12
625.145 13
630.19 13
635.209 13
640.229 13
645.267 13
650.286 14
655.306 14
660.326 14
665.346 14
670.366 14
675.386 15
680.414 15
685.438 15
690.458 15
695.478 16
700.498 16
705.519 16
710.539 16
715.559 16
720.579 17
725.603 17
730.635 17
735.659 17
740.679 17
745.723 17
750.744 18
755.763 18
760.783 18
765.803 18
770.819 18
775.848 19
780.868 19
785.889 19
790.909 19
795.929 19
800.949 20
805.972 20
810.992 20
816.013 20
821.032 20
826.052 20
831.076 21
836.096 21
841.117 21
846.142 21
851.169 22
856.199 22
861.221 22
866.242 22
871.268 22
876.302 22
881.321 23
886.341 23
891.361 23
896.381 23
901.401 23
906.425 24
911.45 24
916.47 24
921.5 24
926.527 24
931.553 25
936.578 25
941.599 25
946.618 25
951.638 25
956.675 26
961.694 26
966.715 26
971.734 26
976.759 26
981.787 27
986.807 27
991.827 27
996.847 27
1001.87 27
1006.89 27
1011.94 28
1016.96 28
1021.98 28
1027 28
1032.02 28
1037.04 29
1042.06 29
1047.08 29
1052.12 29
1057.14 29
1062.16 29
1067.18 30
1072.21 30
1077.22 30
1082.25 30
1087.27 30
1092.29 31
1097.31 31
1102.33 31
1107.35 31
1112.37 31
1117.39 31
1122.42 32
1127.44 32
1132.46 32
1137.48 32
1142.5 32
1147.52 32
1152.55 33
1157.57 33
1162.59 33
1167.61 33
1172.63 33
1177.65 33
1182.67 34
1187.69 34
1192.71 34
1197.73 34
1202.75 34
1207.77 34
1212.79 35
1217.81 35
1222.83 35
1227.85 35
1232.88 35
1237.9 35
1242.92 36
1247.94 36
1252.96 36
1257.98 36
1263 36
1268.02 36
1273.04 36
1278.06 37
1283.1 37
1288.13 37
