# timestamp	GC Total Latency (msec)		Read Latency (msec)	Write Latency (msec)\n
78.8381 7 0 0
79.8417 8 0 0
80.8457 8 0 0
81.8497 10 2 0
82.8544 14 3 2
83.8578 15 4 2
84.8617 18 6 3
85.8657 21 8 5
86.8697 24 10 6
87.8737 27 12 7
88.8793 31 14 9
89.8843 36 17 11
90.8858 44 22 14
91.8897 59 31 20
92.8938 90 49 33
93.8978 158 88 63
94.9018 250 134 111
95.9058 338 169 164
96.9098 430 208 217
97.9138 537 259 275
98.9178 691 334 355
99.9219 874 421 453
100.926 1008 485 525
101.93 1165 558 610
102.935 1296 618 682
103.938 1420 673 752
104.942 1556 734 828
105.946 1673 786 895
106.95 1791 837 962
107.954 1904 886 1026
108.958 2010 932 1088
109.962 2118 978 1151
110.966 2210 1017 1204
111.97 2315 1061 1265
112.97 2410 1100 1322
113.974 2501 1138 1376
114.978 2585 1173 1425
115.978 2665 1206 1473
116.978 2755 1243 1527
117.982 2823 1272 1566
118.982 2894 1300 1609
119.982 2965 1329 1651
120.982 3038 1359 1694
121.982 3097 1384 1729
122.982 3160 1410 1767
123.983 3225 1436 1806
124.982 3281 1460 1839
125.982 3328 1479 1867
126.982 3378 1499 1897
127.982 3432 1522 1929
128.982 3469 1537 1952
130.042 3517 1556 1981
131.042 3565 1575 2009
132.043 3606 1592 2034
133.042 3643 1607 2057
134.042 3685 1624 2082
135.042 3719 1638 2102
136.042 3757 1653 2125
137.042 3795 1668 2148
138.042 3832 1683 2170
139.042 3864 1696 2189
140.046 3900 1711 2210
141.046 3933 1725 2230
142.046 3968 1739 2251
143.046 3995 1750 2267
144.046 4028 1763 2288
145.046 4058 1776 2306
146.046 4086 1787 2323
147.046 4108 1796 2336
148.046 4136 1807 2353
149.046 4163 1818 2369
150.046 4188 1828 2384
151.046 4216 1839 2400
152.046 4239 1849 2414
153.046 4262 1858 2429
154.046 4285 1867 2443
155.046 4308 1876 2457
156.046 4330 1885 2470
157.046 4352 1894 2483
158.046 4372 1902 2496
159.046 4394 1910 2509
160.046 4415 1919 2521
161.046 4434 1927 2533
162.046 4455 1935 2546
163.046 4475 1943 2558
164.046 4489 1949 2566
165.046 4507 1956 2578
166.046 4527 1964 2590
167.046 4544 1971 2600
168.046 4563 1978 2612
169.046 4578 1984 2621
170.046 4595 1991 2631
171.046 4611 1997 2641
172.046 4626 2003 2651
173.046 4643 2009 2661
174.046 4653 2013 2667
175.046 4670 2020 2677
176.046 4686 2026 2687
177.046 4698 2031 2695
178.046 4714 2037 2705
179.046 4730 2044 2715
180.05 4741 2048 2722
181.05 4755 2053 2730
182.05 4770 2059 2739
183.05 4782 2064 2747
184.05 4796 2069 2755
185.05 4810 2075 2764
186.054 4823 2079 2772
187.05 4836 2084 2780
188.05 4849 2089 2789
189.05 4862 2094 2797
190.05 4875 2099 2805
191.05 4885 2103 2811
192.054 4897 2107 2819
193.058 4909 2112 2826
194.062 4919 2115 2833
195.066 4932 2120 2841
196.07 4944 2125 2849
197.074 4955 2129 2855
198.078 4966 2133 2863
199.082 4978 2138 2870
200.086 4988 2141 2876
201.09 5000 2146 2884
202.094 5008 2149 2889
203.098 5018 2152 2896
204.102 5028 2156 2903
205.107 5038 2159 2909
206.11 5048 2163 2915
207.115 5056 2166 2921
208.118 5067 2170 2929
209.122 5076 2173 2934
210.126 5086 2176 2941
211.13 5096 2180 2947
212.135 5107 2183 2954
213.138 5116 2187 2961
214.143 5126 2190 2967
215.147 5135 2194 2973
216.151 5143 2196 2978
217.155 5152 2200 2983
218.159 5161 2203 2990
219.166 5170 2206 2995
220.167 5177 2209 3000
221.171 5186 2212 3006
222.175 5194 2215 3011
223.179 5204 2218 3018
224.183 5210 2220 3021
225.188 5218 2223 3027
226.191 5226 2226 3032
227.195 5235 2229 3038
228.199 5244 2232 3044
229.203 5251 2234 3049
230.207 5260 2238 3055
231.211 5267 2240 3059
232.215 5274 2243 3064
233.219 5282 2246 3069
234.223 5290 2248 3074
235.227 5298 2251 3079
236.231 5305 2253 3084
237.235 5313 2256 3090
238.239 5318 2258 3093
239.243 5326 2261 3098
240.247 5333 2263 3102
241.251 5340 2266 3107
242.256 5345 2268 3111
243.26 5352 2270 3115
244.264 5360 2273 3121
245.268 5368 2275 3126
246.272 5375 2278 3131
247.276 5383 2281 3136
248.28 5390 2283 3140
249.284 5396 2285 3144
250.291 5402 2287 3149
251.292 5409 2289 3153
252.302 5416 2292 3157
253.304 5423 2294 3162
254.308 5429 2296 3166
255.312 5436 2299 3171
256.32 5445 2302 3176
257.32 5450 2304 3180
258.324 5456 2306 3184
259.328 5464 2309 3189
260.332 5468 2310 3192
261.336 5475 2312 3197
262.34 5481 2314 3201
263.344 5488 2316 3206
264.349 5492 2318 3208
265.352 5498 2320 3212
266.356 5503 2322 3216
267.36 5510 2324 3221
268.364 5517 2326 3225
269.368 5522 2328 3229
270.372 5527 2329 3232
271.376 5531 2330 3235
272.38 5538 2332 3239
273.384 5543 2334 3243
274.388 5548 2336 3247
275.392 5555 2339 3251
276.396 5560 2340 3254
277.4 5566 2342 3258
278.405 5572 2344 3262
279.409 5578 2346 3266
280.413 5584 2348 3270
281.417 5588 2350 3274
282.421 5594 2351 3277
283.425 5599 2353 3281
284.429 5605 2355 3285
285.433 5610 2356 3288
286.437 5615 2358 3292
287.441 5621 2360 3296
288.445 5627 2362 3300
289.449 5632 2364 3304
290.453 5637 2365 3307
291.457 5642 2367 3311
292.461 5647 2369 3314
293.465 5652 2370 3318
294.469 5658 2372 3321
295.473 5663 2374 3325
296.477 5668 2375 3328
297.481 5674 2377 3332
298.485 5677 2378 3335
299.49 5683 2380 3339
300.495 5688 2381 3343
301.493 5691 2382 3344
302.497 5698 2384 3349
303.507 5702 2386 3352
304.509 5708 2387 3356
305.513 5710 2388 3358
306.517 5715 2389 3361
307.521 5719 2391 3364
308.525 5725 2393 3368
309.529 5730 2394 3372
310.533 5735 2396 3375
311.537 5739 2397 3378
312.541 5745 2398 3382
313.549 5750 2400 3386
314.556 5756 2402 3390
315.557 5762 2404 3394
316.561 5767 2405 3398
317.565 5772 2407 3402
318.57 5777 2408 3405
319.576 5782 2410 3409
320.577 5787 2411 3412
321.583 5792 2412 3416
322.585 5798 2414 3420
323.589 5800 2415 3422
324.593 5805 2416 3426
325.597 5810 2417 3429
326.601 5815 2418 3433
327.605 5821 2420 3437
328.609 5826 2422 3442
329.616 5833 2423 3446
330.618 5837 2425 3450
331.621 5843 2426 3454
332.626 5848 2427 3458
333.629 5853 2428 3461
334.633 5858 2430 3465
335.637 5863 2431 3469
336.642 5870 2433 3474
337.646 5878 2435 3481
338.65 5884 2436 3485
339.654 5890 2437 3490
340.658 5896 2439 3495
341.662 5902 2440 3500
342.666 5909 2442 3505
343.67 5917 2443 3511
344.686 5923 2445 3516
345.69 5930 2446 3522
346.694 5939 2448 3528
347.698 5945 2450 3533
348.702 5952 2451 3539
349.706 5962 2454 3546
350.71 5973 2456 3554
351.714 5982 2459 3562
352.718 5989 2460 3567
353.722 5997 2462 3573
354.726 6006 2464 3580
355.73 6013 2466 3586
356.734 6020 2468 3592
357.738 6028 2469 3598
358.742 6034 2471 3602
359.75 6042 2473 3609
360.754 6051 2475 3616
361.758 6060 2477 3623
362.762 6068 2479 3628
363.767 6077 2481 3636
364.77 6086 2483 3642
365.774 6096 2485 3650
366.779 6103 2487 3656
367.782 6116 2490 3666
368.786 6126 2493 3673
369.79 6134 2494 3679
370.794 6143 2497 3686
371.798 6156 2500 3696
372.802 6161 2501 3700
373.806 6175 2504 3711
374.81 6181 2505 3716
375.814 6194 2508 3726
376.818 6203 2510 3734
377.822 6212 2512 3740
378.826 6224 2515 3750
379.83 6232 2516 3756
380.834 6242 2518 3764
381.838 6253 2521 3773
382.842 6261 2522 3779
383.846 6274 2525 3791
384.85 6283 2527 3797
385.856 6311 2534 3819
386.858 6309 2532 3818
387.862 6307 2531 3817
388.866 6315 2533 3823
389.87 6324 2535 3830
390.875 6338 2538 3841
391.879 6345 2540 3847
392.883 6365 2544 3863
393.888 6369 2544 3867
394.89 6375 2546 3871
395.894 6385 2548 3879
396.898 6398 2551 3889
397.902 6427 2557 3912
398.909 6433 2557 3918
399.91 6434 2558 3919
400.914 6447 2561 3929
401.919 6453 2562 3935
402.922 6479 2567 3955
403.939 6539 2579 4004
404.943 6525 2574 3995
405.946 6513 2570 3987
406.95 6511 2569 3985
407.954 6517 2571 3989
408.958 6524 2573 3995
409.962 6533 2575 4002
410.966 6544 2577 4011
411.97 6592 2587 4050
412.974 6583 2584 4043
413.978 6587 2585 4046
414.982 6598 2588 4055
415.987 6630 2594 4081
416.99 6696 2608 4134
417.995 6743 2616 4172
418.999 6722 2609 4159
420.003 6703 2602 4147
421.006 6691 2597 4139
422.01 6686 2596 4136
423.014 6688 2597 4137
424.018 6694 2598 4141
425.022 6701 2600 4147
426.035 6709 2602 4153
427.038 6724 2605 4165
428.057 6748 2610 4184
429.059 6827 2626 4247
430.063 6898 2641 4305
431.066 6921 2644 4324
432.077 6905 2638 4314
433.079 6887 2631 4303
434.083 6867 2624 4290
435.086 6852 2618 4281
436.09 6839 2614 4272
437.094 6834 2613 4269
438.099 6835 2613 4269
439.102 6838 2614 4271
440.107 6843 2615 4274
441.11 6849 2617 4279
442.114 6856 2619 4284
443.123 6861 2620 4288
444.126 6873 2622 4298
445.131 6909 2630 4327
446.134 6958 2639 4367
447.139 6959 2638 4368
448.142 6945 2634 4359
449.146 6941 2633 4357
450.15 6947 2634 4360
451.155 6951 2635 4364
452.159 6987 2642 4393
453.163 7057 2657 4449
454.167 7125 2671 4504
455.171 7167 2679 4538
456.177 7151 2673 4528
457.179 7136 2667 4518
458.184 7122 2662 4509
459.187 7104 2656 4498
460.191 7088 2650 4487
461.195 7075 2645 4479
462.199 7066 2643 4472
463.203 7064 2642 4470
464.207 7063 2642 4470
465.211 7067 2644 4472
466.215 7070 2645 4475
467.219 7076 2646 4479
468.223 7079 2647 4481
469.227 7085 2649 4486
470.231 7100 2651 4497
471.235 7104 2653 4501
472.239 7118 2656 4512
473.254 7172 2666 4556
474.255 7236 2680 4607
475.259 7228 2676 4602
476.263 7215 2672 4593
477.267 7202 2668 4585
478.271 7199 2667 4582
479.275 7201 2668 4584
480.279 7206 2669 4587
481.283 7212 2671 4592
482.287 7229 2674 4605
483.291 7237 2676 4612
484.295 7270 2683 4639
485.299 7344 2698 4698
486.341 7396 2709 4740
487.351 7399 2708 4743
488.351 7387 2704 4736
489.355 7373 2699 4726
490.36 7362 2695 4719
491.363 7355 2693 4713
492.367 7354 2693 4712
493.371 7356 2694 4714
494.375 7360 2695 4716
495.379 7364 2696 4719
496.383 7369 2697 4724
497.389 7398 2703 4747
498.391 7467 2718 4802
499.396 7487 2721 4819
500.399 7476 2717 4811
501.403 7465 2714 4804
502.407 7459 2712 4799
503.411 7459 2713 4799
504.415 7462 2714 4801
505.419 7465 2715 4803
506.424 7470 2716 4807
507.427 7478 2717 4813
508.431 7505 2723 4835
509.436 7570 2737 4887
510.439 7578 2738 4895
511.443 7566 2733 4886
512.447 7556 2731 4880
513.455 7554 2730 4878
514.46 7557 2731 4880
515.463 7560 2732 4882
516.467 7566 2734 4887
517.471 7577 2736 4895
518.475 7602 2741 4916
519.479 7607 2741 4920
520.484 7610 2742 4922
521.506 7642 2749 4948
522.512 7663 2753 4965
523.515 7659 2752 4962
524.519 7665 2754 4966
525.523 7677 2756 4976
526.527 7725 2766 5015
527.531 7731 2767 5020
528.535 7726 2765 5016
529.54 7728 2766 5017
530.543 7731 2767 5020
531.547 7740 2769 5027
532.551 7753 2771 5037
533.555 7791 2779 5068
534.559 7829 2787 5098
535.563 7830 2787 5100
536.571 7824 2785 5095
537.575 7823 2785 5094
538.579 7825 2786 5095
539.583 7828 2787 5098
540.587 7834 2788 5103
541.627 7868 2795 5130
542.631 7901 2802 5156
543.635 7891 2798 5149
544.639 7889 2798 5148
545.643 7891 2799 5149
546.647 7894 2799 5151
547.651 7923 2806 5175
548.655 7923 2805 5175
549.659 7923 2806 5174
550.664 7927 2807 5178
551.667 7960 2813 5205
552.671 7964 2814 5207
553.675 7965 2815 5208
554.679 7970 2816 5212
555.683 7989 2820 5227
556.687 8024 2827 5256
557.736 8063 2835 5287
558.739 8062 2834 5287
559.743 8053 2831 5280
560.747 8053 2832 5280
561.751 8054 2832 5280
562.755 8056 2833 5282
563.765 8059 2833 5284
564.767 8067 2835 5291
565.771 8073 2836 5295
566.775 8086 2839 5306
567.779 8097 2841 5314
568.783 8137 2850 5347
569.787 8139 2850 5349
570.791 8135 2848 5346
571.795 8137 2849 5347
572.799 8139 2850 5348
573.803 8162 2855 5367
574.807 8158 2854 5364
575.811 8159 2854 5365
576.823 8191 2861 5390
577.827 8189 2860 5389
578.831 8191 2861 5390
579.835 8210 2865 5405
580.839 8210 2865 5405
581.882 8234 2870 5424
582.883 8233 2870 5423
583.887 8239 2871 5427
584.901 8248 2873 5435
585.903 8270 2878 5453
586.907 8272 2878 5454
587.911 8289 2882 5468
588.915 8290 2882 5468
589.919 8300 2884 5477
590.923 8308 2886 5483
591.935 8331 2891 5501
592.939 8335 2892 5504
593.944 8356 2896 5521
594.948 8358 2897 5522
595.951 8372 2900 5534
596.959 8378 2901 5538
597.963 8389 2904 5547
598.967 8419 2910 5571
599.971 8417 2909 5569
600.975 8419 2910 5571
601.979 8424 2911 5575
602.983 8441 2914 5589
603.987 8443 2915 5590
604.991 8452 2917 5597
605.997 8466 2920 5608
606.999 8466 2920 5608
608.003 8484 2924 5623
609.007 8484 2924 5623
610.011 8500 2927 5635
611.015 8515 2930 5647
612.019 8513 2930 5646
613.023 8515 2931 5647
614.028 8536 2935 5664
615.031 8534 2935 5662
616.035 8536 2935 5664
617.039 8559 2940 5682
618.043 8558 2940 5681
619.048 8566 2942 5688
620.051 8576 2944 5696
621.055 8580 2945 5699
622.059 8595 2948 5711
623.063 8599 2949 5714
624.067 8611 2952 5724
625.071 8624 2954 5734
626.075 8629 2955 5738
627.079 8641 2958 5748
628.083 8654 2960 5758
629.093 8663 2962 5765
630.095 8674 2965 5774
631.099 8685 2967 5783
632.107 8688 2968 5785
633.107 8703 2971 5797
634.116 8725 2976 5815
635.121 8721 2975 5812
636.123 8723 2976 5813
637.127 8724 2976 5813
638.131 8736 2978 5823
639.135 8745 2980 5830
640.139 8747 2981 5832
641.143 8755 2982 5838
642.147 8759 2983 5841
643.151 8785 2988 5862
644.155 8785 2988 5862
645.159 8785 2989 5862
646.163 8789 2989 5865
647.168 8809 2993 5882
648.171 8806 2993 5879
649.175 8806 2993 5879
650.179 8815 2995 5886
651.183 8820 2996 5890
652.187 8831 2998 5898
653.188 8836 2999 5903
654.191 8842 3001 5907
655.196 8863 3005 5924
656.199 8867 3006 5927
657.203 8867 3006 5927
658.207 8877 3008 5935
659.207 8879 3009 5937
660.211 8882 3009 5939
661.216 8898 3013 5952
662.22 8897 3013 5952
663.224 8903 3014 5956
664.223 8909 3015 5961
665.227 8920 3017 5969
666.233 8924 3018 5973
667.235 8929 3019 5976
668.235 8942 3022 5988
669.239 8942 3022 5987
670.244 8947 3023 5991
671.247 8974 3029 6013
672.247 8971 3028 6010
673.251 8970 3028 6010
674.255 8970 3028 6010
675.255 8989 3032 6025
676.259 8986 3031 6022
677.263 8986 3031 6022
678.263 8989 3032 6024
679.267 9001 3034 6034
680.271 9001 3035 6034
681.271 9007 3036 6039
682.275 9018 3038 6048
683.275 9022 3039 6051
684.28 9040 3043 6065
685.283 9046 3044 6070
686.283 9046 3044 6070
687.287 9053 3046 6075
688.287 9061 3047 6082
689.291 9060 3047 6081
690.291 9070 3049 6089
691.298 9070 3049 6089
692.295 9071 3050 6090
693.3 9085 3053 6101
694.303 9103 3057 6115
695.303 9099 3055 6112
696.307 9099 3056 6112
697.312 9101 3056 6113
698.316 9110 3058 6121
699.315 9134 3063 6140
700.319 9134 3063 6140
701.323 9129 3061 6136
702.323 9129 3062 6136
703.327 9129 3062 6136
704.331 9129 3062 6136
705.336 9141 3064 6146
706.343 9138 3063 6144
707.347 9138 3064 6144
708.351 9148 3066 6152
709.355 9148 3066 6152
710.36 9156 3067 6158
711.363 9162 3069 6162
712.367 9163 3069 6163
713.377 9180 3073 6177
714.379 9178 3073 6175
715.389 9183 3074 6179
716.392 9189 3075 6184
717.395 9193 3076 6187
718.399 9204 3078 6195
719.404 9208 3079 6199
720.413 9209 3079 6199
721.416 9214 3081 6203
722.42 9220 3082 6208
723.424 9234 3085 6219
724.428 9233 3085 6218
725.432 9236 3086 6221
726.436 9247 3088 6229
727.441 9251 3089 6232
728.445 9253 3089 6234
729.449 9264 3092 6243
730.452 9265 3092 6243
731.456 9272 3093 6249
732.46 9279 3095 6254
733.465 9281 3095 6256
734.468 9288 3097 6262
735.473 9295 3098 6268
736.476 9304 3100 6275
737.48 9304 3101 6275
738.484 9312 3102 6281
739.489 9316 3103 6284
740.493 9325 3105 6291
741.497 9331 3106 6296
742.501 9337 3107 6300
743.506 9340 3108 6303
744.509 9349 3110 6310
745.513 9353 3111 6313
746.517 9357 3112 6316
747.521 9366 3114 6323
748.525 9371 3115 6327
749.529 9374 3116 6330
750.533 9383 3117 6337
751.538 9387 3118 6340
752.541 9396 3120 6347
753.545 9398 3121 6348
754.545 9406 3123 6355
755.549 9416 3125 6363
756.553 9416 3125 6363
757.557 9417 3125 6364
758.563 9430 3128 6374
759.565 9428 3127 6373
760.569 9429 3128 6373
761.573 9437 3129 6380
762.577 9444 3131 6385
763.581 9444 3131 6385
764.586 9448 3132 6388
765.589 9462 3135 6399
766.593 9457 3134 6396
767.598 9458 3134 6396
768.602 9467 3136 6403
769.606 9464 3135 6401
770.61 9464 3136 6401
771.614 9469 3137 6405
772.618 9481 3139 6414
773.622 9478 3139 6412
774.626 9478 3139 6412
775.63 9488 3140 6420
776.634 9486 3140 6418
777.638 9488 3141 6420
778.642 9498 3143 6428
779.646 9496 3143 6426
780.65 9497 3143 6427
781.654 9504 3144 6432
782.658 9506 3145 6434
783.662 9512 3146 6439
784.675 9514 3147 6440
785.678 9523 3148 6447
786.682 9522 3148 6447
787.686 9526 3149 6449
788.69 9539 3152 6460
789.694 9537 3152 6458
790.698 9542 3153 6463
791.702 9541 3152 6461
792.706 9543 3153 6463
793.71 9551 3155 6470
794.714 9551 3155 6469
795.72 9564 3158 6479
796.722 9561 3157 6477
797.727 9561 3157 6477
798.731 9567 3158 6481
799.739 9572 3159 6486
800.745 9572 3160 6486
801.753 9579 3161 6492
802.755 9580 3161 6492
803.759 9588 3163 6498
804.769 9591 3164 6501
805.779 9596 3165 6504
806.787 9600 3166 6508
807.787 9607 3167 6513
808.791 9610 3168 6516
809.8 9617 3169 6521
810.804 9622 3170 6525
811.809 9624 3171 6527
812.811 9630 3172 6532
813.815 9632 3173 6533
814.819 9636 3174 6536
815.823 9641 3175 6540
816.827 9646 3176 6544
817.831 9652 3177 6549
818.837 9654 3178 6551
819.839 9658 3179 6554
820.843 9662 3179 6557
821.847 9668 3181 6562
822.851 9674 3182 6566
823.856 9677 3183 6569
824.859 9683 3184 6574
825.863 9687 3185 6577
826.868 9691 3186 6580
827.871 9696 3187 6583
828.876 9702 3188 6588
829.879 9706 3189 6592
830.883 9711 3190 6596
831.888 9715 3191 6599
832.895 9720 3192 6602
833.901 9724 3193 6606
834.904 9726 3193 6608
835.908 9734 3195 6613
836.914 9740 3196 6619
837.916 9741 3196 6619
838.92 9745 3197 6623
839.924 9747 3198 6624
840.928 9753 3199 6629
841.937 9757 3200 6632
842.94 9761 3201 6635
843.944 9762 3201 6636
844.948 9765 3202 6639
845.952 9771 3203 6643
846.957 9776 3204 6647
847.96 9780 3205 6650
848.972 9784 3206 6653
849.976 9791 3207 6659
850.98 9795 3208 6662
851.984 9801 3210 6667
852.989 9805 3210 6670
853.992 9809 3211 6673
854.996 9810 3212 6674
856 9813 3212 6676
857.004 9818 3213 6681
858.008 9818 3214 6680
859.012 9823 3215 6684
860.016 9825 3215 6686
861.02 9829 3216 6689
862.024 9834 3217 6693
863.028 9839 3218 6696
864.035 9840 3218 6698
865.036 9850 3220 6706
866.04 9849 3220 6705
867.045 9851 3221 6706
868.05 9855 3222 6710
869.053 9860 3223 6713
870.057 9863 3223 6716
871.061 9870 3225 6721
872.065 9870 3225 6722
873.069 9875 3226 6725
874.074 9877 3226 6727
875.077 9881 3227 6730
876.081 9886 3228 6734
877.091 9888 3229 6736
878.094 9894 3230 6740
879.102 9895 3230 6742
880.105 9903 3232 6748
881.109 9903 3232 6748
882.113 9907 3233 6751
883.117 9908 3233 6751
884.121 9917 3235 6759
885.121 9915 3235 6757
886.125 9920 3236 6761
887.129 9920 3236 6761
888.133 9921 3236 6761
889.137 9927 3237 6767
890.141 9927 3237 6767
891.146 9935 3239 6773
892.149 9936 3239 6773
893.155 9936 3239 6774
894.157 9945 3241 6781
895.161 9944 3241 6780
896.166 9947 3242 6782
897.169 9948 3242 6783
898.174 9948 3242 6783
899.2 9956 3244 6789
900.201 9955 3243 6788
901.205 9958 3244 6790
902.21 9962 3245 6794
903.213 9967 3246 6798
904.217 9970 3247 6800
905.228 9976 3248 6805
906.229 9979 3249 6807
907.234 9980 3249 6809
908.237 9984 3250 6811
909.242 9986 3250 6813
910.246 9988 3251 6814
911.25 9996 3252 6821
912.254 9997 3252 6821
913.258 9996 3253 6821
914.262 9999 3253 6823
915.266 9998 3253 6823
916.27 10003 3254 6826
917.274 10003 3254 6826
918.278 10010 3256 6832
919.282 10008 3255 6830
920.286 10013 3256 6834
921.29 10013 3256 6834
922.294 10017 3257 6837
923.298 10023 3258 6842
924.302 10022 3258 6841
925.306 10025 3259 6844
926.311 10028 3260 6846
927.314 10031 3260 6848
928.321 10031 3260 6848
929.322 10038 3262 6853
930.327 10036 3262 6852
931.33 10038 3262 6853
932.334 10041 3263 6856
933.338 10042 3263 6857
934.342 10046 3264 6860
935.346 10049 3264 6862
936.35 10053 3265 6865
937.354 10057 3266 6869
938.358 10057 3266 6868
939.362 10060 3267 6871
940.366 10064 3268 6874
941.37 10068 3269 6877
942.375 10071 3269 6880
943.378 10073 3270 6881
944.382 10077 3271 6885
945.386 10080 3271 6887
946.39 10084 3272 6890
947.394 10087 3273 6892
948.398 10090 3274 6894
949.402 10095 3275 6899
950.406 10095 3275 6898
951.411 10101 3276 6903
952.415 10101 3276 6903
953.418 10104 3277 6906
954.422 10107 3277 6908
955.426 10110 3278 6910
956.43 10113 3278 6913
957.437 10117 3279 6916
958.439 10121 3280 6919
959.443 10124 3281 6922
960.447 10127 3282 6924
961.451 10130 3282 6926
962.455 10132 3283 6928
963.459 10135 3283 6931
964.463 10138 3284 6933
965.467 10141 3285 6935
966.471 10144 3285 6937
967.475 10147 3286 6939
968.479 10150 3287 6942
969.483 10153 3287 6944
970.487 10158 3288 6948
971.491 10158 3288 6948
972.495 10161 3289 6951
973.499 10163 3289 6953
974.503 10167 3290 6956
975.507 10171 3291 6959
976.511 10173 3292 6961
977.515 10176 3292 6963
978.519 10177 3292 6963
979.523 10180 3293 6966
980.527 10182 3294 6968
981.531 10187 3295 6972
982.535 10187 3295 6971
983.539 10190 3295 6974
984.543 10193 3296 6976
985.547 10196 3297 6979
986.554 10196 3297 6979
987.555 10202 3298 6983
988.56 10201 3298 6982
989.563 10204 3299 6984
990.567 10208 3300 6988
991.571 10209 3300 6989
992.576 10212 3300 6991
993.579 10214 3301 6992
994.583 10217 3301 6995
995.587 10222 3302 6999
996.591 10224 3303 7000
997.595 10224 3303 7000
998.6 10228 3304 7004
999.604 10229 3304 7004
1000.61 10232 3305 7007
1001.61 10236 3306 7010
1002.62 10238 3306 7011
1003.62 10239 3306 7012
1004.62 10241 3307 7014
1005.63 10243 3307 7015
1006.63 10247 3308 7019
1007.64 10250 3309 7021
1008.64 10251 3309 7022
1009.64 10253 3309 7023
1010.65 10257 3310 7026
1011.65 10260 3311 7029
1012.66 10262 3311 7030
1013.66 10264 3312 7032
1014.66 10266 3312 7033
1015.67 10269 3313 7036
1016.67 10269 3313 7036
1017.68 10272 3314 7038
1018.68 10273 3314 7039
1019.68 10276 3314 7041
1020.69 10281 3316 7045
1021.69 10281 3316 7045
1022.7 10283 3316 7047
1023.7 10285 3316 7048
1024.71 10287 3317 7050
1025.71 10290 3318 7053
1026.72 10291 3318 7053
1027.72 10295 3319 7056
1028.73 10294 3319 7055
1029.73 10297 3319 7058
1030.73 10299 3320 7059
1031.74 10300 3320 7060
1032.74 10304 3321 7063
1033.74 10304 3321 7063
1034.75 10307 3322 7066
1035.75 10310 3322 7068
1036.76 10313 3323 7070
1037.76 10314 3323 7071
1038.76 10317 3324 7073
1039.77 10320 3325 7076
1040.77 10320 3325 7076
1041.78 10324 3325 7079
1042.78 10324 3326 7079
1043.78 10331 3327 7084
1044.79 10328 3327 7082
1045.79 10330 3327 7083
1046.8 10333 3328 7086
1047.8 10333 3328 7086
1048.8 10335 3328 7088
1049.81 10336 3328 7088
1050.81 10339 3329 7091
1051.82 10341 3329 7093
1052.82 10342 3330 7093
1053.82 10346 3330 7096
1054.83 10349 3331 7098
1055.83 10352 3332 7101
1056.84 10352 3332 7101
1057.84 10354 3332 7103
1058.84 10357 3333 7105
1059.85 10358 3333 7105
1060.85 10361 3334 7108
1061.86 10361 3334 7108
1062.86 10362 3334 7109
1063.86 10366 3335 7112
1064.87 10367 3335 7112
1065.87 10369 3336 7114
1066.88 10372 3336 7117
1067.88 10373 3336 7117
1068.88 10375 3337 7119
1069.89 10377 3337 7120
1070.9 10380 3338 7123
1071.9 10381 3338 7124
1072.9 10384 3339 7126
1073.91 10385 3339 7126
1074.92 10388 3340 7129
1075.92 10389 3340 7130
1076.92 10391 3341 7132
1077.92 10392 3341 7133
1078.93 10395 3341 7135
1079.93 10396 3342 7136
1080.94 10398 3342 7137
1081.94 10402 3343 7140
1082.94 10404 3343 7142
1083.95 10405 3344 7143
1084.95 10407 3344 7144
1085.96 10410 3345 7147
1086.96 10410 3345 7146
1087.97 10412 3345 7148
1088.97 10415 3346 7150
1089.97 10415 3346 7150
1090.98 10417 3346 7152
1091.98 10417 3347 7152
1092.98 10420 3347 7154
1093.99 10420 3347 7154
1094.99 10423 3348 7156
1096 10424 3348 7157
1097 10427 3349 7160
1098 10427 3349 7160
1099.01 10431 3350 7163
1100.01 10431 3350 7163
1101.02 10434 3350 7165
1102.02 10435 3351 7166
1103.02 10437 3351 7167
1104.03 10439 3351 7169
1105.03 10443 3352 7172
1106.04 10442 3352 7171
1107.04 10443 3352 7172
1108.04 10445 3353 7174
1109.05 10444 3353 7173
1110.05 10445 3353 7173
1111.06 10445 3353 7174
1112.06 10449 3354 7176
1113.07 10448 3354 7176
1114.07 10453 3355 7179
1115.07 10451 3355 7178
1116.07 10453 3355 7180
1117.08 10453 3355 7179
1118.08 10455 3355 7181
1119.08 10458 3356 7183
1120.09 10458 3356 7184
1121.09 10458 3356 7183
1122.1 10459 3356 7184
1123.1 10461 3357 7186
1124.11 10462 3357 7187
1125.11 10463 3357 7188
1126.11 10465 3358 7189
1127.12 10466 3358 7190
1128.13 10468 3358 7191
1129.13 10472 3359 7195
1130.13 10471 3359 7194
1131.14 10472 3359 7195
1132.14 10475 3360 7197
1133.15 10476 3360 7197
1134.15 10478 3361 7199
1135.15 10480 3361 7200
1136.16 10481 3361 7202
1137.17 10485 3362 7204
1138.17 10485 3362 7205
1139.17 10487 3363 7207
1140.18 10489 3363 7208
1141.18 10490 3363 7208
1142.19 10492 3364 7210
1143.19 10492 3364 7210
1144.2 10495 3364 7213
1145.2 10497 3365 7214
1146.21 10498 3365 7215
1147.21 10501 3366 7217
1148.21 10502 3366 7218
1149.22 10504 3366 7220
1150.22 10506 3367 7221
1151.23 10508 3367 7223
1152.23 10509 3368 7223
1153.23 10511 3368 7225
1154.25 10512 3368 7226
1155.25 10515 3369 7228
1156.25 10516 3369 7229
1157.26 10518 3370 7231
1158.26 10518 3370 7231
1159.27 10521 3370 7233
1160.27 10520 3370 7232
1161.27 10521 3370 7233
1162.28 10523 3371 7234
1163.29 10524 3371 7235
1164.29 10527 3372 7238
1165.29 10527 3372 7238
1166.3 10530 3372 7240
1167.3 10530 3372 7240
1168.31 10530 3372 7240
1169.31 10532 3373 7242
1170.31 10533 3373 7242
1171.32 10534 3373 7243
1172.32 10536 3374 7245
1173.33 10537 3374 7246
1174.33 10538 3374 7246
1175.34 10540 3375 7248
1176.34 10539 3375 7247
1177.34 10542 3375 7249
1178.35 10541 3375 7248
1179.35 10542 3375 7249
1180.35 10544 3376 7250
1181.36 10546 3376 7252
1182.36 10546 3376 7252
1183.37 10548 3377 7254
1184.37 10549 3377 7254
1185.37 10552 3378 7257
1186.38 10552 3378 7257
1187.38 10553 3378 7258
1188.39 10555 3378 7259
1189.39 10555 3379 7260
1190.39 10557 3379 7261
1191.4 10557 3379 7261
1192.4 10559 3379 7263
1193.41 10561 3380 7264
1194.41 10562 3380 7265
1195.41 10564 3380 7266
1196.42 10565 3381 7267
1197.43 10567 3381 7268
1198.43 10568 3381 7270
1199.43 10570 3382 7271
1200.44 10571 3382 7271
1201.45 10572 3382 7272
1202.45 10573 3383 7273
1203.46 10574 3383 7274
1204.46 10575 3383 7275
1205.47 10575 3383 7275
1206.47 10577 3384 7276
1207.47 10576 3383 7275
1208.48 10577 3384 7276
1209.48 10578 3384 7277
1210.49 10579 3384 7278
1211.49 10580 3384 7279
1212.49 10582 3385 7281
1213.5 10583 3385 7281
1214.5 10584 3385 7282
1215.51 10586 3386 7283
1216.51 10586 3386 7283
1217.51 10588 3386 7284
1218.52 10588 3386 7285
1219.52 10589 3387 7286
1220.53 10591 3387 7287
1221.54 10594 3388 7289
1222.54 10594 3388 7289
1223.54 10596 3388 7291
1224.55 10595 3388 7290
1225.55 10596 3388 7291
1226.55 10597 3388 7292
1227.56 10599 3389 7293
1228.57 10601 3389 7295
1229.57 10601 3389 7295
1230.57 10602 3390 7296
1231.58 10604 3390 7297
1232.58 10606 3390 7298
1233.59 10605 3390 7298
1234.59 10608 3391 7300
1235.59 10607 3391 7299
1236.61 10609 3391 7301
1237.61 10610 3391 7301
1238.61 10612 3392 7303
1239.62 10612 3392 7303
1240.62 10613 3392 7304
1241.63 10615 3393 7305
1242.63 10616 3393 7306
1243.64 10617 3393 7307
1244.64 10618 3394 7308
1245.64 10619 3394 7309
1246.65 10620 3394 7309
1247.65 10621 3394 7310
1248.65 10622 3394 7311
1249.66 10624 3395 7312
1250.66 10625 3395 7313
1251.67 10626 3395 7314
1252.67 10627 3396 7315
1253.67 10628 3396 7315
1254.68 10630 3396 7317
1255.69 10630 3396 7317
1256.69 10631 3397 7318
1257.69 10631 3397 7318
1258.7 10635 3397 7321
1259.7 10634 3397 7320
1260.71 10634 3397 7320
1261.71 10634 3397 7321
1262.72 10636 3398 7322
1263.72 10636 3398 7322
1264.73 10637 3398 7323
1265.73 10639 3398 7324
1266.73 10640 3398 7325
1267.75 10641 3399 7326
1268.75 10644 3399 7328
1269.75 10644 3399 7328
1270.77 10647 3400 7330
1271.77 10646 3400 7330
1272.77 10647 3400 7331
1273.78 10647 3400 7331
1274.78 10648 3401 7332
1275.79 10650 3401 7333
1276.79 10652 3401 7334
1277.79 10653 3402 7335
1278.81 10653 3402 7335
1279.81 10655 3402 7337
