# timestamp	command count (MB)\n
-283.166 0
-282.161 0
-267.948 0
-266.394 0
-262.438 0
-261.398 0
-260.356 0
-259.24 0
-258.236 0
-257.232 0
-256.183 0
-255.18 0
-253.333 0
-252.195 0
-251.164 0
-250.162 0
-248.096 0
-247.001 0
-245.899 0
-244.844 0
-243.835 0
-240.411 0
-239.396 0
-238.382 0
-236.824 0
-232.885 0
-231.88 0
-230.872 0
-228.744 0
-227.739 0
-226.733 0
-225.722 0
-222.998 0
-221.99 0
-220.985 0
-219.983 0
-218.98 0
-215.533 0
-214.529 0
-213.515 0
-212.499 0
-208.055 0
-207.045 0
-206.044 0
-203.342 0
-202.328 0
-201.316 0
-198.754 0
-197.747 0
-196.732 0
-193.274 0
-192.269 0
-191.27 0
-190.266 0
-189.268 0
-185.368 0
-184.368 0
-183.368 0
-181.32 0
-180.322 0
-179.316 0
-178.315 0
-176.311 0
-175.3 0
-174.299 0
-173.288 0
-170.438 0
-169.428 0
-168.429 0
-167.426 0
-164.62 0
-163.618 0
-162.616 0
-161.61 0
-158.808 0
-157.799 0
-156.8 0
-155.8 0
-152.029 0
-151.032 0
-150.033 0
-149.028 0
-146.211 0
-145.211 0
-144.208 0
-143.202 0
-140.622 0
-139.625 0
-138.625 0
-134.91 0
-133.914 0
-132.913 0
-131.914 0
-129.929 0
-128.916 0
-125.879 0
-124.882 0
-123.881 0
-119.851 0
-118.848 0
-117.848 0
-116.839 0
-115.836 0
-112.947 0
-111.937 0
-110.939 0
-109.044 0
-108.046 0
-107.042 0
-103.36 0
-102.35 0
-101.346 0
-100.34 0
-97.3534 0
-96.3544 0
-95.3488 0
-94.3495 0
-91.454 0
-90.4553 0
-87.4486 0
-86.4515 0
-85.4447 0
-81.4368 0
-80.4385 0
-79.4396 0
-78.4393 0
-74.7463 0
-73.7459 0
-72.7459 0
-70.9628 0
-69.9086 0
-65.5334 0
-64.5309 0
-63.5195 0
-62.5157 0
-59.5227 0
-58.5101 0
-57.5072 0
-54.4642 0
-53.4576 0
-52.4547 0
-51.4499 0
-47.6419 0
-46.6319 0
-45.6284 0
-43.5163 0
-42.5115 0
-41.509 0
-40.5048 0
-36.6714 0
-35.6593 0
-34.6482 0
-33.6394 0
-32.6185 0
-28.6158 0
-27.6086 0
-26.6045 0
-24.4866 0
-23.4811 0
-22.4794 0
-19.3842 0
-18.3803 0
-17.3687 0
-16.2246 0
-15.2241 0
-14.2193 0
-13.2155 0
-12.1945 0
-11.1921 0
-10.1677 0
-9.16396 0
-8.15991 0
-7.15588 0
-6.15182 0
-5.04378 0
-3.16719 0
-2.16348 0
-1.15967 0
7.50515 0
8.50867 0
9.5127 0
10.5368 0
11.5407 0
12.5448 0
13.5488 0
14.5528 0
15.5568 0
16.5609 0
17.5649 0
18.565 0
19.569 0
20.573 0
21.5891 0
22.593 0
23.6011 0
24.6051 0
25.6091 0
26.6131 0
27.6171 0
28.6212 0
29.6252 0
30.6292 0
31.6332 0
32.6372 0
33.6413 0
34.6453 0
35.6493 0
36.6533 0
37.6573 0
38.6613 0
39.6653 0
40.6694 0
41.6734 0
42.6774 0
43.6814 0
44.6854 0
45.6895 0
46.6942 0
47.6975 0
48.7015 0
49.7136 0
50.7175 0
51.7215 0
52.7267 0
53.7295 0
54.7336 0
55.7376 0
56.7416 0
57.7455 0
58.7496 0
59.7536 0
60.7576 0
61.7616 0
62.7656 0
63.7696 0
64.7817 0
65.7856 0
66.7896 0
67.7936 0
68.7976 0
69.8018 0
70.8057 0
71.8097 0
72.8137 0
73.8177 0
74.8217 0
75.8257 0
76.8297 0
77.8337 0
78.8381 0
79.8417 0
80.8457 0
81.8497 0
82.8544 0
83.8578 0
84.8617 0
85.8657 1
86.8697 0
87.8738 1
88.8793 1
89.8843 1
90.8858 1
91.8898 3
92.8938 7
93.8978 15
94.9018 17
95.9058 8
96.9098 14
97.9138 35
98.9178 57
99.9219 79
100.926 62
101.93 82
102.935 74
103.938 76
104.942 92
105.946 85
106.95 92
107.954 93
108.958 95
109.962 102
110.966 93
111.97 112
112.97 107
113.974 107
114.978 104
115.978 105
116.978 125
117.982 98
118.982 111
119.982 114
120.982 125
121.982 104
122.982 118
123.983 125
124.982 115
125.982 101
126.982 110
127.982 123
128.982 96
130.042 121
131.042 122
132.043 110
133.042 106
134.042 120
135.042 102
136.042 117
137.042 123
138.042 122
139.042 109
140.046 124
141.046 124
142.046 133
143.046 103
144.046 133
145.046 123
146.046 124
147.046 99
148.046 129
149.046 124
150.046 117
151.046 129
152.046 117
153.046 118
154.046 124
155.046 122
156.046 120
157.046 122
158.046 117
159.046 128
160.046 127
161.046 120
162.046 132
163.046 131
164.046 100
165.046 129
166.046 133
167.046 122
168.046 127
169.046 119
170.046 125
171.046 117
172.046 125
173.046 128
174.046 103
175.046 135
176.046 130
177.046 105
178.046 138
179.046 137
180.05 104
181.05 120
182.05 143
183.05 116
184.05 129
185.05 128
186.054 125
187.05 132
188.05 134
189.05 140
190.05 127
191.05 119
192.054 132
193.058 122
194.062 121
195.066 140
196.07 137
197.074 124
198.078 140
199.082 137
200.086 124
201.09 145
202.094 109
203.098 133
204.102 138
205.107 120
206.11 143
207.115 126
208.118 144
209.122 121
210.126 139
211.13 130
212.135 149
213.138 134
214.143 142
215.147 136
216.151 138
217.155 123
218.159 139
219.166 128
220.167 120
221.171 137
222.175 135
223.179 142
224.183 111
225.188 139
226.191 131
227.195 144
228.199 148
229.203 121
230.207 161
231.211 122
232.215 147
233.219 139
234.223 132
235.227 132
236.231 135
237.235 156
238.239 118
239.243 142
240.247 125
241.251 139
242.256 129
243.26 135
244.264 153
245.268 143
246.272 149
247.276 149
248.28 128
249.284 135
250.291 141
251.292 145
252.302 151
253.304 143
254.308 131
255.312 151
256.32 163
257.32 138
258.324 132
259.328 161
260.332 110
261.336 170
262.34 144
263.344 165
264.349 114
265.352 162
266.356 138
267.36 156
268.364 152
269.368 149
270.372 115
271.376 144
272.38 155
273.384 125
274.388 152
275.392 163
276.396 135
277.4 157
278.405 156
279.409 148
280.413 154
281.417 144
282.421 138
283.425 145
284.429 166
285.433 150
286.437 140
287.441 163
288.445 152
289.449 148
290.453 142
291.457 163
292.461 145
293.465 155
294.469 149
295.473 144
296.477 146
297.481 147
298.485 125
299.49 170
300.496 150
301.493 132
302.497 172
303.507 128
304.509 150
305.513 134
306.517 147
307.521 163
308.525 159
309.529 152
310.533 143
311.537 159
312.541 174
313.549 151
314.556 175
315.557 161
316.561 154
317.565 162
318.57 159
319.576 166
320.577 155
321.583 172
322.585 160
323.589 141
324.593 178
325.597 174
326.601 152
327.605 176
328.609 182
329.616 178
330.618 167
331.621 182
332.626 171
333.629 161
334.633 174
335.637 147
336.642 197
337.646 216
338.65 166
339.654 175
340.658 190
341.662 193
342.666 184
343.67 212
344.686 164
345.69 195
346.694 217
347.698 195
348.702 207
349.706 216
350.71 254
351.714 228
352.718 200
353.722 204
354.726 223
355.73 197
356.734 199
357.738 221
358.742 175
359.75 219
360.754 237
361.758 239
362.762 191
363.767 239
364.77 212
365.774 239
366.779 205
367.782 284
368.786 244
369.79 199
370.794 216
371.798 279
372.802 175
373.806 303
374.81 215
375.814 273
376.818 238
377.822 224
378.826 275
379.83 234
380.834 234
381.838 293
382.842 195
383.846 360
384.85 215
385.856 544
386.858 142
387.862 116
388.866 221
389.87 262
390.875 310
391.879 215
392.883 395
393.888 222
394.89 201
395.894 281
396.898 280
397.902 547
398.909 175
399.91 152
400.914 308
401.919 237
402.922 461
403.939 995
404.943 35
405.946 17
406.95 112
407.954 216
408.958 227
409.962 273
410.966 284
411.97 837
412.974 58
413.978 213
414.982 293
415.987 582
416.99 1128
417.995 527
418.999 307
420.003 12
421.006 12
422.01 75
423.014 181
424.018 228
425.022 264
426.035 255
427.038 389
428.057 516
429.059 1390
430.063 282
431.066 39
432.077 946
433.079 521
434.083 64
435.086 4
436.09 16
437.094 66
438.099 149
439.102 194
440.107 252
441.11 239
442.114 266
443.123 217
444.127 369
445.131 748
446.135 1004
447.139 265
448.143 20
449.147 111
450.151 236
451.155 240
452.159 798
453.163 1348
454.167 0
455.171 1
456.177 221
457.179 442
458.184 1056
459.187 528
460.191 6
461.195 4
462.199 35
463.203 104
464.207 162
465.211 222
466.215 216
467.219 269
468.223 207
469.227 277
470.231 439
471.235 241
472.239 409
473.254 1136
474.255 859
475.259 200
476.263 350
477.267 18
478.271 112
479.275 194
480.279 251
481.283 276
482.287 489
483.291 301
484.295 803
485.299 1366
486.341 0
487.351 183
488.351 908
489.355 563
490.36 15
491.363 75
492.367 135
493.371 232
494.375 224
495.379 260
496.383 287
497.389 792
498.391 1325
499.396 214
500.399 607
501.403 22
502.407 77
503.411 168
504.415 255
505.419 239
506.424 277
507.427 327
508.431 790
509.436 1371
510.439 545
511.443 11
512.447 31
513.455 136
514.46 253
515.463 260
516.467 306
517.471 368
518.475 703
519.479 329
520.484 235
521.506 895
522.512 674
523.515 97
524.519 297
525.523 455
526.527 1267
527.531 351
528.535 76
529.54 215
530.543 275
531.547 389
532.551 469
533.555 1123
534.559 958
535.563 277
536.571 31
537.575 153
538.579 239
539.583 275
540.587 314
541.627 1028
542.631 920
543.635 15
544.639 145
545.643 235
546.647 237
547.651 937
548.655 247
549.659 170
550.664 306
551.667 1051
552.671 302
553.675 201
554.679 279
555.683 696
556.687 1056
557.737 460
558.739 532
559.743 386
560.747 154
561.751 264
562.755 245
563.765 264
564.767 443
565.771 320
566.775 536
567.779 500
568.783 1255
569.787 221
570.791 80
571.795 281
572.799 239
573.803 872
574.807 114
575.811 228
576.823 1062
577.827 144
578.831 217
579.835 694
580.839 206
581.882 865
582.883 167
583.887 367
584.901 443
585.903 824
586.907 228
587.911 674
588.915 208
589.919 475
590.923 384
591.935 874
592.939 249
593.944 794
594.948 232
595.951 592
596.959 356
597.963 512
598.967 1050
599.971 144
600.975 272
601.979 356
602.983 770
603.987 240
604.991 508
605.997 599
606.999 238
608.003 753
609.007 202
610.011 726
611.015 644
612.019 119
613.023 304
614.028 809
615.031 184
616.035 307
617.039 910
618.043 208
619.048 458
620.051 526
621.055 315
622.059 677
623.063 318
624.067 608
625.071 616
626.075 327
627.079 597
628.083 608
629.093 510
630.095 588
631.099 551
632.107 299
633.107 739
634.116 883
635.121 100
636.123 270
637.127 279
638.131 678
639.135 478
640.139 305
641.143 469
642.147 317
643.151 1053
644.155 197
645.159 227
646.163 359
647.168 932
648.171 111
649.175 269
650.179 538
651.183 374
652.187 592
653.188 395
654.191 373
655.196 958
656.199 351
657.203 235
658.207 561
659.207 352
660.211 306
661.216 797
662.22 204
663.224 426
664.223 467
665.227 563
666.233 373
667.235 416
668.235 687
669.239 248
670.244 385
671.247 1187
672.247 133
673.251 165
674.255 276
675.255 936
676.259 96
677.263 292
678.263 281
679.267 695
680.271 242
681.271 444
682.275 682
683.275 358
684.28 896
685.283 442
686.283 237
687.287 519
688.287 616
689.291 194
690.291 683
691.298 184
692.295 276
693.3 810
694.303 860
695.303 86
696.307 268
697.312 308
698.316 601
699.315 1129
700.319 286
701.323 78
702.323 198
703.327 265
704.331 261
705.336 764
706.343 141
707.347 227
708.351 625
709.355 263
710.36 550
711.363 444
712.367 287
713.377 924
714.379 147
715.389 457
716.392 529
717.395 355
718.4 678
719.404 422
720.413 255
721.416 413
722.42 497
723.424 805
724.428 200
725.432 366
726.436 676
727.441 396
728.445 315
729.449 757
730.452 239
731.456 556
732.46 526
733.465 298
734.468 524
735.473 536
736.476 599
737.48 222
738.484 624
739.489 373
740.493 574
741.497 508
742.501 477
743.506 355
744.509 612
745.513 442
746.517 393
747.521 618
748.525 479
749.529 366
750.533 614
751.538 387
752.541 657
753.545 300
754.545 624
755.549 712
756.553 224
757.557 284
758.563 854
759.565 165
760.569 285
761.573 611
762.577 559
763.581 239
764.586 494
765.589 818
766.593 86
767.598 276
768.602 729
769.606 108
770.61 299
771.614 451
772.618 786
773.622 191
774.626 228
775.63 713
776.634 223
777.638 307
778.642 758
779.646 178
780.65 292
781.654 610
782.658 299
783.662 576
784.675 342
785.678 642
786.682 235
787.686 416
788.69 917
789.694 153
790.698 537
791.702 170
792.706 365
793.71 650
794.714 248
795.72 893
796.722 140
797.727 288
798.731 565
799.739 536
800.745 298
801.753 612
802.755 268
803.759 651
804.769 391
805.779 471
806.787 448
807.787 578
808.791 443
809.8 551
810.804 488
811.809 403
812.811 580
813.815 343
814.819 426
815.823 534
816.827 513
817.831 551
818.837 347
819.839 437
820.843 431
821.847 536
822.851 553
823.856 413
824.859 556
825.863 444
826.868 476
827.871 460
828.876 531
829.879 519
830.884 477
831.888 453
832.895 478
833.901 525
834.904 323
835.908 631
836.914 628
837.916 235
838.92 517
839.924 325
840.928 619
841.937 457
842.94 520
843.944 306
844.948 395
845.952 575
846.957 502
847.96 449
848.972 464
849.976 584
850.98 460
851.984 582
852.989 457
853.992 493
854.996 347
856 394
857.004 587
858.008 257
859.012 586
860.016 349
861.02 475
862.024 514
863.028 516
864.035 348
865.036 795
866.04 238
867.045 397
868.05 500
869.053 466
870.057 412
871.061 619
872.065 340
873.069 530
874.074 343
875.077 518
876.081 518
877.091 360
878.094 563
879.102 379
880.105 696
881.109 236
882.113 527
883.117 264
884.121 788
885.121 194
886.125 618
887.129 265
888.133 314
889.137 651
890.141 252
891.146 777
892.149 282
893.155 351
894.157 810
895.161 173
896.166 534
897.169 313
898.174 347
899.2 764
900.201 183
901.205 431
902.21 544
903.213 543
904.217 443
905.228 665
906.229 350
907.234 400
908.237 471
909.242 420
910.246 359
911.25 842
912.254 267
913.258 273
914.262 495
915.266 233
916.27 584
917.274 284
918.278 694
919.282 206
920.286 544
921.29 296
922.294 494
923.298 644
924.302 197
925.306 527
926.311 467
927.314 402
928.321 304
929.322 727
930.327 191
931.33 385
932.334 515
933.338 333
934.342 524
935.346 400
936.35 526
937.354 557
938.358 268
939.362 449
940.366 532
941.37 525
942.375 485
943.378 382
944.382 510
945.386 510
946.39 462
947.394 462
948.398 462
949.402 607
950.406 226
951.411 660
952.415 324
953.418 493
954.422 425
955.426 469
956.43 439
957.437 522
958.439 494
959.443 541
960.447 421
961.451 434
962.455 372
963.459 563
964.463 449
965.467 497
966.471 444
967.475 438
968.479 469
969.483 436
970.487 601
971.491 285
972.495 527
973.499 405
974.503 501
975.507 491
976.511 451
977.515 469
978.519 320
979.523 489
980.527 428
981.531 625
982.535 299
983.539 479
984.543 458
985.547 552
986.554 264
987.555 693
988.56 240
989.563 463
990.567 561
991.571 333
992.576 528
993.579 355
994.583 489
995.587 644
996.591 450
997.595 267
998.6 517
999.604 372
1000.61 486
1001.61 589
1002.62 390
1003.62 439
1004.62 384
1005.63 400
1006.63 629
1007.64 461
1008.64 327
1009.64 425
1010.65 565
1011.65 485
1012.66 446
1013.66 459
1014.66 428
1015.67 492
1016.67 404
1017.68 432
1018.68 362
1019.68 453
1020.69 668
1021.69 215
1022.7 494
1023.7 411
1024.71 400
1025.71 567
1026.72 298
1027.72 575
1028.73 279
1029.73 474
1030.73 441
1031.74 332
1032.74 601
1033.74 331
1034.75 487
1035.75 530
1036.76 523
1037.76 369
1038.76 416
1039.77 570
1040.77 295
1041.78 552
1042.78 295
1043.78 779
1044.79 184
1045.79 391
1046.8 596
1047.8 283
1048.8 492
1049.81 344
1050.81 495
1051.82 450
1052.82 397
1053.82 522
1054.83 456
1055.83 519
1056.84 303
1057.84 467
1058.84 461
1059.85 353
1060.85 554
1061.86 275
1062.86 414
1063.86 543
1064.87 330
1065.87 443
1066.88 541
1067.88 317
1068.88 507
1069.89 385
1070.9 540
1071.9 391
1072.9 461
1073.91 414
1074.92 567
1075.92 347
1076.92 471
1077.92 382
1078.93 509
1079.93 398
1080.94 403
1081.94 592
1082.94 434
1083.95 366
1084.95 474
1085.96 556
1086.96 247
1087.97 478
1088.97 505
1089.97 349
1090.98 443
1091.98 304
1092.98 503
1093.99 346
1094.99 532
1096 374
1097 575
1098 280
1099.01 580
1100.01 345
1101.02 500
1102.02 425
1103.02 397
1104.03 425
1105.03 634
1106.04 272
1107.04 350
1108.04 539
1109.05 219
1110.05 390
1111.06 324
1112.06 680
1113.07 220
1114.07 653
1115.07 257
1116.07 464
1117.08 225
1118.08 529
1119.08 549
1120.09 343
1121.09 308
1122.1 423
1123.1 449
1124.11 353
1125.11 455
1126.11 424
1127.12 386
1128.13 469
1129.13 662
1130.13 222
1131.14 370
1132.14 550
1133.15 389
1134.15 485
1135.15 444
1136.16 430
1137.17 563
1138.17 365
1139.17 482
1140.18 435
1141.18 375
1142.19 494
1143.19 309
1144.2 521
1145.2 466
1146.21 393
1147.21 511
1148.21 391
1149.22 445
1150.22 419
1151.23 501
1152.23 375
1153.23 481
1154.25 354
1155.25 551
1156.25 444
1157.26 416
1158.26 352
1159.27 547
1160.27 264
1161.27 370
1162.28 502
1163.29 376
1164.29 534
1165.29 366
1166.3 577
1167.3 269
1168.31 383
1169.31 463
1170.31 422
1171.32 384
1172.32 457
1173.33 434
1174.33 340
1175.34 534
1176.34 268
1177.34 601
1178.35 205
1179.35 402
1180.35 418
1181.36 584
1182.36 279
1183.37 508
1184.37 368
1185.37 584
1186.38 339
1187.38 378
1188.39 498
1189.39 346
1190.39 466
1191.4 369
1192.4 455
1193.41 455
1194.41 422
1195.41 456
1196.42 391
1197.43 432
1198.43 475
1199.43 458
1200.44 401
1201.45 471
1202.45 363
1203.46 475
1204.46 398
1205.47 317
1206.47 505
1207.47 264
1208.48 335
1209.48 396
1210.49 437
1211.49 435
1212.49 428
1213.5 493
1214.5 382
1215.51 475
1216.51 353
1217.51 465
1218.52 393
1219.52 388
1220.53 496
1221.54 575
1222.54 273
1223.54 516
1224.55 324
1225.55 482
1226.55 366
1227.56 457
1228.57 512
1229.57 273
1230.57 457
1231.58 483
1232.58 523
1233.59 261
1234.59 565
1235.59 288
1236.61 493
1237.61 318
1238.61 553
1239.62 276
1240.62 363
1241.63 486
1242.63 451
1243.64 340
1244.64 460
1245.64 387
1246.65 422
1247.65 429
1248.65 389
1249.66 462
1250.66 407
1251.67 440
1252.67 474
1253.67 317
1254.68 534
1255.69 300
1256.69 453
1257.69 307
1258.7 624
1259.7 250
1260.71 443
1261.71 281
1262.72 494
1263.72 339
1264.73 386
1265.73 510
1266.73 350
1267.75 472
1268.75 540
1269.75 385
1270.77 576
1271.77 251
1272.77 480
1273.78 326
1274.78 410
1275.79 508
1276.79 402
1277.79 504
1278.81 340
1279.81 395
