# timestamp	memory footprint (MB)\n
-283.166 0
-282.16 0
-267.948 0
-266.394 0
-262.438 0
-261.398 0
-260.356 0
-259.24 0
-258.236 0
-257.232 0
-256.183 0
-255.18 0
-253.333 0
-252.195 0
-251.164 0
-250.162 0
-248.096 0
-247.001 0
-245.899 0
-244.844 0
-243.835 0
-240.411 0
-239.396 0
-238.382 0
-236.824 0
-232.885 0
-231.88 0
-230.872 0
-228.744 0
-227.739 0
-226.733 0
-225.722 0
-222.998 0
-221.99 0
-220.985 0
-219.983 0
-218.98 0
-215.533 0
-214.529 0
-213.515 0
-212.499 0
-208.055 0
-207.045 0
-206.044 0
-203.342 0
-202.328 0
-201.316 0
-198.754 0
-197.747 0
-196.732 0
-193.274 0
-192.269 0
-191.27 0
-190.266 0
-189.268 0
-185.368 0
-184.368 0
-183.368 0
-181.32 0
-180.322 0
-179.316 0
-178.315 0
-176.311 0
-175.3 0
-174.299 0
-173.288 0
-170.438 0
-169.428 0
-168.429 0
-167.426 0
-164.62 0
-163.618 0
-162.616 0
-161.61 0
-158.808 0
-157.799 0
-156.8 0
-155.8 0
-152.029 0
-151.032 0
-150.033 0
-149.028 0
-146.211 0
-145.211 0
-144.208 0
-143.202 0
-140.622 0
-139.625 0
-138.625 0
-134.91 0
-133.914 0
-132.913 0
-131.914 0
-129.929 0
-128.916 0
-125.879 0
-124.882 0
-123.881 0
-119.851 0
-118.848 0
-117.848 0
-116.839 0
-115.836 0
-112.947 0
-111.937 0
-110.939 0
-109.044 0
-108.046 0
-107.042 0
-103.36 0
-102.35 0
-101.346 0
-100.34 0
-97.3534 0
-96.3544 0
-95.3488 0
-94.3494 0
-91.454 0
-90.4553 0
-87.4486 0
-86.4514 0
-85.4447 0
-81.4368 0
-80.4385 0
-79.4396 0
-78.4393 0
-74.7463 0
-73.7459 0
-72.7459 0
-70.9627 0
-69.9086 0
-65.5334 0
-64.5309 0
-63.5195 0
-62.5157 0
-59.5227 0
-58.5101 0
-57.5072 0
-54.4642 0
-53.4576 0
-52.4547 0
-51.4499 0
-47.6418 0
-46.6319 0
-45.6284 0
-43.5162 0
-42.5115 0
-41.509 0
-40.5048 0
-36.6714 0
-35.6593 0
-34.6482 0
-33.6394 0
-32.6185 0
-28.6158 0
-27.6086 0
-26.6045 0
-24.4866 0
-23.4811 0
-22.4794 0
-19.3842 0
-18.3803 0
-17.3687 0
-16.2246 0
-15.2241 0
-14.2193 0
-13.2155 0
-12.1945 0
-11.1921 0
-10.1677 0
-9.16396 0
-8.1599 0
-7.15588 0
-6.15182 0
-5.04378 0
-3.16719 0
-2.16348 0
-1.15967 0
7.50515 0
8.50868 0
9.5127 0
10.5368 0
11.5407 0
12.5448 0
13.5488 0
14.5528 0
15.5569 0
16.5609 0
17.5649 0
18.565 0
19.569 0
20.573 0
21.5891 0
22.593 0
23.6011 0
24.6051 0
25.6091 0
26.6131 0
27.6171 0
28.6212 0
29.6252 0
30.6292 0
31.6332 0
32.6372 0
33.6413 0
34.6453 0
35.6493 0
36.6533 0
37.6573 0
38.6613 0
39.6654 0
40.6694 0
41.6734 0
42.6774 0
43.6814 0
44.6854 0
45.6895 0
46.6942 0
47.6975 0
48.7015 0
49.7136 0
50.7175 0
51.7215 0
52.7268 0
53.7295 0
54.7336 0
55.7376 0
56.7416 0
57.7456 0
58.7496 0
59.7536 0
60.7576 0
61.7616 0
62.7656 0
63.7696 0
64.7817 0
65.7856 0
66.7896 0
67.7936 0
68.7977 0
69.8018 0
70.8057 0
71.8097 0
72.8137 0
73.8177 0
74.8217 0
75.8257 0
76.8297 0
77.8337 0
78.8381 0
79.8417 0
80.8457 0
81.8497 0
82.8544 0
83.8578 0
84.8617 0
85.8657 0
86.8697 0
87.8738 0
88.8793 0
89.8843 0
90.8858 0
91.8898 0
92.8938 0
93.8978 0
94.9018 0
95.9058 0
96.9098 0
97.9138 0
98.9178 0
99.9219 0
100.926 0
101.93 0
102.935 0
103.938 0
104.942 0
105.946 0
106.95 0
107.954 0
108.958 0
109.962 0
110.966 0
111.97 0
112.97 0
113.974 0
114.978 0
115.978 0
116.978 0
117.982 0
118.982 0
119.982 0
120.982 0
121.982 0
122.982 0
123.983 0
124.982 0
125.982 0
126.982 0
127.982 0
128.982 0
130.042 0
131.042 0
132.043 0
133.042 0
134.042 0
135.042 0
136.042 0
137.042 0
138.042 0
139.042 0
140.046 0
141.046 0
142.046 0
143.046 0
144.046 0
145.046 0
146.046 0
147.046 0
148.046 0
149.046 0
150.046 0
151.046 0
152.046 0
153.046 0
154.046 0
155.046 0
156.046 0
157.046 0
158.046 0
159.046 0
160.046 0
161.046 0
162.046 0
163.046 0
164.046 0
165.046 0
166.046 0
167.046 0
168.046 0
169.046 0
170.046 0
171.046 0
172.046 0
173.046 0
174.046 0
175.046 0
176.046 0
177.046 0
178.046 0
179.046 0
180.05 0
181.05 0
182.05 0
183.05 0
184.05 0
185.05 0
186.054 0
187.05 0
188.05 0
189.05 0
190.05 0
191.05 0
192.054 0
193.058 0
194.062 0
195.066 0
196.07 0
197.074 0
198.078 0
199.082 0
200.086 0
201.09 0
202.094 0
203.098 0
204.102 0
205.107 0
206.11 0
207.115 0
208.118 0
209.122 0
210.126 0
211.13 0
212.135 0
213.138 0
214.143 0
215.147 0
216.151 0
217.155 0
218.159 0
219.166 0
220.167 0
221.171 0
222.175 0
223.179 0
224.183 0
225.188 0
226.191 0
227.195 0
228.199 0
229.203 0
230.207 0
231.211 0
232.215 0
233.219 0
234.223 0
235.227 0
236.231 0
237.235 0
238.239 0
239.243 0
240.247 0
241.251 0
242.256 0
243.26 0
244.264 0
245.268 0
246.272 0
247.276 0
248.28 0
249.284 0
250.291 0
251.292 0
252.302 0
253.304 0
254.308 0
255.312 0
256.32 0
257.32 0
258.324 0
259.328 0
260.332 0
261.336 0
262.34 0
263.344 0
264.349 0
265.352 0
266.356 0
267.36 0
268.364 0
269.368 0
270.372 0
271.376 0
272.38 0
273.384 0
274.388 0
275.392 0
276.396 0
277.4 0
278.405 0
279.409 0
280.413 0
281.417 0
282.421 0
283.425 0
284.429 0
285.433 0
286.437 0
287.441 0
288.445 0
289.449 0
290.453 0
291.457 0
292.461 0
293.465 0
294.469 0
295.473 0
296.477 0
297.481 0
298.485 0
299.49 0
300.496 0
301.493 0
302.497 0
303.507 0
304.509 0
305.513 0
306.517 0
307.521 0
308.525 0
309.529 0
310.533 0
311.537 0
312.541 0
313.549 0
314.556 0
315.557 0
316.561 0
317.565 0
318.57 0
319.576 0
320.577 0
321.583 0
322.585 0
323.589 0
324.593 0
325.597 0
326.601 0
327.605 0
328.609 0
329.616 0
330.618 0
331.621 0
332.626 0
333.629 0
334.633 0
335.637 0
336.642 0
337.646 0
338.65 0
339.654 0
340.658 0
341.662 0
342.666 0
343.67 0
344.686 0
345.69 0
346.694 0
347.698 0
348.702 0
349.706 0
350.71 0
351.714 0
352.718 0
353.722 0
354.726 0
355.73 0
356.734 0
357.738 0
358.742 0
359.75 0
360.754 0
361.758 0
362.762 0
363.767 0
364.77 0
365.774 0
366.779 0
367.782 0
368.786 0
369.79 0
370.794 0
371.798 0
372.802 0
373.806 1
374.81 0
375.814 0
376.818 0
377.822 0
378.826 0
379.83 0
380.834 0
381.838 0
382.842 0
383.846 0
384.85 0
385.856 3
386.858 0
387.862 0
388.866 0
389.87 0
390.875 0
391.879 0
392.883 1
393.888 0
394.89 0
395.894 0
396.898 0
397.902 3
398.909 0
399.91 0
400.914 1
401.919 0
402.922 2
403.939 9
404.943 3
405.946 0
406.95 0
407.954 0
408.958 0
409.962 0
410.966 0
411.97 1
412.974 0
413.978 0
414.982 0
415.987 3
416.99 10
417.995 8
418.999 6
420.003 0
421.006 0
422.01 0
423.014 0
424.018 0
425.022 0
426.035 0
427.038 0
428.057 2
429.059 12
430.063 20
431.066 12
432.077 8
433.079 5
434.083 5
435.086 0
436.09 0
437.094 0
438.099 0
439.102 0
440.107 0
441.11 0
442.114 0
443.123 0
444.127 0
445.131 4
446.135 5
447.139 2
448.143 0
449.147 0
450.151 0
451.155 0
452.159 4
453.163 14
454.167 23
455.171 17
456.177 14
457.179 12
458.184 8
459.187 9
460.191 3
461.195 0
462.199 0
463.203 0
464.207 0
465.211 0
466.215 0
467.219 0
468.223 0
469.227 0
470.231 0
471.235 0
472.239 0
473.254 8
474.255 17
475.259 7
476.263 1
477.267 0
478.271 0
479.275 0
480.279 0
481.283 0
482.287 0
483.291 0
484.295 4
485.299 15
486.341 23
487.351 16
488.351 9
489.355 5
490.36 0
491.363 0
492.367 0
493.371 0
494.375 0
495.379 0
496.383 0
497.389 4
498.391 15
499.396 12
500.399 7
501.403 0
502.407 0
503.411 0
504.415 0
505.419 0
506.424 0
507.427 0
508.431 4
509.436 15
510.439 10
511.443 5
512.447 0
513.455 0
514.46 0
515.463 0
516.467 0
517.471 0
518.475 4
519.479 0
520.484 0
521.506 5
522.512 7
523.515 0
524.519 1
525.523 2
526.527 10
527.531 3
528.535 0
529.54 0
530.543 0
531.547 0
532.551 1
533.555 7
534.559 14
535.563 4
536.571 0
537.575 0
538.579 0
539.583 0
540.587 0
541.627 6
542.631 12
543.635 0
544.639 0
545.643 0
546.647 0
547.651 6
548.655 2
549.659 0
550.664 0
551.667 6
552.671 3
553.675 0
554.679 0
555.683 3
556.687 10
557.737 18
558.739 3
559.743 0
560.747 0
561.751 0
562.755 0
563.765 0
564.767 1
565.771 0
566.775 0
567.779 2
568.783 10
569.787 3
570.791 0
571.795 0
572.799 0
573.803 5
574.807 0
575.811 0
576.823 7
577.827 1
578.831 0
579.835 4
580.839 0
581.882 5
582.883 0
583.887 1
584.901 0
585.903 3
586.907 0
587.911 3
588.915 0
589.919 0
590.923 0
591.935 4
592.939 0
593.944 4
594.948 0
595.951 3
596.959 0
597.963 2
598.967 9
599.971 0
600.975 1
601.979 0
602.983 3
603.987 0
604.991 2
605.997 1
606.999 0
608.003 2
609.007 0
610.011 3
611.015 4
612.019 0
613.023 0
614.028 5
615.031 0
616.035 0
617.039 3
618.043 0
619.048 0
620.051 2
621.055 0
622.059 1
623.063 0
624.067 0
625.071 1
626.075 0
627.079 0
628.083 2
629.093 0
630.095 2
631.099 0
632.107 0
633.107 3
634.116 9
635.121 0
636.123 0
637.127 0
638.131 2
639.135 0
640.139 0
641.143 0
642.147 0
643.151 7
644.155 0
645.159 0
646.163 0
647.168 4
648.171 0
649.175 0
650.179 1
651.183 0
652.187 0
653.188 0
654.191 0
655.196 6
656.199 0
657.203 0
658.207 3
659.207 0
660.211 0
661.216 3
662.22 0
663.224 1
664.223 0
665.227 3
666.233 0
667.235 1
668.235 0
669.239 0
670.244 1
671.247 9
672.247 0
673.251 0
674.255 0
675.255 6
676.259 0
677.263 0
678.263 0
679.267 2
680.271 0
681.271 0
682.275 2
683.275 0
684.28 5
685.283 0
686.283 0
687.287 2
688.287 1
689.291 0
690.291 3
691.298 0
692.295 0
693.3 4
694.303 10
695.303 0
696.307 0
697.312 1
698.316 3
699.315 10
700.319 2
701.323 0
702.323 0
703.327 0
704.331 0
705.336 1
706.343 0
707.347 0
708.351 4
709.355 0
710.36 1
711.363 0
712.367 0
713.377 2
714.379 0
715.389 2
716.392 2
717.395 0
718.4 3
719.404 0
720.413 0
721.416 0
722.42 0
723.424 4
724.428 0
725.432 0
726.436 3
727.441 0
728.445 1
729.449 1
730.452 0
731.456 2
732.46 0
733.465 0
734.468 0
735.473 1
736.476 0
737.48 0
738.484 0
739.489 1
740.493 2
741.497 1
742.501 0
743.506 0
744.509 0
745.513 0
746.517 0
747.521 0
748.525 1
749.529 0
750.533 0
751.538 0
752.541 1
753.545 0
754.545 1
755.549 4
756.553 0
757.557 0
758.563 3
759.565 0
760.569 0
761.573 3
762.577 1
763.581 0
764.586 2
765.589 2
766.593 0
767.598 0
768.602 4
769.606 0
770.61 0
771.614 1
772.618 2
773.622 0
774.626 0
775.63 1
776.634 0
777.638 0
778.642 3
779.646 0
780.65 0
781.654 0
782.658 0
783.662 0
784.675 0
785.678 0
786.682 0
787.686 0
788.69 1
789.694 0
790.698 1
791.702 0
792.706 0
793.71 0
794.714 0
795.72 5
796.722 0
797.727 0
798.731 0
799.739 2
800.745 0
801.753 2
802.755 0
803.759 3
804.769 1
805.779 0
806.787 0
807.787 2
808.791 0
809.8 0
810.804 2
811.809 0
812.811 2
813.815 1
814.819 0
815.823 0
816.827 0
817.831 2
818.837 0
819.839 0
820.843 0
821.847 0
822.851 0
823.856 0
824.859 0
825.863 0
826.868 0
827.871 0
828.876 0
829.879 0
830.884 0
831.888 0
832.895 0
833.901 1
834.904 0
835.908 0
836.914 3
837.916 0
838.92 0
839.924 0
840.928 1
841.937 0
842.94 0
843.944 0
844.948 1
845.952 1
846.957 1
847.96 0
848.972 0
849.976 1
850.98 0
851.984 2
852.989 1
853.992 0
854.996 0
856 0
857.004 0
858.008 0
859.012 0
860.016 1
861.02 0
862.024 0
863.028 0
864.035 0
865.036 0
866.04 0
867.045 0
868.05 0
869.053 1
870.057 0
871.061 0
872.065 0
873.069 0
874.074 0
875.077 0
876.081 0
877.091 0
878.094 1
879.102 0
880.105 4
881.109 0
882.113 1
883.117 0
884.121 5
885.121 0
886.125 3
887.129 0
888.133 0
889.137 3
890.141 0
891.146 4
892.149 0
893.155 0
894.157 4
895.161 0
896.166 2
897.169 0
898.174 0
899.2 4
900.201 0
901.205 0
902.21 1
903.213 0
904.217 0
905.228 3
906.229 0
907.234 1
908.237 0
909.242 1
910.246 0
911.25 4
912.254 0
913.258 0
914.262 0
915.266 0
916.27 0
917.274 0
918.278 4
919.282 0
920.286 1
921.29 0
922.294 0
923.298 1
924.302 0
925.306 0
926.311 1
927.314 0
928.321 0
929.322 1
930.327 0
931.33 0
932.334 0
933.338 0
934.342 0
935.346 0
936.35 0
937.354 0
938.358 0
939.362 0
940.366 0
941.37 0
942.375 0
943.378 0
944.382 0
945.386 0
946.39 0
947.394 0
948.398 1
949.402 3
950.406 0
951.411 3
952.415 0
953.418 1
954.422 1
955.426 0
956.43 0
957.437 0
958.439 0
959.443 2
960.447 1
961.451 1
962.455 0
963.459 0
964.463 0
965.467 1
966.471 0
967.475 0
968.479 1
969.483 1
970.487 0
971.491 0
972.495 1
973.499 0
974.503 0
975.507 1
976.511 0
977.515 1
978.519 0
979.523 0
980.527 0
981.531 1
982.535 0
983.539 0
984.543 1
985.547 1
986.554 0
987.555 3
988.56 0
989.563 0
990.567 2
991.571 0
992.576 1
993.579 0
994.583 0
995.587 3
996.591 2
997.595 0
998.6 2
999.604 0
1000.61 0
1001.61 2
1002.62 0
1003.62 1
1004.62 0
1005.63 0
1006.63 1
1007.64 1
1008.64 0
1009.64 0
1010.65 0
1011.65 0
1012.66 0
1013.66 0
1014.66 0
1015.67 0
1016.67 0
1017.68 0
1018.68 0
1019.68 0
1020.69 1
1021.69 0
1022.7 1
1023.7 0
1024.71 0
1025.71 0
1026.72 0
1027.72 0
1028.73 0
1029.73 0
1030.73 1
1031.74 0
1032.74 1
1033.74 0
1034.75 0
1035.75 0
1036.76 1
1037.76 0
1038.76 0
1039.77 0
1040.77 0
1041.78 0
1042.78 0
1043.78 1
1044.79 0
1045.79 0
1046.8 3
1047.8 0
1048.8 1
1049.81 0
1050.81 1
1051.82 1
1052.82 0
1053.82 1
1054.83 1
1055.83 1
1056.84 0
1057.84 0
1058.84 1
1059.85 0
1060.85 1
1061.86 0
1062.86 0
1063.86 1
1064.87 0
1065.87 0
1066.88 1
1067.88 1
1068.88 1
1069.89 1
1070.9 2
1071.9 1
1072.9 1
1073.91 1
1074.92 2
1075.92 1
1076.92 1
1077.92 0
1078.93 0
1079.93 0
1080.94 0
1081.94 0
1082.94 1
1083.95 0
1084.95 0
1085.96 2
1086.96 0
1087.97 0
1088.97 2
1089.97 0
1090.98 0
1091.98 0
1092.98 0
1093.99 0
1094.99 0
1096 0
1097 0
1098 0
1099.01 0
1100.01 0
1101.02 1
1102.02 0
1103.02 1
1104.03 0
1105.03 3
1106.04 1
1107.04 1
1108.04 0
1109.05 0
1110.05 0
1111.06 0
1112.06 0
1113.07 0
1114.07 0
1115.07 0
1116.07 0
1117.08 0
1118.08 0
1119.08 2
1120.09 0
1121.09 0
1122.1 0
1123.1 1
1124.11 0
1125.11 0
1126.11 0
1127.12 0
1128.13 0
1129.13 3
1130.13 0
1131.14 0
1132.14 1
1133.15 0
1134.15 0
1135.15 0
1136.16 0
1137.17 2
1138.17 0
1139.17 1
1140.18 1
1141.18 0
1142.19 0
1143.19 0
1144.2 0
1145.2 0
1146.21 0
1147.21 1
1148.21 0
1149.22 1
1150.22 1
1151.23 1
1152.23 0
1153.23 1
1154.25 0
1155.25 1
1156.25 0
1157.26 0
1158.26 0
1159.27 0
1160.27 0
1161.27 0
1162.28 0
1163.29 0
1164.29 0
1165.29 1
1166.3 0
1167.3 0
1168.31 0
1169.31 0
1170.31 0
1171.32 0
1172.32 0
1173.33 0
1174.33 0
1175.34 1
1176.34 0
1177.34 0
1178.35 0
1179.35 0
1180.35 0
1181.36 2
1182.36 0
1183.37 1
1184.37 0
1185.37 1
1186.38 0
1187.38 1
1188.39 1
1189.39 0
1190.39 1
1191.4 0
1192.4 0
1193.41 1
1194.41 1
1195.41 1
1196.42 1
1197.43 0
1198.43 0
1199.43 1
1200.44 0
1201.45 1
1202.45 0
1203.46 1
1204.46 0
1205.47 0
1206.47 0
1207.47 0
1208.48 0
1209.48 0
1210.49 0
1211.49 0
1212.49 0
1213.5 0
1214.5 0
1215.51 0
1216.51 0
1217.51 0
1218.52 0
1219.52 0
1220.53 0
1221.54 0
1222.54 0
1223.54 0
1224.55 0
1225.55 0
1226.55 0
1227.56 0
1228.57 2
1229.57 0
1230.57 0
1231.58 1
1232.58 2
1233.59 0
1234.59 3
1235.59 0
1236.61 2
1237.61 0
1238.61 2
1239.62 0
1240.62 0
1241.63 0
1242.63 0
1243.64 0
1244.64 0
1245.64 0
1246.65 0
1247.65 1
1248.65 0
1249.66 0
1250.66 1
1251.67 0
1252.67 0
1253.67 0
1254.68 1
1255.69 0
1256.69 0
1257.69 0
1258.7 0
1259.7 0
1260.71 1
1261.71 0
1262.72 0
1263.72 0
1264.73 0
1265.73 0
1266.73 0
1267.75 0
1268.75 0
1269.75 0
1270.77 3
1271.77 0
1272.77 0
1273.78 0
1274.78 0
1275.79 1
1276.79 0
1277.79 0
1278.81 0
