# timestamp	utilization (%) \n
-247.715 4
-232.87 8
-218.761 13
-198.331 17
-180.409 22
-164.61 27
-150.275 30
-134.892 35
-119.837 39
-103.341 43
-87.4299 47
-73.1972 52
-53.5475 56
-36.6525 61
-22.2637 65
-16.2198 66
-11.2029 67
7.70865 67
12.7652 68
17.7889 68
22.8715 69
27.8788 70
32.8946 70
37.8978 71
42.917 71
47.9589 72
52.9909 73
58.0313 73
63.1262 74
68.1582 75
73.2608 75
78.2808 76
83.3607 77
88.4719 77
93.533 76
98.5531 76
103.645 76
108.674 76
113.712 76
118.746 76
123.885 76
128.892 76
134.067 76
139.091 76
144.177 76
149.269 76
154.279 76
159.34 76
164.391 76
169.506 75
174.518 75
179.522 75
184.526 75
189.604 75
194.655 75
199.781 74
204.838 74
210.015 74
215.078 74
220.121 74
225.177 74
230.235 74
235.254 74
240.441 73
245.452 73
250.521 73
255.671 73
260.699 73
265.725 73
270.903 73
275.954 72
281.016 72
286.061 72
291.263 72
296.352 72
301.489 72
306.702 71
311.904 71
316.932 71
321.952 71
327.062 71
332.13 70
337.273 70
342.278 70
347.333 70
352.406 70
357.522 69
362.641 69
367.708 69
372.788 69
377.943 69
383.331 68
388.366 68
393.377 68
398.428 67
403.965 67
409.156 67
414.259 67
419.787 68
424.8 67
430.511 67
435.579 67
440.725 67
445.749 67
450.858 67
456.177 68
461.262 67
466.314 67
471.632 67
476.671 67
481.824 67
486.835 67
491.993 67
499.033 67
504.126 66
509.972 66
515.157 66
520.299 66
526.764 66
532.02 65
537.162 65
542.496 65
547.733 64
552.743 64
557.848 64
562.886 63
569.157 63
574.254 63
579.806 63
584.842 62
590.133 62
595.14 62
600.203 61
605.47 61
610.691 61
615.806 61
620.967 60
626.026 60
631.085 60
636.095 60
641.259 59
646.966 59
652.09 59
657.128 59
662.294 58
667.922 58
672.936 58
678.027 57
683.083 57
688.095 57
694.244 57
699.547 57
705.048 56
710.236 56
715.424 56
720.548 55
725.701 55
730.709 55
736.045 55
741.073 55
746.279 54
751.399 54
756.454 54
762.047 54
767.142 53
772.536 53
778.297 53
783.586 53
788.596 52
793.705 52
798.793 52
803.858 52
809.273 51
814.365 51
819.603 51
824.618 50
829.726 50
834.978 50
840.085 50
845.098 50
850.386 49
855.608 49
860.627 49
865.749 48
871.001 48
876.001 48
881.063 48
886.356 48
891.36 47
896.448 47
901.599 47
906.687 46
911.704 46
916.769 46
921.789 46
926.946 46
931.997 45
937.215 45
942.334 45
947.52 45
952.716 44
957.893 44
962.942 44
968.249 44
973.251 43
978.412 43
983.459 43
988.464 43
993.745 42
998.953 42
1004.08 42
1009.26 42
1014.27 42
1019.51 41
1024.69 41
1029.78 41
1034.92 41
1040.11 40
1045.53 40
1050.53 40
1055.61 40
1060.65 40
1065.69 39
1070.92 39
1076.15 39
1081.38 39
1086.46 38
1091.48 38
1096.87 38
1101.95 38
1107.58 38
1112.68 37
1117.88 37
1123.33 37
1128.34 37
1133.69 37
1138.99 36
1144.15 36
1149.46 36
1154.48 36
1159.49 35
1164.56 35
1169.94 35
1175.03 35
1180.12 35
1185.15 35
1190.27 34
1195.63 34
1200.92 34
1205.94 34
1211.04 33
1216.1 33
1221.47 33
1226.58 33
1231.66 33
1236.67 32
1241.78 32
1246.84 32
1251.84 32
1257.07 32
1262.25 31
1267.45 31
1272.45 31
1277.71 31
