# timestamp	utilization (%) \n
-262.438 0
-257.232 0
-251.164 0
-244.844 0
-236.824 0
-227.739 0
-220.985 0
-213.515 0
-203.342 0
-196.732 0
-189.268 0
-180.322 0
-174.299 0
-167.426 0
-158.808 0
-151.032 0
-144.208 0
-134.91 0
-128.916 0
-118.848 0
-111.937 0
-103.36 0
-96.3544 0
-87.4486 0
-79.4396 0
-70.9627 0
-62.5157 0
-53.4576 0
-45.6284 0
-36.6714 0
-28.6158 0
-22.4794 0
-15.2241 0
-10.1677 0
-5.04378 0
8.50868 0
13.5488 0
18.565 0
23.6011 0
28.6212 0
33.6413 0
38.6613 0
43.6814 0
48.7015 0
53.7295 0
58.7496 0
63.7696 0
68.7977 0
73.8177 0
78.8381 0
83.8578 0
88.8793 0
93.8978 0
98.9178 0
103.938 0
108.958 0
113.974 0
118.982 0
123.983 0
128.982 0
134.042 0
139.042 0
144.046 0
149.046 1
154.046 1
159.046 1
164.046 1
169.046 1
174.046 1
179.046 1
184.05 1
189.05 1
194.062 2
199.082 2
204.102 2
209.122 2
214.143 2
219.166 2
224.183 2
229.203 2
234.223 3
239.243 3
244.264 3
249.284 3
254.308 3
259.328 3
264.349 3
269.368 3
274.388 4
279.409 4
284.429 4
289.449 4
294.469 4
299.49 4
304.509 4
309.529 5
314.556 5
319.576 5
324.593 5
329.616 5
334.633 5
339.654 5
344.686 6
349.706 6
354.726 6
359.75 6
364.77 6
369.79 6
374.81 7
379.83 7
384.85 7
389.87 7
394.89 8
399.91 8
404.943 8
409.962 8
414.982 8
420.003 8
425.022 8
430.063 9
435.086 8
440.107 8
445.131 8
450.151 8
455.171 9
460.191 8
465.211 8
470.231 8
475.259 8
480.279 8
485.299 9
490.36 9
495.379 9
500.399 9
505.419 9
510.439 10
515.463 10
520.484 10
525.523 10
530.543 10
535.563 10
540.587 11
545.643 11
550.664 11
555.683 11
560.747 12
565.771 12
570.791 12
575.811 12
580.839 12
585.903 13
590.923 13
595.951 13
600.975 14
605.997 14
611.015 14
616.035 14
621.055 14
626.075 15
631.099 15
636.123 15
641.143 15
646.163 16
651.183 16
656.199 16
661.216 16
666.233 17
671.247 17
676.259 17
681.271 17
686.283 18
691.298 18
696.307 18
701.323 18
706.343 18
711.363 19
716.392 19
721.416 19
726.436 19
731.456 20
736.476 20
741.497 20
746.517 20
751.538 20
756.553 21
761.573 21
766.593 21
771.614 21
776.634 22
781.654 22
786.682 22
791.702 22
796.722 22
801.753 23
806.787 23
811.809 23
816.827 23
821.847 23
826.868 24
831.888 24
836.914 24
841.937 24
846.957 25
851.984 25
857.004 25
862.024 25
867.045 26
872.065 26
877.091 26
882.113 26
887.129 27
892.149 27
897.169 27
902.21 27
907.234 27
912.254 28
917.274 28
922.294 28
927.314 28
932.334 28
937.354 29
942.375 29
947.394 29
952.415 29
957.437 30
962.455 30
967.475 30
972.495 30
977.515 30
982.535 31
987.556 31
992.576 31
997.595 31
1002.62 31
1007.64 32
1012.66 32
1017.68 32
1022.7 32
1027.72 32
1032.74 33
1037.76 33
1042.78 33
1047.8 33
1052.82 33
1057.84 34
1062.86 34
1067.88 34
1072.9 34
1077.92 34
1082.94 35
1087.97 35
1092.98 35
1098 35
1103.02 35
1108.04 36
1113.07 36
1118.08 36
1123.1 36
1128.13 36
1133.15 37
1138.17 37
1143.19 37
1148.21 37
1153.23 37
1158.26 38
1163.29 38
1168.31 38
1173.33 38
1178.35 38
1183.37 39
1188.39 39
1193.41 39
1198.43 39
1203.46 39
1208.48 39
1213.5 40
1218.52 40
1223.54 40
1228.57 40
1233.59 40
1238.61 41
1243.64 41
1248.65 41
1253.67 41
1258.7 41
1263.72 41
1268.75 42
1273.78 42
1278.81 42
