# timestamp	GC Total Latency (msec)		Read Latency (msec)	Write Latency (msec)\n
349.059 0 0 0
350.063 0 0 0
351.145 0 0 0
352.148 0 0 0
353.152 0 0 0
354.156 0 0 0
356.268 0 0 0
357.272 0 0 0
358.487 0 0 0
359.488 90 40 50
360.493 1038 461 582
361.496 1635 723 922
362.5 2192 967 1238
364.143 2207 974 1246
365.145 2491 1097 1409
366.149 2786 1227 1577
367.154 2966 1301 1683
368.157 3152 1381 1791
369.161 3349 1467 1903
370.165 3544 1551 2015
371.212 3756 1644 2136
372.71 3768 1647 2145
373.714 3904 1706 2222
374.717 3980 1739 2265
375.721 4066 1775 2316
376.73 4147 1810 2363
377.734 4264 1861 2430
378.738 4329 1887 2469
379.741 4410 1923 2514
381.106 4439 1935 2531
382.11 4487 1957 2558
383.111 4557 1987 2598
384.114 4599 2005 2623
385.118 4658 2030 2657
386.122 4686 2042 2673
387.126 4710 2052 2687
388.13 4746 2067 2708
389.135 4796 2089 2738
390.16 4822 2100 2752
391.163 4849 2112 2768
392.185 4872 2122 2782
393.186 4905 2135 2801
394.21 4933 2147 2817
395.21 4966 2161 2836
396.214 5006 2179 2860
397.218 5025 2186 2871
398.222 5053 2198 2888
399.604 5078 2208 2902
400.607 5095 2215 2912
401.61 5128 2229 2932
402.614 5147 2237 2943
403.619 5178 2250 2961
404.623 5189 2254 2968
405.63 5197 2257 2973
406.632 5226 2270 2990
407.635 5242 2276 3000
408.852 5263 2284 3012
409.856 5276 2289 3020
410.86 5293 2296 3031
411.863 5319 2307 3046
412.867 5331 2311 3054
413.871 5355 2321 3068
414.875 5362 2324 3073
415.88 5384 2334 3086
416.884 5401 2340 3096
418.07 5403 2341 3097
419.071 5419 2347 3107
420.075 5426 2350 3111
421.08 5443 2357 3121
422.084 5457 2363 3130
423.088 5473 2369 3139
424.092 5493 2377 3151
425.096 5492 2376 3152
426.1 5510 2383 3162
427.103 5520 2387 3168
428.108 5537 2394 3179
429.111 5555 2401 3190
430.117 5560 2403 3194
431.12 5578 2410 3204
432.124 5584 2412 3208
433.128 5601 2419 3219
435.247 5599 2417 3218
436.249 5613 2423 3227
437.252 5624 2427 3233
438.256 5640 2434 3243
439.26 5643 2435 3245
440.264 5658 2441 3254
441.268 5662 2442 3257
442.272 5673 2446 3264
444.065 5686 2451 3272
445.068 5692 2453 3276
446.073 5701 2457 3281
447.076 5708 2460 3286
448.08 5719 2464 3293
449.085 5732 2469 3301
450.088 5744 2473 3308
451.092 5743 2472 3309
452.107 5756 2477 3317
453.577 5761 2479 3321
454.581 5769 2482 3326
455.584 5780 2486 3332
456.616 5787 2488 3337
457.621 5796 2491 3343
458.625 5804 2494 3348
459.629 5816 2498 3355
460.655 5828 2503 3363
461.657 5826 2501 3363
462.699 5838 2506 3370
463.701 5845 2508 3375
464.704 5857 2513 3383
465.709 5863 2515 3386
466.713 5874 2519 3394
467.717 5875 2519 3395
468.721 5886 2523 3402
469.725 5891 2525 3405
471.457 5896 2527 3408
472.461 5902 2529 3412
473.465 5909 2531 3417
474.469 5920 2535 3424
475.473 5922 2535 3425
476.477 5932 2539 3432
477.481 5936 2540 3435
478.485 5943 2543 3440
479.489 5954 2547 3446
480.614 5957 2548 3449
481.617 5962 2550 3452
482.621 5967 2551 3456
483.624 5975 2554 3461
484.629 5982 2556 3466
485.634 5991 2559 3472
486.637 5999 2562 3477
487.641 6002 2562 3480
488.672 6011 2566 3486
489.673 6017 2567 3489
490.677 6019 2568 3491
491.681 6027 2571 3496
492.685 6033 2572 3500
493.689 6039 2574 3505
494.694 6045 2576 3509
495.697 6054 2579 3515
496.701 6063 2582 3521
497.705 6067 2583 3524
498.772 6077 2586 3531
499.998 6081 2588 3534
501.001 6084 2589 3536
502.007 6091 2591 3541
503.009 6096 2593 3544
504.014 6100 2594 3547
505.018 6107 2596 3551
506.021 6108 2596 3553
507.026 6115 2598 3557
508.029 6121 2601 3561
509.034 6124 2601 3564
510.037 6130 2603 3568
511.041 6137 2606 3572
512.045 6138 2606 3573
513.05 6145 2608 3577
514.053 6151 2611 3582
515.057 6152 2610 3583
516.061 6158 2612 3587
517.065 6165 2615 3591
518.07 6165 2615 3592
519.073 6172 2617 3596
520.151 6178 2619 3601
521.155 6181 2619 3602
522.159 6187 2622 3607
523.168 6189 2622 3608
524.169 6195 2624 3612
525.175 6202 2626 3617
526.177 6204 2627 3618
527.181 6211 2629 3623
528.185 6216 2631 3627
529.189 6219 2632 3629
530.193 6227 2634 3634
531.198 6229 2634 3636
533.381 6235 2636 3640
534.387 6240 2638 3644
535.427 6245 2639 3647
536.431 6253 2642 3653
537.43 6258 2643 3656
538.433 6264 2645 3661
539.434 6273 2648 3667
540.433 6273 2647 3667
541.433 6279 2649 3672
542.433 6283 2650 3675
543.433 6287 2651 3678
544.433 6294 2653 3682
545.434 6302 2656 3688
546.482 6310 2659 3694
547.481 6312 2659 3696
548.488 6321 2661 3701
549.486 6324 2662 3704
550.485 6332 2665 3709
551.485 6336 2666 3712
552.623 6339 2667 3714
553.621 6344 2668 3718
554.621 6350 2670 3722
555.622 6356 2671 3727
556.622 6364 2674 3732
557.621 6365 2674 3734
558.621 6373 2677 3739
559.621 6377 2678 3742
560.622 6385 2680 3747
561.621 6390 2681 3751
562.622 6393 2682 3753
563.621 6398 2683 3757
564.621 6406 2686 3762
565.642 6413 2688 3768
566.641 6416 2689 3770
567.651 6425 2692 3776
568.649 6427 2692 3778
569.649 6435 2695 3784
570.649 6438 2695 3786
571.954 6445 2697 3790
572.954 6449 2698 3794
573.953 6455 2700 3798
574.953 6463 2702 3804
575.954 6466 2703 3806
576.953 6473 2705 3812
577.953 6478 2706 3815
579.185 6484 2708 3819
580.185 6489 2710 3823
581.185 6495 2711 3827
582.185 6500 2713 3831
583.185 6506 2714 3835
584.185 6512 2716 3839
585.185 6518 2717 3844
586.185 6526 2720 3850
587.185 6527 2720 3851
588.186 6535 2722 3857
589.186 6539 2723 3860
590.273 6545 2725 3864
591.272 6549 2726 3867
592.272 6556 2728 3872
593.283 6562 2730 3876
594.321 6568 2731 3881
595.321 6572 2732 3884
596.32 6579 2734 3889
597.32 6583 2735 3892
598.321 6588 2736 3896
599.321 6596 2739 3902
600.322 6600 2739 3904
601.339 6607 2742 3910
602.363 6609 2742 3911
603.36 6616 2744 3916
604.361 6620 2745 3920
605.361 6627 2747 3925
606.361 6634 2749 3930
607.361 6638 2749 3933
608.361 6646 2751 3939
609.36 6650 2752 3942
610.36 6656 2754 3947
611.397 6664 2756 3952
612.397 6668 2757 3956
613.397 6674 2759 3960
614.398 6681 2761 3965
615.396 6684 2761 3968
616.396 6692 2763 3973
617.396 6695 2764 3976
618.396 6703 2766 3982
619.396 6708 2768 3986
620.398 6716 2770 3991
621.396 6723 2772 3996
622.404 6723 2771 3997
623.401 6730 2774 4002
624.408 6738 2776 4007
625.408 6741 2776 4010
626.409 6749 2778 4016
627.409 6753 2779 4019
628.43 6759 2781 4024
629.429 6764 2782 4027
630.428 6770 2784 4032
631.477 6778 2786 4038
632.496 6782 2787 4041
633.496 6788 2788 4045
634.497 6794 2790 4050
635.496 6802 2792 4056
636.496 6804 2792 4058
637.497 6812 2794 4063
638.496 6816 2795 4067
639.496 6823 2798 4072
640.496 6830 2800 4077
641.496 6834 2800 4080
642.497 6841 2802 4085
643.497 6844 2803 4088
644.497 6850 2804 4092
645.496 6856 2806 4097
646.507 6863 2808 4102
647.504 6869 2809 4106
648.504 6874 2810 4110
649.504 6880 2812 4115
650.505 6885 2813 4119
651.504 6891 2815 4123
652.505 6896 2816 4127
653.504 6902 2817 4132
654.505 6908 2819 4136
655.504 6914 2820 4140
656.506 6920 2822 4145
657.505 6926 2824 4150
658.505 6931 2825 4154
659.505 6936 2826 4157
660.504 6940 2827 4161
661.504 6946 2828 4165
662.505 6952 2830 4169
663.504 6957 2831 4173
664.509 6964 2833 4178
665.508 6969 2834 4182
666.508 6973 2835 4186
667.508 6979 2837 4190
668.522 6983 2838 4193
669.537 6988 2839 4197
670.536 6993 2840 4200
671.535 6999 2842 4205
672.536 7003 2843 4208
673.537 7009 2845 4213
674.536 7015 2846 4217
675.535 7019 2847 4220
676.536 7025 2849 4225
677.537 7030 2850 4228
678.535 7035 2851 4232
679.536 7041 2853 4236
680.536 7045 2854 4240
681.536 7049 2855 4243
682.536 7054 2856 4247
683.535 7059 2857 4250
684.535 7065 2859 4255
685.536 7069 2860 4258
686.536 7074 2861 4261
687.535 7079 2862 4265
688.538 7084 2864 4269
689.535 7089 2865 4273
690.536 7094 2866 4276
691.535 7099 2867 4280
692.535 7104 2868 4284
693.536 7109 2870 4288
694.535 7115 2871 4292
695.536 7119 2872 4296
696.535 7121 2873 4297
697.535 7126 2874 4301
698.535 7131 2875 4305
699.535 7136 2877 4309
700.535 7140 2878 4312
701.535 7144 2879 4315
702.536 7149 2880 4319
703.536 7154 2881 4322
704.535 7159 2883 4326
705.535 7163 2883 4329
706.535 7167 2885 4332
707.535 7172 2886 4336
708.535 7177 2887 4340
709.561 7182 2888 4343
710.56 7187 2889 4347
711.559 7191 2890 4350
712.559 7197 2892 4355
713.559 7203 2894 4359
714.559 7208 2895 4363
715.559 7212 2896 4366
716.559 7217 2897 4370
717.559 7221 2898 4373
718.56 7223 2899 4374
719.561 7228 2900 4378
720.56 7231 2901 4380
721.558 7235 2902 4384
722.559 7240 2903 4387
723.559 7244 2904 4390
724.559 7248 2905 4393
725.559 7254 2907 4398
726.559 7258 2908 4401
727.558 7261 2908 4403
728.559 7266 2909 4407
729.559 7270 2910 4410
730.559 7273 2911 4413
731.559 7278 2912 4416
732.559 7282 2913 4419
733.564 7286 2914 4422
734.563 7290 2915 4425
735.563 7294 2916 4428
736.562 7299 2917 4431
737.563 7303 2919 4435
738.562 7307 2920 4438
739.563 7311 2921 4441
740.563 7316 2922 4444
741.563 7320 2923 4448
742.563 7324 2924 4451
743.562 7328 2925 4454
744.562 7332 2926 4457
745.577 7335 2927 4459
746.574 7340 2928 4463
747.582 7344 2929 4466
748.579 7347 2930 4468
749.578 7351 2931 4471
750.578 7354 2931 4474
751.578 7358 2932 4477
752.578 7362 2933 4480
753.578 7366 2935 4483
754.614 7371 2936 4486
755.614 7375 2937 4489
756.615 7378 2937 4491
757.614 7381 2938 4494
758.614 7385 2939 4497
759.615 7389 2940 4500
760.615 7394 2941 4503
761.615 7397 2942 4506
762.614 7401 2943 4509
763.618 7405 2944 4512
764.62 7410 2946 4516
765.618 7414 2946 4519
766.618 7417 2947 4522
767.618 7422 2948 4525
768.623 7425 2949 4527
769.622 7429 2950 4530
770.622 7431 2951 4532
771.622 7436 2952 4536
772.622 7440 2953 4538
773.621 7443 2954 4541
774.621 7448 2955 4544
775.624 7451 2956 4547
776.622 7455 2956 4550
777.622 7459 2957 4553
778.621 7462 2958 4556
779.622 7466 2959 4558
780.621 7469 2960 4561
781.622 7473 2961 4564
782.622 7478 2962 4567
783.622 7481 2963 4570
784.622 7484 2964 4572
785.623 7488 2965 4575
786.622 7492 2966 4578
787.622 7495 2966 4581
788.621 7499 2968 4584
789.73 7503 2968 4586
790.73 7506 2969 4589
791.729 7508 2970 4590
792.73 7512 2971 4594
793.729 7514 2971 4595
794.73 7517 2972 4598
795.729 7521 2973 4600
796.729 7525 2974 4604
797.729 7528 2975 4606
798.729 7531 2976 4608
799.729 7534 2976 4610
800.729 7538 2977 4613
801.729 7541 2978 4616
802.729 7545 2979 4618
803.729 7548 2980 4621
804.729 7551 2980 4623
805.729 7554 2981 4626
806.735 7559 2982 4629
807.75 7562 2983 4632
808.749 7565 2984 4634
809.749 7569 2985 4637
810.75 7572 2986 4639
811.75 7575 2986 4641
812.749 7577 2987 4643
813.753 7581 2988 4646
814.757 7585 2989 4649
815.761 7586 2989 4650
816.766 7591 2990 4653
817.769 7594 2991 4656
818.773 7596 2991 4657
819.777 7598 2992 4659
820.794 7602 2993 4662
821.797 7604 2993 4664
822.801 7607 2994 4666
823.805 7610 2995 4668
824.81 7613 2995 4671
825.814 7615 2996 4673
826.817 7619 2997 4675
827.825 7622 2997 4677
828.825 7625 2998 4680
829.831 7628 2999 4682
830.833 7631 3000 4685
831.835 7634 3000 4687
832.839 7637 3001 4689
833.983 7640 3002 4692
834.986 7643 3002 4694
835.99 7645 3003 4695
836.994 7648 3004 4697
837.999 7651 3004 4700
839.002 7654 3005 4702
840.006 7657 3006 4704
841.01 7660 3006 4707
842.014 7663 3007 4709
843.07 7666 3008 4711
844.07 7669 3009 4714
845.075 7672 3009 4716
846.08 7674 3010 4718
847.083 7677 3011 4720
848.087 7681 3012 4723
849.093 7685 3012 4726
850.094 7689 3013 4729
851.098 7692 3014 4732
852.14 7696 3015 4734
853.386 7698 3016 4736
854.392 7702 3017 4739
855.395 7704 3017 4741
856.399 7706 3017 4743
857.403 7710 3018 4745
858.427 7713 3019 4748
859.445 7716 3020 4750
860.447 7718 3020 4752
861.452 7722 3021 4754
862.455 7724 3022 4757
863.46 7728 3023 4759
864.463 7732 3023 4762
865.467 7736 3024 4766
866.477 7741 3026 4770
867.479 7744 3026 4772
868.484 7747 3027 4774
869.489 7748 3027 4775
870.491 7752 3028 4778
871.496 7754 3029 4780
872.502 7758 3030 4783
873.505 7760 3030 4784
874.508 7764 3031 4787
875.547 7768 3032 4790
876.548 7769 3032 4791
877.553 7773 3033 4794
878.556 7774 3033 4795
879.561 7778 3034 4798
880.564 7780 3035 4800
881.568 7783 3036 4802
882.572 7785 3036 4804
883.576 7791 3037 4808
884.58 7792 3038 4809
885.621 7797 3039 4813
886.624 7799 3039 4815
887.628 7801 3040 4816
888.632 7805 3041 4819
889.636 7808 3041 4822
892.723 7809 3041 4823
893.725 7814 3043 4826
894.729 7813 3042 4826
895.732 7817 3043 4829
896.737 7818 3043 4830
897.766 7820 3044 4831
898.769 7824 3045 4834
899.773 7827 3046 4836
900.778 7828 3046 4837
901.781 7832 3047 4840
902.786 7833 3047 4841
903.79 7837 3048 4844
904.794 7839 3048 4846
905.798 7840 3049 4847
906.801 7844 3050 4849
907.805 7846 3050 4851
908.811 7849 3051 4853
909.813 7852 3052 4856
910.817 7854 3052 4857
911.822 7856 3052 4859
912.825 7860 3053 4862
913.83 7861 3054 4863
914.834 7865 3055 4866
915.838 7866 3055 4867
916.841 7870 3056 4869
917.853 7873 3056 4872
918.857 7874 3057 4873
919.861 7876 3057 4875
920.865 7880 3058 4877
921.869 7883 3059 4880
922.874 7885 3059 4881
923.878 7889 3060 4884
924.882 7890 3060 4885
925.887 7893 3061 4888
926.891 7895 3062 4889
927.896 7899 3062 4892
928.894 7901 3063 4894
929.901 7903 3063 4895
930.903 7907 3064 4898
931.909 7911 3065 4901
932.91 7911 3065 4902
933.914 7914 3066 4904
934.924 7915 3066 4904
935.926 7917 3067 4906
936.931 7920 3068 4908
937.934 7921 3067 4909
938.938 7923 3068 4911
939.942 7926 3069 4913
940.946 7927 3069 4914
941.953 7930 3070 4916
942.955 7932 3070 4918
943.958 7933 3071 4919
944.962 7935 3071 4920
945.966 7938 3072 4922
946.971 7940 3072 4924
947.974 7942 3073 4926
948.979 7945 3073 4928
949.984 7947 3074 4929
950.987 7949 3074 4931
951.99 7952 3075 4933
952.994 7954 3075 4935
954.02 7958 3076 4937
955.022 7959 3077 4939
956.027 7962 3077 4941
957.031 7965 3078 4943
958.057 7965 3078 4943
959.06 7967 3079 4945
960.064 7970 3079 4947
961.067 7971 3079 4948
962.071 7974 3080 4950
963.075 7976 3081 4952
964.08 7977 3081 4953
965.083 7980 3082 4955
966.092 7983 3082 4957
967.095 7984 3082 4958
968.1 7987 3083 4960
969.103 7989 3084 4962
970.108 7992 3084 4964
971.112 7994 3085 4966
972.115 7997 3085 4968
973.12 8000 3086 4970
974.124 8001 3086 4971
975.128 8004 3087 4974
976.131 8007 3088 4976
977.136 8009 3088 4977
978.139 8012 3089 4980
979.143 8014 3089 4981
980.147 8015 3089 4982
981.159 8017 3090 4984
982.164 8020 3091 4986
983.168 8021 3091 4987
984.201 8023 3091 4989
985.205 8025 3092 4990
986.208 8026 3092 4991
987.212 8029 3093 4993
988.216 8032 3093 4995
989.22 8034 3094 4997
990.223 8037 3094 4999
991.229 8039 3095 5001
992.274 8042 3096 5003
993.308 8044 3096 5005
994.312 8047 3097 5007
995.316 8049 3097 5009
996.321 8052 3098 5011
997.325 8054 3099 5013
998.327 8057 3099 5015
999.332 8059 3100 5017
1000.34 8062 3100 5019
1001.34 8064 3101 5020
1002.34 8066 3101 5022
1003.35 8069 3102 5024
1004.36 8071 3102 5026
1005.36 8073 3103 5028
1006.36 8075 3103 5029
1007.37 8077 3104 5031
1008.37 8080 3105 5033
1009.38 8082 3105 5034
1010.39 8085 3106 5036
1011.39 8087 3106 5038
1012.41 8090 3107 5040
1013.43 8092 3107 5042
1014.43 8095 3108 5044
1015.43 8097 3109 5046
1016.44 8100 3109 5048
1017.44 8102 3110 5050
1018.44 8104 3110 5051
1019.45 8107 3111 5054
1020.45 8110 3112 5056
1021.46 8112 3112 5057
1022.46 8114 3113 5059
1023.47 8117 3113 5061
1024.47 8119 3114 5063
1025.47 8122 3114 5065
1026.48 8124 3115 5066
1027.48 8126 3115 5068
1028.49 8129 3116 5070
1029.51 8131 3117 5072
1030.52 8133 3117 5074
1031.52 8136 3118 5076
1032.52 8138 3118 5077
1033.53 8140 3119 5079
1034.53 8142 3119 5081
1035.54 8145 3120 5083
1036.54 8147 3120 5084
1037.55 8149 3121 5086
1038.56 8152 3122 5088
1039.56 8154 3122 5090
1040.57 8156 3123 5092
1041.57 8159 3123 5094
1042.58 8161 3124 5096
1043.74 8164 3124 5097
1044.74 8166 3125 5099
1045.75 8168 3125 5101
1046.75 8170 3126 5102
1047.76 8172 3126 5104
1048.79 8174 3127 5106
1049.93 8177 3127 5108
1051.08 8179 3128 5109
1052.08 8181 3128 5111
1053.09 8183 3129 5112
1054.09 8185 3129 5114
1055.1 8187 3130 5116
1056.1 8189 3130 5117
1057.1 8191 3131 5119
1058.11 8194 3131 5121
1059.11 8196 3132 5123
1060.12 8198 3132 5124
1061.12 8201 3133 5126
1062.13 8203 3133 5128
1063.16 8205 3134 5130
1064.16 8207 3134 5131
1065.17 8210 3135 5133
1066.17 8212 3135 5135
1067.18 8214 3136 5136
1068.2 8216 3136 5138
1069.21 8218 3137 5140
1070.22 8220 3137 5141
1071.22 8222 3138 5142
1072.22 8224 3138 5144
1073.23 8226 3139 5146
1074.23 8228 3139 5147
1075.26 8231 3140 5149
1076.28 8233 3140 5151
1077.32 8235 3141 5153
1078.43 8237 3141 5155
1079.43 8240 3142 5156
1080.43 8242 3142 5158
1081.44 8243 3143 5159
1082.44 8245 3143 5161
1083.45 8247 3144 5162
1084.45 8250 3144 5164
1085.45 8252 3145 5166
1086.46 8254 3145 5168
1087.49 8257 3146 5169
1088.49 8259 3146 5171
1089.5 8261 3147 5173
1090.5 8263 3147 5174
1091.51 8265 3148 5176
1092.51 8267 3148 5177
1093.51 8269 3149 5179
1094.52 8271 3149 5180
1095.57 8273 3150 5182
1096.58 8275 3150 5183
1097.58 8276 3151 5185
1098.59 8278 3151 5186
1099.59 8280 3151 5188
1100.59 8282 3152 5189
1101.6 8285 3153 5191
1102.6 8286 3153 5193
1103.6 8288 3153 5194
1104.61 8290 3154 5196
1105.68 8293 3154 5197
1106.68 8295 3155 5199
1107.69 8296 3155 5200
1108.69 8299 3156 5202
1109.69 8301 3156 5204
1110.7 8303 3157 5205
1111.7 8305 3157 5207
1112.7 8307 3158 5208
1113.71 8309 3158 5210
1114.71 8311 3159 5211
1115.72 8312 3159 5213
1116.72 8315 3160 5215
1117.73 8316 3160 5216
1118.89 8318 3160 5217
1119.89 8320 3161 5218
1120.89 8322 3161 5220
1121.9 8323 3162 5221
1122.9 8325 3162 5223
1123.91 8326 3162 5224
1124.91 8328 3163 5225
1125.91 8330 3163 5226
1126.92 8332 3164 5228
1127.99 8334 3164 5229
1128.99 8336 3165 5231
1130 8338 3165 5232
1131 8339 3165 5233
1132.01 8341 3166 5235
1133.01 8343 3166 5236
1134.01 8345 3167 5238
1135.02 8347 3167 5239
1136.02 8348 3167 5240
1137.02 8350 3168 5241
1138.05 8351 3168 5243
1139.05 8353 3169 5244
1140.06 8355 3169 5245
1141.06 8356 3169 5246
1142.07 8357 3170 5248
1143.07 8359 3170 5249
1144.07 8361 3170 5250
1145.09 8362 3171 5251
1146.1 8364 3171 5253
1147.1 8365 3171 5254
1148.11 8367 3172 5255
1149.11 8368 3172 5256
1150.11 8370 3172 5257
1151.12 8372 3173 5258
1152.12 8373 3173 5260
1153.13 8375 3174 5261
1154.13 8376 3174 5262
1155.13 8378 3174 5264
1156.14 8380 3175 5265
1157.14 8381 3175 5266
1158.15 8382 3175 5267
1159.15 8384 3176 5268
1160.15 8385 3176 5269
1161.41 8387 3176 5271
1162.45 8389 3177 5272
1163.45 8390 3177 5273
1164.45 8391 3177 5274
1165.46 8392 3178 5275
1166.46 8394 3178 5276
1167.46 8395 3178 5277
1168.56 8397 3179 5278
1169.56 8399 3179 5280
1170.56 8400 3180 5281
1171.57 8402 3180 5282
1172.57 8403 3180 5283
1173.57 8405 3181 5284
1174.58 8407 3181 5286
1175.58 8408 3181 5287
1176.59 8409 3182 5288
1177.59 8411 3182 5289
1178.59 8413 3182 5290
1179.6 8414 3183 5292
1180.6 8416 3183 5293
1181.61 8417 3183 5294
1182.61 8419 3184 5295
1183.61 8420 3184 5296
1184.62 8422 3184 5297
1185.62 8423 3185 5298
1186.63 8425 3185 5300
1187.64 8426 3186 5301
1188.64 8427 3186 5302
1189.65 8429 3186 5303
1190.65 8430 3187 5304
1191.65 8431 3187 5305
1192.66 8433 3187 5306
1193.66 8435 3187 5307
1194.79 8436 3188 5309
1195.8 8438 3188 5310
1196.8 8439 3188 5311
1197.81 8440 3189 5312
1198.81 8442 3189 5313
1199.81 8443 3189 5314
1200.82 8445 3190 5316
