2.0	219.715
4.0	220.753
6.0	196.097
8.0	200.397
10.0	193.272
12.0	210.576
14.0	208.226
16.0	186.39
18.0	230.571
20.0	191.402
22.0	201.188
24.0	230.795
26.0	202.223
28.0	186.237
30.0	231.383
32.0	202.932
34.0	211.409
36.0	204.234
38.0	209.454
40.0	213.685
42.0	202.196
44.0	198.394
46.0	221.238
48.0	191.671
50.0	204.451
52.0	199.03
54.0	178.641
56.0	190.193
58.0	185.248
60.0	174.581
62.0	198.318
64.0	173.25
66.0	180.265
68.0	204.409
70.0	185.229
72.0	189.057
74.0	180.747
76.0	174.789
78.0	196.233
80.0	175.496
82.0	173.908
84.0	207.937
86.0	185.896
88.0	157.472
90.0	114.966
92.0	136.703
94.0	206.218
96.0	179.561
98.0	172.264
100.0	186.099
102.0	193.616
104.0	182.62
106.0	138.274
108.0	114.132
110.0	178.331
112.0	190.435
114.0	179.536
116.0	159.207
118.0	189.147
120.0	192.83
122.0	180.718
124.0	180.968
126.0	169.402
128.0	196.247
130.0	180.702
132.0	159.517
134.0	206.334
136.0	189.335
138.0	181.234
140.0	184.051
142.0	171.934
144.0	195.345
146.0	184.51
148.0	165.275
150.0	193.503
152.0	192.9
154.0	187.179
156.0	180.622
158.0	167.38
160.0	179.811
162.0	113.841
164.0	121.647
166.0	203.593
168.0	196.41
170.0	163.803
172.0	191.176
174.0	190.622
176.0	191.205
178.0	185.999
180.0	173.416
182.0	176.389
184.0	197.622
186.0	170.401
188.0	174.376
190.0	204.606
192.0	185.854
194.0	184.725
196.0	168.503
198.0	189.711
200.0	200.029
202.0	181.947
204.0	170.319
206.0	187.55
208.0	196.375
210.0	182.528
212.0	185.597
214.0	168.927
216.0	197.495
218.0	184.235
220.0	170.012
222.0	195.31
224.0	190.529
226.0	186.102
228.0	182.939
230.0	169.651
232.0	194.133
234.0	187.294
236.0	166.921
238.0	196.02
240.0	182.61
242.0	168.157
244.0	194.777
246.0	182.186
248.0	194.742
250.0	203.412
252.0	195.77
254.0	192.123
256.0	218.865
258.0	217.589
260.0	207.094
262.0	204.682
264.0	201.64
266.0	196.921
268.0	192.005
270.0	215.346
272.0	210.147
274.0	188.58
276.0	221.41
278.0	215.414
280.0	201.7
282.0	191.367
284.0	220.753
286.0	202.644
288.0	192.416
290.0	223.234
292.0	203.873
294.0	208.763
296.0	207.702
298.0	182.526
300.0	214.336
302.0	204.3
304.0	187.673
306.0	190.602
308.0	224.573
310.0	209.404
312.0	208.677
314.0	200.188
316.0	188.326
318.0	213.475
320.0	218.741
322.0	200.559
324.0	191.849
326.0	228.068
328.0	207.375
330.0	195.281
332.0	197.889
334.0	223.664
336.0	205.749
338.0	199.911
340.0	197.585
342.0	223.379
344.0	188.904
346.0	191.738
348.0	229.334
350.0	206.558
352.0	194.106
354.0	192.01
356.0	218.791
358.0	201.748
360.0	187.124
362.0	186.926
364.0	216.225
366.0	194.016
368.0	190.307
370.0	185.266
372.0	210.563
374.0	200.193
376.0	198.965
378.0	186.135
380.0	195.106
382.0	184.601
384.0	175.027
386.0	185.892
388.0	183.289
390.0	190.093
392.0	182.621
394.0	180.633
396.0	172.645
398.0	175.545
400.0	194.402
402.0	172.427
404.0	175.652
406.0	191.364
408.0	189.866
410.0	181.447
412.0	163.233
414.0	169.815
416.0	172.577
418.0	203.72
420.0	177.651
422.0	176.469
424.0	174.072
426.0	172.392
428.0	173.607
430.0	174.456
432.0	174.269
434.0	203.075
436.0	186.21
438.0	172.858
440.0	176.216
442.0	171.727
444.0	202.161
446.0	179.438
448.0	179.045
450.0	174.729
452.0	174.254
454.0	192.78
456.0	179.947
458.0	177.948
460.0	172.615
462.0	174.883
464.0	172.897
466.0	173.018
468.0	176.262
470.0	191.408
472.0	192.071
474.0	164.784
476.0	173.192
478.0	173.97
480.0	197.205
482.0	179.158
484.0	177.351
486.0	173.76
488.0	173.691
490.0	185.89
492.0	179.133
494.0	177.416
496.0	172.235
498.0	175.383
500.0	170.802
502.0	136.824
504.0	140.091
506.0	140.422
508.0	142.862
510.0	137.098
512.0	149.268
514.0	141.896
516.0	135.906
518.0	142.483
520.0	143.593
522.0	135.751
524.0	141.579
526.0	136.961
528.0	138.052
530.0	137.299
532.0	168.597
534.0	188.177
536.0	175.753
538.0	175.037
540.0	172.691
542.0	174.371
544.0	171.97
546.0	167.792
548.0	173.586
550.0	174.171
552.0	194.276
554.0	174.354
556.0	173.058
558.0	173.146
560.0	174.424
562.0	184.754
564.0	176.006
566.0	172.666
568.0	174.676
570.0	173.301
572.0	187.418
574.0	174.676
576.0	172.707
578.0	169.033
580.0	181.256
582.0	175.875
584.0	176.006
586.0	171.351
588.0	169.135
590.0	181.746
592.0	175.29
594.0	172.996
596.0	173.593
598.0	162.501
600.0	172.548
602.0	180.872
604.0	171.671
606.0	169.816
608.0	163.684
610.0	167.291
612.0	168.827
614.0	168.316
616.0	174.536
618.0	172.491
620.0	176.352
622.0	181.627
624.0	171.673
626.0	172.952
628.0	174.84
630.0	172.296
632.0	171.799
634.0	171.456
636.0	171.914
638.0	172.799
640.0	172.906
642.0	170.993
644.0	169.728
646.0	166.234
648.0	168.945
650.0	171.065
652.0	170.144
654.0	170.798
656.0	167.124
658.0	169.746
660.0	179.229
662.0	168.173
664.0	169.054
666.0	170.516
668.0	178.236
670.0	170.033
672.0	164.955
674.0	164.469
676.0	171.698
678.0	167.519
680.0	168.932
682.0	173.889
684.0	171.423
686.0	181.213
688.0	175.932
690.0	169.64
692.0	173.547
694.0	171.493
696.0	181.514
698.0	169.062
700.0	170.045
702.0	171.631
704.0	167.563
706.0	167.398
708.0	172.675
710.0	169.566
712.0	177.856
714.0	176.859
716.0	173.001
718.0	166.422
720.0	174.197
722.0	170.026
724.0	170.985
726.0	172.785
728.0	168.451
730.0	176.626
732.0	174.902
734.0	168.463
736.0	168.901
738.0	165.541
740.0	169.933
742.0	169.054
744.0	167.578
746.0	153.412
748.0	177.198
750.0	176.145
752.0	176.509
754.0	172.972
756.0	161.579
758.0	148.831
760.0	148.071
762.0	157.448
764.0	165.672
766.0	171.278
768.0	171.832
770.0	175.728
772.0	170.728
774.0	163.407
776.0	145.379
778.0	149.766
780.0	169.506
782.0	168.314
784.0	166.116
786.0	171.815
788.0	171.264
790.0	170.454
792.0	134.722
794.0	137.919
796.0	149.241
798.0	173.66
800.0	136.959
802.0	150.217
804.0	147.27
806.0	161.54
808.0	172.844
810.0	157.473
812.0	151.767
814.0	140.587
816.0	144.038
818.0	165.425
820.0	129.102
822.0	134.531
824.0	129.135
826.0	129.727
828.0	127.963
830.0	128.764
832.0	126.074
834.0	136.685
836.0	138.536
838.0	132.271
840.0	124.94
842.0	128.76
844.0	129.988
846.0	129.945
848.0	117.854
850.0	113.092
852.0	127.112
854.0	145.937
856.0	133.261
858.0	134.175
860.0	128.967
862.0	120.012
864.0	138.143
866.0	160.595
868.0	157.179
870.0	152.323
872.0	153.584
874.0	148.257
876.0	148.805
878.0	150.065
880.0	153.336
882.0	152.246
884.0	161.813
886.0	159.946
888.0	161.342
890.0	171.858
892.0	204.401
894.0	144.913
896.0	155.31
898.0	152.115
900.0	148.141
902.0	147.087
904.0	159.268
906.0	138.878
908.0	154.208
910.0	130.656
912.0	151.408
914.0	150.387
916.0	148.22
918.0	159.283
920.0	150.621
922.0	147.8
924.0	150.493
926.0	153.867
928.0	150.063
930.0	147.274
932.0	152.078
934.0	143.198
936.0	142.087
938.0	155.629
940.0	145.469
942.0	142.177
944.0	123.417
946.0	145.187
948.0	140.78
950.0	141.005
952.0	139.042
954.0	131.252
956.0	136.093
958.0	144.112
960.0	141.354
962.0	141.472
964.0	139.2
966.0	138.547
968.0	132.195
970.0	132.608
972.0	138.044
974.0	131.169
976.0	132.618
978.0	132.881
980.0	181.205
982.0	178.224
984.0	186.13
986.0	179.894
988.0	165.706
990.0	176.847
992.0	169.582
994.0	167.101
996.0	169.799
998.0	166.161
1000.0	170.982
1002.0	175.979
1004.0	175.103
1006.0	169.815
1008.0	117.245
1010.0	128.793
1012.0	136.143
1014.0	152.498
1016.0	156.889
1018.0	149.136
1020.0	155.923
1022.0	155.519
1024.0	155.272
1026.0	146.003
1028.0	150.195
1030.0	151.625
1032.0	144.882
1034.0	146.567
1036.0	151.112
1038.0	154.01
1040.0	149.542
1042.0	161.462
1044.0	139.637
1046.0	132.114
1048.0	139.819
1050.0	131.048
1052.0	134.402
1054.0	140.489
1056.0	149.642
1058.0	145.909
1060.0	150.124
1062.0	145.831
1064.0	153.319
1066.0	152.922
1068.0	135.666
1070.0	133.855
1072.0	141.953
1074.0	134.978
1076.0	149.815
1078.0	150.825
1080.0	143.416
1082.0	146.619
1084.0	153.203
1086.0	155.362
1088.0	154.301
1090.0	155.732
1092.0	144.791
1094.0	142.569
1096.0	139.729
1098.0	143.906
1100.0	142.69
1102.0	148.659
1104.0	143.845
1106.0	149.891
1108.0	155.613
1110.0	155.013
1112.0	156.152
1114.0	154.51
1116.0	154.528
1118.0	143.374
1120.0	134.974
1122.0	156.767
1124.0	139.012
1126.0	145.256
1128.0	146.314
1130.0	150.948
1132.0	157.176
1134.0	153.082
1136.0	151.484
1138.0	131.421
1140.0	145.878
1142.0	134.946
1144.0	135.642
1146.0	139.481
1148.0	135.568
1150.0	147.042
1152.0	151.071
1154.0	152.992
1156.0	152.828
1158.0	145.785
1160.0	143.021
1162.0	128.68
1164.0	128.187
1166.0	134.245
1168.0	135.511
1170.0	147.634
1172.0	150.14
1174.0	155.222
1176.0	145.907
1178.0	153.649
1180.0	156.529
1182.0	154.339
1184.0	134.623
1186.0	143.644
1188.0	137.815
1190.0	150.656
1192.0	136.617
1194.0	151.758
1196.0	138.075
1198.0	146.029
