# timestamp	utilization (%) \n
5.8041 0
10.803 0
16.4586 0
26.0263 0
33.5177 0
40.3371 0
47.5455 0
55.4262 0
62.0079 0
68.6161 0
73.8549 0
80.2271 0
86.9318 0
91.9517 0
99.1843 0
106.58 0
114.129 0
121.044 0
126.416 0
132.796 0
140.008 0
146.276 0
153.244 0
158.523 0
163.523 0
171.143 0
178.643 0
185.396 0
193.007 0
200.178 0
205.278 0
212.194 0
218.118 0
225.101 0
230.297 0
236.553 0
245.852 0
251.441 0
258.255 0
263.736 0
268.904 0
277.896 0
282.901 0
290.547 0
295.827 0
301.399 0
306.623 0
313.913 0
320.933 0
327.954 0
334.484 0
339.699 0
345.231 0
352.148 0
358.487 0
364.143 0
369.161 0
374.717 0
379.741 1
385.118 1
390.16 1
395.21 2
400.607 2
405.63 2
410.86 2
415.881 3
421.08 3
426.1 3
431.12 4
437.252 4
442.272 4
448.08 5
453.577 5
458.625 5
463.701 6
468.721 6
474.469 6
479.489 7
484.629 7
489.673 7
494.694 8
499.998 8
505.018 8
510.037 9
515.057 9
520.151 9
525.175 9
530.193 10
536.431 10
541.433 10
546.482 11
551.485 11
556.622 12
561.621 12
566.641 12
571.954 13
576.953 13
582.185 13
587.185 14
592.272 14
597.32 15
602.363 15
607.361 15
612.397 16
617.396 16
622.404 17
627.409 17
632.496 18
637.497 18
642.497 18
647.504 18
652.505 18
657.505 19
662.505 19
667.508 19
672.536 19
677.537 19
682.536 19
687.535 19
692.535 19
697.535 20
702.536 20
707.535 20
712.559 20
717.559 20
722.559 20
727.558 20
732.559 21
737.563 21
742.563 21
747.582 21
752.578 21
757.614 21
762.614 21
767.618 21
772.622 21
777.622 22
782.622 22
787.622 22
792.73 22
797.729 22
802.729 22
807.75 22
812.749 22
817.769 23
822.801 22
827.825 23
832.839 23
837.999 23
843.07 23
848.087 23
853.386 23
858.427 23
863.46 23
868.484 23
873.505 23
878.556 23
883.576 24
888.632 24
895.732 24
900.778 24
905.798 24
910.817 24
915.838 24
920.865 24
925.887 24
930.903 24
935.926 24
940.946 24
945.966 24
950.987 24
956.027 24
961.067 24
966.092 25
971.112 24
976.131 25
981.159 25
986.208 25
991.229 25
996.321 25
1001.34 25
1006.36 25
1011.39 25
1016.44 25
1021.46 25
1026.48 25
1031.52 25
1036.54 25
1041.57 25
1046.75 25
1052.08 25
1057.1 25
1062.13 25
1067.18 25
1072.22 25
1077.32 25
1082.44 25
1087.49 26
1092.51 26
1097.58 26
1102.6 26
1107.69 26
1112.7 26
1117.73 26
1122.9 26
1127.99 26
1133.01 26
1138.05 26
1143.07 26
1148.11 26
1153.13 26
1158.15 26
1163.45 26
1168.56 26
1173.57 26
1178.59 26
1183.61 26
1188.64 26
1193.66 26
1198.81 26
