# timestamp	GC Total Latency (msec)		Read Latency (msec)	Write Latency (msec)\n
77.4118 22 10 5
78.4159 54 29 18
79.4201 81 45 29
80.4239 100 56 38
81.428 116 66 44
82.432 133 77 51
83.436 147 85 57
84.4441 162 93 63
85.4481 178 103 70
86.4521 197 114 78
87.4562 226 131 90
88.4602 256 148 103
89.4642 297 172 121
90.4682 350 202 144
91.4843 418 239 176
92.4883 513 290 221
93.4924 674 370 304
94.4964 866 459 408
95.5004 1071 539 534
96.5046 1285 618 670
97.5085 1507 710 802
98.5125 1723 800 930
99.5166 1866 860 1014
100.521 2031 926 1114
101.525 2171 982 1199
102.529 2310 1040 1281
103.533 2443 1095 1361
104.537 2558 1142 1430
105.541 2679 1191 1502
106.545 2773 1229 1559
107.549 2880 1272 1623
108.553 2969 1307 1678
109.553 3047 1337 1726
110.557 3134 1373 1779
111.561 3208 1403 1823
112.565 3280 1432 1867
113.569 3341 1456 1903
114.573 3400 1480 1940
115.577 3461 1504 1976
116.581 3521 1528 2013
117.589 3581 1552 2049
118.593 3631 1571 2081
119.597 3679 1590 2110
120.597 3730 1611 2140
121.597 3773 1629 2166
122.599 3816 1646 2192
123.601 3858 1663 2216
124.601 3900 1680 2243
125.601 3945 1698 2269
126.603 3983 1714 2292
127.6 4016 1727 2312
128.601 4053 1742 2334
129.6 4085 1755 2353
130.6 4118 1769 2373
131.6 4147 1780 2391
132.6 4178 1792 2409
133.6 4206 1804 2426
134.6 4235 1817 2443
135.6 4259 1827 2458
136.599 4285 1837 2473
137.599 4308 1846 2487
138.599 4330 1855 2500
139.599 4352 1864 2513
140.599 4373 1872 2526
141.599 4395 1881 2539
142.599 4418 1891 2553
143.599 4436 1898 2564
144.599 4454 1906 2575
145.599 4476 1915 2588
146.598 4494 1922 2599
147.598 4509 1928 2608
148.598 4525 1935 2618
149.598 4543 1941 2629
150.598 4558 1947 2638
151.598 4574 1954 2647
152.598 4588 1960 2655
153.598 4603 1967 2665
154.598 4616 1971 2672
155.598 4627 1976 2679
156.598 4641 1981 2688
157.598 4655 1987 2696
158.597 4668 1992 2704
159.597 4681 1997 2712
160.597 4693 2002 2719
161.597 4707 2008 2727
162.597 4715 2011 2733
163.597 4726 2015 2740
164.597 4738 2020 2747
165.597 4749 2024 2753
166.597 4759 2028 2760
167.601 4768 2031 2765
168.601 4779 2036 2772
169.601 4791 2041 2779
170.601 4799 2044 2784
171.601 4809 2048 2789
172.601 4820 2053 2796
173.6 4827 2056 2801
174.608 4837 2060 2807
175.608 4847 2064 2812
176.608 4854 2067 2817
177.608 4864 2071 2823
178.609 4872 2074 2828
179.608 4882 2078 2834
180.608 4891 2081 2840
181.608 4895 2083 2842
182.608 4903 2086 2847
183.608 4912 2090 2852
184.608 4918 2092 2855
185.608 4926 2096 2860
186.607 4935 2100 2865
187.607 4942 2103 2869
188.607 4950 2105 2874
189.607 4955 2107 2878
190.607 4964 2111 2883
191.607 4969 2113 2886
192.611 4978 2117 2891
193.611 4983 2119 2895
194.611 4990 2121 2899
195.611 4995 2123 2902
196.611 5001 2125 2906
197.611 5009 2129 2910
198.611 5015 2131 2914
199.611 5022 2134 2918
200.611 5028 2137 2922
201.611 5034 2139 2925
202.611 5041 2142 2930
203.611 5047 2144 2933
204.611 5050 2146 2935
205.611 5057 2148 2939
206.61 5063 2151 2943
207.61 5071 2154 2948
208.61 5075 2156 2950
209.611 5080 2158 2953
210.61 5086 2160 2957
211.61 5092 2163 2960
212.611 5098 2165 2964
213.61 5103 2167 2967
214.61 5110 2170 2971
215.61 5116 2173 2974
216.61 5121 2175 2978
217.61 5127 2177 2981
218.61 5133 2179 2984
219.61 5138 2181 2988
220.61 5144 2184 2991
221.61 5150 2186 2995
222.61 5154 2188 2998
223.61 5160 2190 3001
224.61 5165 2192 3004
225.61 5170 2194 3008
226.609 5175 2196 3011
227.609 5180 2198 3014
228.609 5187 2200 3018
229.609 5191 2202 3021
230.61 5197 2204 3025
231.609 5202 2206 3028
232.615 5207 2208 3031
233.613 5212 2210 3034
234.613 5218 2212 3037
235.613 5222 2214 3040
236.613 5228 2216 3044
237.613 5231 2217 3046
238.613 5237 2219 3050
239.613 5240 2220 3051
240.613 5246 2223 3055
241.613 5249 2223 3057
242.617 5253 2225 3060
243.617 5257 2227 3063
244.617 5262 2228 3066
245.617 5265 2230 3067
246.617 5269 2231 3070
247.617 5274 2233 3073
248.617 5278 2234 3076
249.617 5283 2236 3079
250.617 5287 2238 3082
251.617 5292 2239 3085
252.617 5295 2240 3087
253.616 5300 2242 3090
254.628 5304 2244 3093
255.628 5308 2245 3095
256.628 5313 2247 3099
257.628 5316 2248 3101
258.628 5321 2249 3104
259.632 5327 2252 3108
260.628 5331 2253 3111
261.628 5336 2254 3115
262.628 5340 2256 3117
263.628 5344 2257 3120
264.628 5349 2258 3123
265.628 5353 2259 3127
266.628 5357 2260 3130
267.629 5362 2262 3133
268.628 5366 2263 3136
269.628 5371 2264 3139
270.628 5374 2265 3142
271.628 5380 2267 3146
272.638 5386 2269 3150
273.636 5390 2270 3153
274.636 5395 2272 3156
275.636 5400 2273 3160
276.636 5405 2275 3164
277.636 5410 2276 3167
278.636 5415 2278 3170
279.636 5420 2279 3174
280.636 5426 2281 3178
281.636 5430 2282 3181
282.636 5435 2284 3185
283.636 5441 2286 3189
284.636 5446 2287 3192
285.636 5452 2289 3196
286.636 5458 2291 3201
287.636 5463 2292 3204
288.636 5468 2294 3207
289.636 5475 2296 3213
290.636 5480 2297 3216
291.636 5486 2299 3221
292.636 5492 2301 3225
293.635 5498 2303 3229
294.636 5502 2304 3232
295.635 5509 2306 3237
296.635 5513 2308 3240
297.638 5520 2310 3244
298.635 5526 2311 3249
299.635 5530 2313 3252
300.635 5537 2315 3257
301.635 5542 2316 3260
302.636 5548 2318 3264
303.635 5553 2320 3267
304.635 5559 2322 3271
305.635 5565 2324 3276
306.635 5570 2325 3279
307.635 5575 2327 3282
308.635 5581 2329 3287
309.635 5586 2330 3290
310.635 5592 2332 3294
311.635 5597 2334 3298
312.639 5602 2335 3301
313.635 5608 2337 3305
314.635 5612 2339 3308
315.635 5618 2340 3312
316.635 5624 2342 3317
317.635 5629 2344 3320
318.635 5634 2345 3324
319.635 5639 2347 3328
320.635 5646 2349 3332
321.635 5651 2350 3336
322.635 5657 2352 3340
323.635 5662 2354 3344
324.635 5667 2355 3347
325.635 5674 2357 3352
326.635 5680 2358 3357
327.635 5685 2360 3361
328.635 5690 2362 3364
329.635 5696 2363 3368
330.635 5701 2365 3372
331.635 5707 2366 3377
332.635 5713 2368 3380
333.635 5718 2369 3384
334.635 5723 2371 3388
335.635 5731 2373 3394
336.635 5734 2373 3396
337.638 5739 2375 3400
338.635 5746 2377 3405
339.635 5753 2379 3410
340.635 5758 2380 3414
341.635 5763 2382 3418
342.635 5770 2384 3423
343.635 5775 2385 3426
344.635 5781 2387 3431
345.635 5787 2388 3435
346.635 5793 2390 3439
347.635 5801 2392 3445
348.635 5804 2393 3447
349.635 5811 2395 3452
350.635 5817 2397 3457
351.635 5824 2399 3462
352.635 5829 2400 3466
353.635 5835 2402 3470
354.635 5842 2403 3475
355.635 5848 2405 3479
356.635 5853 2407 3483
357.635 5859 2408 3488
358.635 5865 2410 3492
359.635 5872 2412 3497
360.635 5877 2413 3500
361.635 5881 2415 3504
362.635 5887 2416 3508
363.635 5894 2418 3513
364.635 5900 2420 3518
365.635 5906 2421 3522
366.635 5912 2423 3526
367.635 5917 2424 3530
368.635 5922 2425 3534
369.635 5929 2427 3539
370.635 5936 2429 3544
371.642 5941 2430 3548
372.639 5946 2431 3553
373.639 5953 2433 3558
374.639 5959 2434 3562
375.639 5966 2436 3567
376.646 5973 2438 3572
377.643 5978 2439 3576
378.643 5984 2441 3581
379.643 5991 2443 3586
380.643 5997 2445 3591
381.643 6005 2447 3596
382.643 6011 2448 3601
383.643 6017 2450 3605
384.643 6023 2451 3610
385.643 6030 2453 3615
386.643 6035 2454 3619
387.643 6043 2456 3624
388.643 6049 2458 3629
389.643 6058 2461 3636
390.643 6062 2462 3639
391.643 6070 2464 3645
392.643 6075 2465 3649
393.643 6082 2467 3654
394.647 6092 2469 3661
395.647 6098 2471 3666
396.651 6104 2472 3670
397.655 6111 2474 3676
398.659 6117 2475 3681
399.663 6126 2478 3687
400.667 6134 2480 3693
401.671 6139 2481 3697
402.675 6147 2483 3703
403.679 6153 2485 3707
404.683 6161 2487 3714
405.687 6170 2489 3720
406.691 6177 2491 3725
407.695 6185 2494 3731
408.699 6193 2495 3737
409.703 6201 2498 3743
410.707 6206 2499 3747
411.711 6215 2502 3753
412.715 6223 2504 3759
413.719 6231 2506 3765
414.723 6239 2508 3771
415.727 6244 2509 3775
416.731 6251 2511 3780
417.735 6259 2513 3785
418.739 6266 2515 3791
419.743 6274 2518 3797
420.747 6281 2519 3802
421.751 6290 2522 3808
422.755 6297 2523 3813
423.759 6304 2525 3819
424.763 6309 2526 3823
425.767 6317 2528 3829
426.771 6326 2530 3836
427.775 6333 2532 3842
428.779 6342 2534 3849
429.783 6350 2535 3855
430.787 6361 2538 3864
431.791 6369 2539 3871
432.795 6383 2543 3881
433.799 6392 2545 3889
434.803 6404 2547 3898
435.808 6418 2551 3909
436.811 6447 2557 3932
437.815 6445 2556 3930
438.819 6453 2558 3936
439.823 6466 2561 3946
440.827 6493 2567 3968
441.831 6499 2568 3973
442.843 6507 2570 3979
443.847 6519 2573 3988
444.851 6528 2575 3996
445.855 6546 2579 4009
446.859 6579 2586 4035
447.863 6575 2584 4034
448.867 6578 2585 4036
449.871 6584 2586 4041
450.875 6593 2588 4047
451.879 6606 2591 4058
452.883 6617 2594 4067
453.887 6639 2598 4084
454.891 6642 2598 4087
455.895 6663 2603 4103
456.899 6665 2603 4105
457.903 6690 2609 4125
458.911 6693 2609 4127
459.915 6701 2611 4133
460.919 6726 2617 4153
461.923 6764 2625 4183
462.927 6754 2622 4177
463.931 6748 2620 4173
464.935 6755 2622 4177
465.939 6760 2623 4181
466.943 6768 2625 4188
467.947 6783 2628 4200
468.951 6792 2630 4207
469.955 6809 2634 4220
470.96 6847 2643 4250
471.963 6856 2644 4258
472.967 6846 2640 4251
473.971 6846 2640 4251
474.975 6852 2642 4255
475.979 6857 2643 4259
476.983 6864 2645 4265
477.987 6875 2647 4274
478.991 6903 2653 4296
479.995 6899 2652 4293
480.999 6906 2654 4298
482.003 6931 2659 4318
483.007 6928 2659 4316
484.011 6936 2661 4322
485.015 6955 2665 4337
486.019 6988 2672 4363
487.023 6987 2671 4363
488.027 6978 2668 4357
489.031 6982 2669 4359
490.036 6985 2670 4362
491.039 6992 2672 4367
492.043 7002 2674 4375
493.047 7010 2676 4381
494.051 7021 2678 4390
495.055 7056 2686 4417
496.059 7092 2694 4445
497.07 7087 2692 4443
498.071 7075 2687 4435
499.075 7068 2685 4430
500.079 7070 2686 4431
501.083 7074 2687 4434
502.087 7077 2688 4437
503.091 7082 2689 4441
504.095 7087 2690 4444
505.099 7105 2694 4459
506.103 7106 2694 4460
507.107 7121 2698 4471
508.111 7139 2702 4486
509.115 7134 2700 4482
510.119 7138 2701 4485
511.123 7144 2703 4489
512.127 7152 2705 4496
513.131 7181 2711 4518
514.135 7220 2720 4549
515.139 7216 2718 4547
516.143 7204 2713 4539
517.147 7196 2711 4534
518.151 7196 2711 4534
519.155 7199 2712 4536
520.159 7201 2713 4537
521.163 7205 2714 4541
522.167 7209 2715 4544
523.172 7214 2716 4548
524.175 7234 2720 4563
525.179 7231 2719 4561
526.183 7237 2721 4566
527.189 7259 2726 4583
528.191 7275 2729 4595
529.195 7267 2727 4590
530.199 7270 2727 4592
531.203 7275 2729 4596
532.207 7277 2729 4598
533.211 7298 2734 4614
534.215 7330 2741 4639
535.223 7322 2738 4634
536.227 7312 2735 4627
537.232 7314 2736 4628
538.235 7316 2736 4630
539.239 7320 2737 4633
540.247 7324 2738 4636
541.248 7335 2741 4645
542.252 7363 2747 4667
543.255 7373 2748 4675
544.264 7362 2745 4668
545.268 7358 2744 4665
546.272 7359 2744 4666
547.276 7363 2745 4668
548.28 7365 2746 4670
549.284 7370 2747 4674
550.288 7376 2748 4679
551.292 7399 2754 4697
552.297 7429 2760 4720
553.304 7423 2758 4716
554.308 7412 2754 4709
555.312 7410 2754 4708
556.323 7416 2756 4711
557.324 7416 2755 4712
558.328 7420 2756 4714
559.332 7424 2757 4718
560.336 7447 2763 4736
561.34 7475 2769 4758
562.352 7465 2766 4751
563.356 7457 2763 4745
564.36 7457 2763 4745
565.364 7460 2764 4748
566.368 7461 2764 4749
567.372 7467 2766 4753
568.381 7472 2767 4757
569.385 7483 2769 4766
570.388 7509 2775 4786
571.392 7536 2781 4807
572.4 7529 2779 4803
573.404 7517 2774 4795
574.408 7511 2773 4791
575.412 7511 2773 4791
576.416 7513 2773 4792
577.42 7515 2774 4793
578.424 7518 2775 4795
579.428 7520 2775 4797
580.432 7525 2776 4801
581.436 7545 2781 4816
582.443 7544 2780 4816
583.444 7544 2780 4816
584.448 7547 2781 4818
585.452 7559 2784 4828
586.456 7585 2790 4848
587.46 7585 2789 4849
588.464 7577 2786 4843
589.468 7577 2787 4843
590.472 7578 2787 4844
591.476 7581 2788 4846
592.48 7584 2789 4848
593.484 7600 2792 4861
594.488 7604 2793 4865
595.492 7605 2793 4865
596.496 7610 2794 4869
597.5 7616 2795 4874
598.504 7623 2797 4879
599.508 7642 2800 4895
600.512 7638 2800 4892
601.516 7650 2802 4901
602.524 7652 2803 4903
603.528 7661 2805 4910
604.532 7665 2805 4913
605.536 7675 2807 4921
606.54 7681 2808 4927
607.544 7686 2809 4931
608.548 7696 2810 4940
609.552 7705 2812 4947
610.556 7710 2813 4951
611.57 7719 2815 4959
612.583 7726 2816 4965
613.584 7734 2817 4971
614.589 7739 2818 4976
615.592 7747 2819 4982
616.596 7752 2821 4986
617.6 7766 2823 4998
618.604 7772 2824 5002
619.608 7778 2826 5007
620.613 7783 2826 5011
621.616 7790 2828 5017
622.621 7796 2829 5022
623.624 7802 2830 5027
624.628 7811 2831 5035
625.632 7815 2832 5038
626.636 7831 2835 5051
627.64 7834 2836 5053
628.644 7836 2836 5055
629.648 7841 2837 5059
630.653 7845 2838 5062
631.657 7855 2841 5069
632.661 7877 2845 5088
633.664 7892 2848 5100
634.669 7882 2845 5093
635.673 7878 2844 5090
636.677 7879 2844 5091
637.681 7881 2845 5092
638.685 7883 2845 5093
639.689 7888 2846 5097
640.693 7902 2849 5108
641.697 7911 2851 5116
642.701 7908 2851 5114
643.705 7911 2851 5116
644.709 7915 2852 5119
645.713 7937 2857 5136
646.717 7933 2856 5134
647.721 7935 2856 5135
648.725 7942 2858 5140
649.729 7952 2860 5149
650.733 7951 2860 5148
651.737 7954 2860 5150
652.741 7971 2863 5164
653.745 7969 2863 5163
654.749 7977 2865 5168
655.753 7980 2865 5172
656.757 7985 2867 5175
657.761 7996 2868 5185
658.765 7998 2869 5186
659.765 8003 2870 5190
660.769 8019 2874 5203
661.773 8042 2878 5221
662.777 8035 2876 5216
663.781 8032 2876 5214
664.785 8034 2876 5215
665.789 8035 2876 5216
666.793 8044 2878 5223
667.797 8055 2881 5232
668.801 8067 2883 5242
669.805 8065 2882 5240
670.809 8067 2883 5241
671.813 8078 2885 5250
672.817 8078 2886 5250
673.822 8095 2889 5264
674.825 8094 2889 5263
675.829 8100 2890 5268
676.833 8108 2892 5274
677.837 8111 2893 5276
678.842 8127 2896 5289
679.85 8124 2895 5287
680.853 8136 2898 5296
681.857 8141 2899 5301
682.861 8144 2900 5302
683.865 8158 2903 5313
684.869 8159 2903 5314
685.873 8169 2905 5322
686.877 8176 2907 5328
687.881 8178 2907 5330
688.885 8194 2911 5342
689.889 8193 2910 5341
690.894 8205 2913 5351
691.897 8213 2915 5357
692.901 8215 2915 5359
693.905 8227 2918 5369
694.909 8227 2918 5368
695.913 8234 2919 5374
696.918 8244 2922 5382
697.921 8249 2922 5386
698.926 8254 2924 5389
699.929 8272 2928 5404
700.933 8271 2927 5404
701.938 8277 2929 5408
702.941 8282 2930 5412
703.945 8287 2931 5416
704.961 8302 2934 5428
705.961 8301 2934 5427
706.965 8310 2936 5434
707.97 8316 2937 5439
708.974 8319 2938 5441
709.978 8338 2942 5456
710.982 8336 2941 5454
711.986 8343 2943 5460
712.99 8347 2944 5464
713.994 8351 2945 5466
714.998 8365 2948 5478
716.002 8366 2948 5478
717.007 8374 2950 5485
718.01 8384 2952 5493
719.014 8385 2952 5493
720.026 8394 2954 5501
721.03 8395 2954 5502
722.034 8405 2956 5510
723.058 8423 2960 5524
724.062 8419 2959 5520
725.066 8421 2960 5522
726.07 8431 2962 5530
727.074 8435 2963 5534
728.078 8438 2963 5535
729.082 8448 2965 5544
730.086 8449 2966 5544
731.09 8463 2969 5556
732.099 8463 2969 5555
733.102 8470 2970 5561
734.106 8484 2973 5572
735.11 8481 2972 5570
736.114 8483 2973 5571
737.118 8497 2976 5583
738.122 8502 2977 5587
739.126 8503 2977 5587
740.13 8505 2978 5589
741.134 8524 2982 5604
742.138 8524 2981 5605
743.142 8524 2982 5604
744.146 8528 2982 5607
745.15 8532 2983 5611
746.154 8549 2987 5625
747.158 8545 2986 5621
748.162 8548 2987 5623
749.166 8557 2988 5630
750.182 8574 2992 5644
751.182 8568 2990 5640
752.186 8568 2990 5640
753.19 8569 2991 5641
754.194 8584 2994 5652
755.198 8591 2995 5658
756.202 8588 2995 5656
757.206 8589 2995 5657
758.21 8591 2995 5658
759.214 8610 2999 5673
760.218 8613 2999 5676
761.222 8611 2999 5675
762.226 8613 3000 5676
763.231 8616 3000 5678
764.235 8636 3005 5694
765.238 8630 3003 5690
766.243 8629 3003 5689
767.246 8632 3004 5691
768.251 8638 3005 5696
769.254 8651 3008 5707
770.258 8648 3007 5704
771.262 8649 3007 5705
772.277 8662 3010 5715
773.278 8663 3010 5716
774.283 8664 3011 5717
775.286 8666 3011 5718
776.29 8683 3015 5732
777.294 8681 3014 5730
778.298 8682 3015 5731
779.302 8687 3016 5735
780.307 8693 3017 5740
781.311 8696 3018 5742
782.315 8707 3020 5750
783.319 8710 3021 5753
784.323 8717 3022 5758
785.327 8717 3022 5758
786.346 8730 3025 5769
787.347 8737 3026 5775
788.351 8734 3025 5772
789.355 8734 3026 5772
790.359 8734 3026 5772
791.363 8750 3029 5785
792.367 8748 3028 5784
793.371 8748 3029 5783
794.375 8750 3029 5784
795.379 8763 3032 5795
796.383 8761 3032 5794
797.387 8763 3032 5795
798.391 8764 3033 5796
799.395 8781 3036 5809
800.399 8782 3036 5811
801.403 8782 3036 5810
802.407 8782 3036 5810
803.411 8785 3037 5812
804.415 8803 3041 5827
805.419 8807 3041 5831
806.423 8803 3040 5827
807.427 8804 3041 5828
808.431 8803 3040 5827
809.435 8805 3041 5829
810.441 8822 3044 5842
811.443 8822 3044 5843
812.447 8819 3043 5841
813.451 8820 3044 5841
814.455 8821 3044 5842
815.459 8835 3047 5853
816.463 8833 3047 5852
817.468 8834 3047 5852
818.471 8839 3048 5856
819.475 8856 3052 5869
820.479 8859 3052 5872
821.483 8854 3051 5869
822.488 8855 3051 5869
823.491 8855 3051 5869
824.496 8858 3052 5871
825.499 8865 3053 5877
826.503 8865 3053 5877
827.507 8867 3054 5878
828.511 8875 3055 5884
829.515 8892 3059 5898
830.519 8896 3059 5902
831.523 8890 3058 5897
832.527 8889 3058 5896
833.531 8889 3058 5896
834.535 8889 3058 5896
835.539 8891 3058 5898
836.543 8900 3060 5905
837.547 8901 3061 5906
838.556 8918 3064 5919
839.561 8912 3062 5915
840.563 8909 3062 5913
841.567 8911 3062 5914
842.571 8911 3062 5914
843.576 8918 3064 5920
844.579 8935 3067 5933
845.592 8948 3070 5944
846.595 8941 3068 5939
847.599 8935 3066 5934
848.603 8934 3066 5934
849.607 8934 3066 5933
850.611 8934 3067 5933
851.615 8934 3067 5934
852.62 8937 3067 5935
853.624 8949 3070 5946
854.627 8968 3074 5960
855.632 8968 3073 5961
856.636 8961 3071 5956
857.64 8956 3070 5952
858.652 8956 3070 5952
859.664 8955 3070 5951
860.672 8955 3070 5951
861.677 8955 3070 5951
862.68 8955 3070 5951
863.684 8965 3072 5959
864.688 8982 3076 5972
865.692 8996 3079 5984
866.696 8994 3078 5982
867.7 8987 3075 5978
868.704 8981 3074 5974
869.708 8981 3074 5973
870.712 8980 3074 5972
871.716 8979 3074 5972
872.72 8979 3074 5971
873.724 8980 3074 5972
874.728 8986 3075 5977
875.732 8987 3076 5978
876.736 8992 3077 5982
877.74 8999 3078 5987
878.744 9003 3079 5990
879.748 8999 3078 5988
880.752 9000 3078 5988
881.757 9000 3078 5988
882.76 9008 3080 5994
883.764 9008 3080 5994
884.769 9016 3082 6001
885.772 9013 3081 5999
886.776 9015 3082 5999
887.78 9019 3083 6003
888.784 9021 3083 6005
889.788 9036 3086 6016
890.792 9039 3086 6019
891.796 9034 3085 6016
892.8 9034 3085 6015
893.804 9034 3085 6015
894.808 9035 3086 6016
895.812 9038 3086 6018
896.817 9049 3089 6027
897.82 9048 3088 6027
898.824 9047 3088 6026
899.828 9048 3089 6026
900.832 9056 3090 6033
901.837 9057 3091 6034
902.84 9058 3091 6034
903.844 9063 3092 6038
904.849 9073 3094 6046
905.852 9074 3094 6047
906.857 9073 3094 6046
907.86 9072 3094 6045
908.865 9074 3094 6046
909.868 9080 3096 6051
910.872 9080 3096 6051
911.877 9086 3097 6056
912.88 9093 3098 6062
913.884 9091 3098 6060
914.888 9091 3098 6060
915.896 9098 3100 6066
916.897 9100 3100 6067
917.9 9112 3103 6077
918.904 9109 3102 6075
919.908 9108 3102 6073
920.912 9109 3102 6074
921.916 9113 3103 6077
922.92 9114 3103 6078
923.927 9125 3106 6087
924.929 9122 3105 6084
925.933 9124 3105 6086
926.937 9125 3106 6087
927.941 9130 3107 6091
928.951 9136 3108 6095
929.953 9134 3108 6094
930.957 9136 3108 6096
931.961 9148 3111 6105
932.965 9145 3110 6103
933.969 9147 3111 6104
934.973 9154 3112 6110
935.977 9153 3112 6109
936.982 9156 3113 6111
937.985 9158 3113 6113
938.989 9161 3114 6115
939.993 9173 3116 6125
940.997 9170 3115 6122
942.001 9170 3116 6122
943.006 9172 3116 6124
944.009 9178 3117 6129
945.013 9177 3117 6128
946.017 9181 3118 6131
947.021 9183 3119 6133
948.025 9189 3120 6138
949.029 9188 3120 6137
950.029 9190 3120 6138
951.033 9196 3121 6143
952.037 9201 3122 6147
953.041 9199 3122 6145
954.045 9199 3122 6146
955.049 9206 3124 6151
956.053 9207 3124 6152
957.076 9214 3125 6157
958.082 9212 3125 6156
959.085 9213 3125 6156
960.089 9216 3126 6159
961.105 9227 3128 6167
962.109 9223 3127 6164
963.113 9224 3128 6165
964.117 9224 3128 6165
965.122 9230 3129 6170
966.125 9242 3131 6179
967.129 9241 3131 6179
968.133 9238 3130 6176
969.137 9238 3130 6177
970.141 9238 3130 6176
971.146 9241 3131 6179
972.149 9245 3132 6182
973.153 9246 3132 6183
974.157 9246 3132 6183
975.162 9252 3133 6187
976.165 9264 3136 6197
977.169 9264 3136 6197
978.173 9260 3135 6195
979.177 9260 3135 6194
980.181 9260 3135 6194
981.185 9260 3135 6194
982.189 9264 3136 6197
983.193 9270 3137 6202
984.197 9270 3137 6202
985.201 9270 3137 6202
986.205 9275 3138 6206
987.209 9275 3138 6206
988.214 9279 3139 6209
989.217 9282 3140 6211
990.221 9289 3141 6217
991.225 9287 3141 6215
992.229 9290 3142 6218
993.234 9301 3144 6226
994.237 9297 3143 6223
995.241 9296 3143 6222
996.246 9298 3144 6224
997.25 9300 3144 6225
998.254 9302 3144 6227
999.258 9313 3147 6236
1000.26 9319 3148 6240
1001.27 9313 3146 6236
1002.27 9312 3146 6235
1003.27 9311 3146 6235
1004.28 9311 3146 6235
1005.29 9319 3148 6240
1006.3 9317 3147 6239
1007.3 9318 3148 6240
1008.31 9321 3148 6242
1009.31 9334 3151 6252
1010.31 9344 3153 6260
1011.32 9338 3151 6257
1012.32 9334 3150 6253
1013.33 9333 3150 6252
1014.33 9332 3150 6252
1015.33 9332 3150 6251
1016.34 9332 3150 6252
1017.34 9337 3151 6256
1018.36 9339 3152 6257
1019.36 9343 3152 6261
1020.36 9342 3152 6260
1021.37 9342 3152 6260
1022.37 9347 3154 6263
1023.37 9359 3156 6273
1024.38 9356 3155 6271
1025.38 9353 3154 6268
1026.39 9353 3154 6268
1027.4 9352 3154 6268
1028.42 9352 3154 6268
1029.42 9356 3155 6271
1030.42 9368 3158 6280
1031.44 9378 3160 6288
1032.45 9371 3158 6283
1033.45 9366 3157 6280
1034.45 9366 3156 6279
1035.46 9365 3156 6278
1036.46 9364 3156 6278
1037.47 9364 3156 6278
1038.47 9365 3157 6279
1039.47 9374 3158 6285
1040.5 9384 3161 6294
1041.5 9378 3159 6289
1042.51 9374 3158 6287
1043.51 9374 3158 6286
1044.52 9373 3158 6285
1045.52 9375 3158 6287
1046.52 9380 3159 6291
1047.53 9384 3160 6294
1048.53 9382 3160 6292
1049.54 9382 3160 6292
1050.54 9389 3161 6298
1051.54 9388 3161 6297
1052.55 9389 3161 6298
1053.55 9390 3162 6298
1054.55 9399 3164 6305
1055.56 9409 3166 6314
1056.57 9407 3165 6312
1057.57 9403 3164 6309
1058.57 9402 3164 6308
1059.58 9401 3164 6308
1060.58 9401 3164 6307
1061.59 9408 3165 6313
1062.59 9407 3165 6312
1063.59 9411 3166 6316
1064.6 9408 3165 6313
1065.6 9409 3166 6314
1066.61 9412 3166 6316
1067.61 9413 3167 6317
1068.62 9422 3168 6324
1069.62 9420 3168 6323
1070.62 9419 3168 6322
1071.63 9420 3168 6323
1072.63 9422 3168 6324
1073.63 9423 3169 6325
1074.64 9431 3170 6331
1075.64 9432 3171 6332
1076.65 9431 3171 6332
1077.65 9431 3171 6331
1078.65 9434 3171 6333
1079.66 9438 3172 6337
1080.66 9448 3174 6345
1081.67 9445 3173 6342
1082.67 9442 3173 6341
1083.69 9443 3173 6341
1084.69 9442 3173 6340
1085.69 9444 3173 6342
1086.7 9455 3175 6350
1087.7 9455 3175 6351
1088.7 9451 3174 6347
1089.71 9450 3174 6347
1090.71 9449 3174 6346
1091.71 9450 3174 6346
1092.72 9455 3175 6351
1093.72 9454 3175 6350
1094.73 9454 3175 6350
1095.74 9456 3176 6351
1096.74 9467 3178 6360
1097.74 9464 3177 6358
1098.75 9462 3177 6356
1099.75 9462 3177 6356
1100.76 9461 3177 6356
1101.76 9462 3177 6357
1102.76 9471 3179 6364
1103.77 9473 3179 6365
1104.77 9470 3178 6363
1105.78 9470 3179 6363
1106.78 9470 3178 6363
1107.78 9473 3179 6365
1108.79 9477 3180 6368
1109.79 9483 3181 6373
1110.8 9480 3180 6370
1111.8 9479 3181 6370
1112.8 9480 3181 6370
1113.81 9486 3182 6376
1114.81 9496 3184 6383
1115.82 9498 3184 6385
1116.82 9493 3183 6381
1117.82 9491 3182 6380
1118.83 9491 3182 6379
1119.83 9489 3182 6378
1120.84 9490 3182 6379
1121.84 9493 3183 6382
1122.84 9493 3183 6381
1123.85 9497 3184 6384
1124.85 9497 3184 6384
1125.86 9503 3185 6389
1126.86 9500 3185 6387
1127.86 9501 3185 6388
1128.87 9504 3186 6390
1129.87 9510 3187 6394
1130.88 9507 3186 6393
1131.88 9508 3186 6393
1132.88 9510 3187 6395
1133.89 9513 3188 6397
1134.89 9519 3189 6402
1135.9 9517 3188 6400
1136.9 9517 3189 6400
1137.9 9520 3189 6402
1138.91 9520 3189 6403
1139.91 9527 3191 6408
1140.92 9525 3190 6406
1141.92 9525 3190 6406
1142.92 9528 3191 6409
1143.93 9537 3193 6416
1144.93 9533 3192 6412
1145.94 9531 3192 6411
1146.94 9531 3192 6411
1147.94 9534 3192 6414
1148.95 9537 3193 6416
1149.95 9535 3192 6415
1150.96 9535 3193 6414
1151.96 9542 3194 6420
1152.96 9544 3194 6421
1153.97 9542 3194 6420
1154.97 9542 3194 6420
1155.98 9548 3195 6425
1156.98 9552 3196 6428
1157.98 9549 3195 6425
1158.99 9548 3195 6425
1159.99 9547 3195 6424
1161 9552 3196 6428
1162 9551 3196 6427
1163 9552 3196 6428
1164.02 9559 3198 6433
1165.02 9557 3197 6431
1166.03 9557 3197 6431
1167.03 9559 3198 6433
1168.04 9568 3200 6441
1169.04 9569 3200 6441
1170.04 9566 3199 6439
1171.05 9566 3199 6439
1172.05 9565 3199 6438
1173.06 9565 3199 6438
1174.06 9567 3200 6440
1175.06 9577 3201 6447
1176.07 9584 3203 6453
1177.07 9578 3201 6449
1178.08 9575 3201 6447
1179.08 9575 3201 6447
1180.08 9574 3200 6446
1181.09 9574 3200 6445
1182.09 9574 3201 6446
1183.1 9576 3201 6447
1184.1 9584 3203 6454
1185.1 9595 3205 6462
1186.11 9598 3205 6465
1187.11 9592 3204 6461
1188.12 9588 3202 6458
1189.12 9586 3202 6456
1190.12 9585 3202 6455
1191.13 9585 3202 6455
1192.13 9584 3202 6455
1193.14 9585 3202 6455
1194.14 9587 3202 6457
1195.15 9597 3205 6465
1196.15 9600 3205 6467
1197.16 9596 3204 6464
1198.16 9591 3203 6461
1199.16 9591 3203 6461
1200.17 9590 3203 6460
1201.17 9590 3203 6459
1202.18 9595 3204 6464
1203.18 9594 3203 6463
1204.18 9594 3203 6463
1205.19 9594 3204 6463
1206.19 9598 3204 6466
1207.2 9601 3205 6468
1208.2 9611 3207 6476
1209.2 9614 3208 6479
1210.21 9609 3206 6476
1211.21 9605 3205 6473
1212.22 9605 3205 6472
1213.22 9604 3205 6471
1214.22 9603 3205 6471
1215.23 9603 3205 6471
1216.23 9610 3207 6476
1217.24 9608 3206 6474
1218.24 9608 3206 6474
1219.24 9608 3206 6474
1220.25 9616 3208 6481
1221.25 9625 3210 6488
1222.26 9620 3208 6485
1223.26 9617 3207 6482
1224.26 9615 3207 6481
1225.27 9615 3207 6481
1226.27 9615 3207 6481
1227.28 9616 3207 6481
1228.28 9624 3209 6488
1229.29 9621 3208 6485
1230.29 9620 3208 6485
1231.29 9621 3208 6485
1232.29 9625 3209 6489
1233.3 9625 3209 6488
1234.3 9625 3209 6488
1235.31 9628 3210 6490
1236.31 9638 3212 6498
1237.31 9646 3214 6505
1238.32 9640 3212 6501
1239.32 9636 3211 6498
1240.32 9634 3211 6496
1241.33 9634 3211 6496
1242.33 9632 3210 6495
1243.34 9632 3210 6495
1244.34 9634 3211 6496
1245.35 9635 3211 6496
1246.35 9638 3212 6499
1247.35 9641 3212 6501
1248.36 9650 3214 6509
1249.36 9647 3213 6507
1250.37 9643 3212 6504
1251.37 9642 3212 6503
1252.37 9642 3212 6502
1253.38 9641 3212 6502
1254.39 9642 3212 6503
1255.39 9645 3213 6505
1256.39 9644 3213 6505
1257.4 9646 3213 6506
1258.4 9652 3214 6511
1259.41 9661 3216 6518
1260.41 9663 3217 6520
1261.41 9659 3215 6517
1262.42 9655 3214 6514
1263.42 9655 3214 6513
1264.43 9654 3214 6513
1265.43 9654 3214 6512
1266.43 9654 3214 6512
1267.44 9662 3216 6519
1268.45 9659 3215 6517
1269.45 9658 3215 6516
1270.45 9659 3215 6516
1271.46 9668 3217 6523
1272.46 9665 3217 6522
1273.47 9663 3216 6520
1274.47 9663 3216 6520
1275.47 9663 3216 6520
1276.48 9672 3218 6527
1277.48 9669 3217 6525
1278.49 9668 3217 6524
1279.49 9668 3217 6524
1280.49 9669 3218 6524
1281.5 9677 3219 6531
1282.5 9679 3220 6533
1283.51 9676 3219 6531
1284.51 9676 3219 6530
1285.51 9675 3219 6530
1286.52 9677 3219 6532
1287.52 9681 3220 6534
1288.53 9689 3222 6541
1289.53 9685 3221 6538
1290.53 9684 3220 6537
1291.55 9684 3220 6537
1292.55 9683 3220 6536
1293.56 9685 3221 6538
1294.56 9695 3223 6545
1295.57 9694 3222 6545
1296.57 9690 3221 6542
1297.57 9689 3221 6541
1298.58 9689 3221 6541
1299.58 9688 3221 6540
1300.59 9693 3222 6545
1301.6 9695 3222 6546
1302.6 9693 3222 6544
1303.61 9692 3222 6544
1304.61 9696 3223 6546
1305.61 9697 3223 6547
1306.62 9696 3223 6547
1307.62 9696 3223 6546
1308.63 9703 3224 6552
1309.63 9704 3224 6553
1310.63 9702 3224 6552
1311.64 9702 3224 6551
1312.64 9706 3225 6554
1313.65 9706 3225 6554
1314.65 9708 3225 6556
1315.65 9707 3225 6555
1316.66 9707 3225 6556
1317.66 9713 3226 6560
1318.67 9714 3227 6561
1319.67 9713 3227 6561
1320.67 9713 3227 6560
1321.68 9719 3228 6565
1322.68 9718 3228 6564
1323.69 9722 3228 6567
1324.69 9720 3228 6566
1325.69 9722 3228 6567
1326.7 9725 3229 6569
1327.72 9732 3231 6575
1328.72 9728 3230 6572
1329.72 9727 3229 6572
1330.74 9728 3230 6572
1331.74 9730 3230 6574
1332.75 9734 3231 6577
1333.75 9733 3231 6576
1334.75 9732 3231 6575
1335.76 9736 3231 6578
1336.76 9744 3233 6585
1337.77 9740 3232 6582
1338.77 9738 3232 6580
1339.77 9738 3232 6580
1340.78 9740 3232 6582
1341.78 9740 3232 6582
1342.79 9741 3232 6583
1343.79 9747 3234 6587
1344.79 9754 3235 6593
1345.8 9750 3234 6590
1346.8 9748 3233 6588
1347.81 9747 3233 6587
1348.81 9746 3233 6587
1349.81 9751 3234 6591
1350.82 9752 3234 6592
1351.82 9752 3234 6592
1352.83 9751 3234 6590
1353.83 9755 3235 6593
1354.83 9754 3235 6593
1355.84 9759 3236 6597
1356.84 9757 3236 6595
1357.85 9757 3236 6596
1358.85 9760 3236 6598
1359.86 9768 3238 6604
1360.87 9764 3237 6601
1361.87 9764 3237 6601
1362.87 9764 3237 6601
1363.88 9765 3237 6602
1364.88 9766 3237 6602
1365.89 9772 3239 6608
1366.89 9774 3239 6609
1367.89 9772 3239 6607
1368.9 9771 3239 6607
1369.9 9772 3239 6607
1370.91 9777 3240 6611
1371.91 9778 3240 6612
1372.92 9777 3240 6611
1373.92 9777 3240 6611
1374.92 9779 3240 6613
1375.93 9784 3241 6617
1376.93 9792 3243 6623
1377.93 9793 3243 6625
1378.95 9789 3242 6622
1379.96 9788 3242 6621
1380.96 9788 3242 6620
1381.96 9787 3242 6619
1382.97 9788 3242 6620
1383.97 9797 3244 6627
1384.98 9799 3244 6629
1385.98 9795 3243 6626
1386.98 9793 3242 6625
1387.99 9792 3242 6624
1388.99 9791 3242 6623
1390 9791 3242 6623
1391 9799 3244 6629
1392 9802 3244 6632
1393.01 9798 3243 6629
1394.01 9796 3243 6628
1395.02 9795 3243 6627
1396.02 9795 3243 6626
1397.02 9794 3243 6626
1398.03 9801 3244 6632
1399.03 9803 3244 6633
1400.04 9801 3244 6632
1401.04 9799 3243 6630
1402.04 9799 3243 6630
1403.05 9799 3243 6630
1404.05 9806 3245 6635
1405.06 9814 3247 6642
1406.06 9817 3247 6644
1407.06 9812 3246 6641
1408.07 9809 3245 6639
1409.07 9809 3245 6638
1410.08 9808 3245 6638
1411.08 9808 3245 6638
1412.08 9808 3245 6638
1413.09 9816 3246 6644
1414.09 9813 3246 6642
1415.1 9812 3246 6641
1416.1 9812 3246 6641
1417.1 9812 3246 6641
1418.11 9818 3247 6646
1419.11 9816 3246 6644
1420.12 9815 3246 6644
1421.12 9816 3247 6644
1422.12 9824 3248 6650
1423.13 9821 3247 6649
1424.13 9820 3247 6648
1425.14 9820 3247 6647
1426.14 9820 3247 6647
1427.14 9824 3248 6651
1428.15 9826 3249 6652
1429.15 9834 3250 6659
1430.16 9835 3250 6660
1431.16 9831 3249 6657
1432.16 9830 3249 6656
1433.17 9830 3249 6655
1434.17 9828 3249 6654
1435.18 9828 3249 6654
1436.18 9833 3250 6658
1437.21 9840 3251 6664
1438.22 9836 3250 6661
1439.22 9834 3250 6659
1440.22 9834 3250 6659
1441.23 9833 3250 6658
1442.23 9835 3250 6660
1443.24 9843 3252 6666
1444.24 9845 3252 6668
1445.24 9841 3251 6665
1446.25 9840 3251 6664
1447.25 9839 3250 6663
1448.26 9838 3250 6663
1449.26 9839 3250 6663
1450.26 9847 3252 6670
1451.27 9849 3252 6671
1452.27 9845 3251 6669
1453.28 9844 3251 6667
1454.28 9843 3251 6667
1455.28 9842 3251 6666
1456.29 9847 3252 6670
1457.29 9846 3252 6669
1458.3 9846 3252 6669
1459.3 9847 3252 6670
1460.3 9854 3254 6676
1461.31 9863 3255 6682
1462.31 9862 3255 6682
1463.32 9857 3254 6679
1464.32 9855 3253 6677
1465.33 9855 3253 6677
1466.34 9854 3253 6676
1467.34 9853 3253 6675
1468.34 9854 3253 6676
1469.35 9855 3253 6677
1470.35 9860 3254 6680
1471.36 9858 3254 6679
1472.36 9860 3254 6681
1473.37 9862 3255 6682
1474.38 9860 3254 6681
1475.38 9862 3255 6682
1476.38 9870 3256 6688
1477.39 9868 3256 6687
1478.39 9866 3256 6686
1479.4 9866 3256 6685
1480.4 9865 3255 6685
1481.4 9866 3256 6685
1482.41 9874 3257 6691
1483.41 9879 3258 6696
1484.42 9875 3257 6693
1485.42 9872 3256 6691
1486.42 9872 3256 6690
1487.43 9871 3256 6690
1488.43 9874 3257 6692
1489.44 9877 3257 6694
1490.44 9876 3257 6694
1491.45 9874 3257 6692
1492.45 9876 3258 6694
1493.46 9877 3258 6695
1494.46 9883 3259 6699
1495.46 9881 3258 6697
1496.47 9880 3258 6697
1497.47 9880 3258 6697
1498.48 9885 3259 6701
1499.49 9883 3259 6700
1500.49 9884 3259 6700
1501.5 9886 3260 6702
1502.5 9894 3261 6708
1503.5 9896 3261 6710
1504.51 9892 3261 6707
1505.51 9891 3260 6706
1506.52 9891 3260 6706
1507.52 9890 3260 6705
1508.52 9893 3261 6708
1509.53 9892 3261 6707
1510.53 9892 3261 6707
1511.53 9896 3262 6710
1512.54 9904 3263 6716
1513.54 9908 3264 6719
1514.54 9904 3263 6717
1515.55 9901 3262 6714
1516.55 9900 3262 6714
1517.56 9900 3262 6713
1518.56 9899 3262 6713
1519.56 9899 3262 6712
1520.57 9905 3263 6717
1521.57 9913 3265 6724
1522.59 9919 3266 6729
1523.59 9915 3265 6726
1524.59 9911 3263 6723
1525.6 9908 3263 6721
1526.6 9908 3263 6720
1527.61 9907 3263 6720
1528.61 9906 3262 6719
1529.61 9906 3262 6719
1530.62 9906 3263 6719
1531.62 9907 3263 6720
1532.63 9913 3264 6724
1533.63 9922 3266 6731
1534.65 9928 3267 6736
1535.66 9924 3266 6733
1536.66 9920 3265 6731
1537.67 9917 3264 6728
1538.67 9915 3264 6727
1539.67 9914 3263 6726
1540.68 9914 3263 6726
1541.68 9913 3263 6725
1542.69 9912 3263 6725
1543.69 9916 3264 6728
1544.69 9923 3265 6733
1545.7 9923 3265 6733
1546.7 9919 3264 6731
1547.71 9918 3264 6729
1548.71 9917 3264 6729
1549.71 9916 3264 6728
1550.72 9916 3264 6728
1551.72 9919 3264 6731
1552.73 9922 3265 6732
1553.73 9929 3266 6738
1554.73 9930 3266 6739
1555.74 9926 3265 6736
1556.74 9924 3265 6735
1557.75 9923 3265 6734
1558.75 9922 3265 6733
1559.75 9922 3265 6733
1560.76 9924 3265 6735
1561.76 9924 3265 6735
1562.77 9926 3265 6736
1563.77 9927 3266 6737
1564.77 9930 3266 6739
1565.78 9930 3266 6740
1566.78 9929 3266 6739
1567.79 9929 3266 6738
1568.79 9930 3266 6739
1569.8 9934 3267 6743
1570.8 9937 3268 6745
1571.81 9935 3267 6743
1572.81 9934 3267 6743
1573.81 9934 3267 6743
1574.82 9935 3267 6743
1575.82 9935 3267 6744
1576.83 9942 3269 6749
1577.83 9940 3268 6747
1578.83 9939 3268 6747
1579.84 9939 3268 6746
1580.84 9940 3269 6748
1581.85 9944 3269 6750
1582.85 9951 3271 6756
1583.85 9951 3271 6756
1584.86 9948 3270 6754
1585.87 9946 3269 6753
1586.87 9946 3269 6752
1587.87 9946 3269 6752
1588.88 9946 3270 6753
1589.88 9948 3270 6754
1590.89 9948 3270 6754
1591.89 9948 3270 6754
1592.89 9950 3270 6755
1593.9 9958 3272 6762
1594.9 9958 3272 6762
1595.91 9954 3271 6759
1596.91 9953 3271 6758
1597.91 9952 3271 6757
1598.92 9952 3271 6757
1599.92 9952 3271 6757
1600.93 9957 3272 6761
1601.93 9958 3272 6762
1602.93 9957 3272 6761
1603.94 9956 3271 6761
1604.94 9956 3272 6761
1605.95 9960 3272 6764
1606.95 9967 3274 6769
1607.95 9966 3273 6769
1608.96 9963 3273 6766
1609.96 9962 3273 6766
1610.97 9961 3272 6765
1611.97 9961 3272 6765
1612.97 9963 3273 6767
1613.98 9965 3273 6768
1614.98 9967 3274 6770
1615.99 9966 3273 6769
1616.99 9966 3273 6768
1617.99 9967 3274 6769
1619 9968 3274 6770
1620 9969 3274 6771
1621.01 9972 3275 6774
1622.01 9979 3276 6779
1623.01 9977 3276 6778
1624.02 9975 3275 6776
1625.02 9974 3275 6775
1626.03 9974 3275 6775
1627.03 9975 3275 6776
1628.03 9975 3275 6776
1629.04 9975 3275 6776
1630.04 9981 3277 6781
1631.05 9980 3276 6780
1632.05 9979 3276 6779
1633.05 9979 3276 6779
1634.06 9984 3277 6783
1635.06 9982 3277 6781
1636.07 9981 3277 6781
1637.07 9981 3277 6781
1638.09 9985 3277 6784
1639.09 9984 3277 6783
1640.09 9990 3278 6788
1641.1 9987 3278 6785
1642.1 9986 3277 6784
1643.11 9986 3278 6784
1644.11 9986 3278 6785
1645.11 9988 3278 6787
1646.12 9988 3278 6786
1647.12 9987 3278 6786
1648.13 9992 3279 6789
1649.13 9999 3280 6795
1650.13 9996 3280 6793
1651.14 9994 3279 6791
1652.14 9993 3279 6791
1653.15 9993 3279 6790
1654.15 9993 3279 6790
1655.16 9999 3280 6795
1656.16 9997 3280 6793
1657.17 9996 3279 6792
1658.17 9995 3279 6792
1659.18 9995 3279 6792
1660.18 9998 3280 6794
1661.18 9998 3280 6795
1662.19 9998 3280 6794
1663.19 9999 3280 6795
1664.2 10004 3281 6799
1665.2 10009 3282 6803
1666.2 10006 3281 6801
1667.21 10004 3281 6799
1668.21 10003 3281 6799
1669.22 10003 3281 6798
1670.22 10004 3281 6799
1671.22 10006 3282 6801
1672.23 10012 3283 6805
1673.24 10009 3282 6803
1674.24 10008 3282 6802
1675.24 10007 3282 6802
1676.25 10008 3282 6802
1677.25 10008 3282 6802
1678.26 10012 3283 6805
1679.26 10012 3283 6805
1680.26 10014 3283 6807
1681.27 10012 3283 6806
1682.27 10013 3283 6806
1683.28 10014 3284 6807
1684.28 10018 3284 6810
1685.28 10016 3284 6809
1686.29 10016 3284 6809
1687.3 10018 3284 6810
1688.3 10025 3286 6816
1689.3 10026 3286 6817
1690.31 10023 3285 6814
1691.31 10022 3285 6814
1692.32 10021 3285 6813
1693.32 10021 3285 6813
1694.32 10026 3286 6816
1695.33 10024 3285 6815
1696.33 10024 3285 6815
1697.34 10024 3286 6815
1698.34 10030 3287 6820
1699.34 10036 3288 6824
1700.35 10032 3287 6822
1701.35 10030 3286 6820
1702.36 10029 3286 6819
1703.36 10028 3286 6818
1704.36 10027 3286 6818
1705.37 10027 3286 6818
1706.38 10031 3287 6821
1707.38 10038 3288 6826
1708.38 10037 3288 6826
1709.39 10034 3287 6824
1710.39 10032 3287 6822
1711.4 10031 3286 6821
1712.4 10030 3286 6821
1713.4 10030 3286 6821
1714.41 10034 3287 6823
1715.41 10035 3287 6824
1716.41 10034 3287 6823
1717.42 10033 3287 6823
1718.42 10032 3287 6822
1719.43 10037 3288 6826
1720.43 10044 3289 6831
1721.43 10047 3290 6834
1722.44 10043 3289 6831
1723.44 10040 3288 6829
1724.45 10039 3288 6828
1725.45 10038 3288 6827
1726.45 10037 3287 6827
1727.46 10036 3287 6826
1728.46 10037 3287 6826
1729.47 10042 3289 6831
1730.47 10048 3290 6835
1731.47 10044 3288 6832
1732.48 10041 3288 6830
1733.48 10039 3287 6829
1734.49 10038 3287 6828
1735.49 10038 3287 6827
1736.49 10037 3287 6827
1737.5 10038 3287 6827
1738.5 10042 3288 6830
1739.51 10047 3289 6835
1740.51 10046 3289 6834
1741.51 10043 3288 6832
1742.52 10042 3288 6831
1743.52 10041 3288 6830
1744.53 10040 3287 6829
1745.53 10040 3287 6829
1746.53 10046 3289 6834
1747.54 10045 3288 6833
1748.54 10043 3288 6832
1749.55 10043 3288 6832
1750.55 10042 3288 6831
1751.55 10045 3289 6834
1752.56 10046 3289 6834
1753.56 10052 3290 6839
1754.57 10050 3289 6838
1755.57 10048 3289 6836
1756.57 10047 3289 6835
1757.58 10047 3289 6835
1758.58 10046 3289 6834
1759.59 10048 3289 6835
1760.59 10052 3290 6839
1761.59 10054 3290 6841
1762.6 10051 3290 6839
1763.6 10051 3289 6838
1764.61 10050 3289 6837
1765.61 10050 3289 6837
1766.61 10055 3291 6841
1767.62 10058 3291 6844
1768.62 10055 3290 6842
1769.63 10054 3290 6840
1770.63 10053 3290 6840
1771.63 10052 3290 6839
1772.64 10054 3290 6841
1773.64 10055 3290 6841
1774.65 10058 3291 6844
1775.65 10060 3291 6846
1776.65 10057 3291 6844
1777.66 10057 3291 6843
1778.66 10056 3291 6842
1779.67 10056 3291 6842
1780.67 10060 3291 6846
1781.68 10067 3293 6851
1782.68 10067 3293 6851
1783.68 10064 3292 6849
1784.69 10062 3291 6847
1785.69 10061 3291 6847
1786.71 10061 3291 6846
1787.72 10060 3291 6846
1788.72 10061 3291 6846
1789.72 10061 3291 6846
1790.73 10065 3292 6850
1791.73 10063 3292 6848
1792.74 10063 3292 6848
1793.74 10063 3292 6848
1794.74 10069 3293 6853
1795.75 10067 3293 6851
1796.75 10066 3292 6850
1797.76 10065 3292 6850
1798.76 10065 3292 6850
1799.76 10068 3293 6852
1800.77 10069 3293 6853
1801.77 10073 3294 6856
1802.78 10070 3293 6854
1803.78 10069 3293 6853
1804.79 10070 3293 6854
1805.79 10070 3293 6854
1806.8 10071 3294 6855
1807.8 10075 3294 6858
1808.8 10073 3294 6856
1809.81 10073 3294 6856
