# timestamp	utilization (%) \n
-247.752 0
-242.511 0
-236.525 0
-229.073 0
-223.603 0
-214.016 0
-207.488 0
-201.637 0
-195.161 0
-186.527 0
-180.036 0
-172.244 0
-162.698 0
-154.716 0
-145.263 0
-136.956 0
-129.138 0
-121.368 0
-115.282 0
-106.389 0
-98.3004 0
-92.2283 0
-81.5647 0
-74.1839 0
-64.4363 0
-56.5051 0
-48.2079 0
-40.18 0
-32.1882 0
-22.2354 0
-13.8907 0
-8.86631 0
-2.89058 0
3.10923 0
8.12574 0
13.1499 0
18.17 0
23.1904 0
28.2104 0
33.2305 0
38.2507 0
43.2708 0
48.291 0
53.3111 0
58.3313 0
63.3554 0
68.3756 0
73.3957 0
78.4159 0
83.436 0
88.4602 0
93.4924 0
98.5125 0
103.533 0
108.553 0
113.569 0
118.593 0
123.601 0
128.601 0
133.6 0
138.599 1
143.599 1
148.598 1
153.598 1
158.597 1
163.597 1
168.601 1
173.6 1
178.609 1
183.608 2
188.607 2
193.611 2
198.611 2
203.611 2
208.61 2
213.61 2
218.61 2
223.61 2
228.609 3
233.613 3
238.613 3
243.617 3
248.617 3
253.616 3
258.628 3
263.628 3
268.628 4
273.636 4
278.636 4
283.636 4
288.636 4
293.635 4
298.635 4
303.635 4
308.635 5
313.635 5
318.635 5
323.635 5
328.635 5
333.635 5
338.635 5
343.635 6
348.635 6
353.635 6
358.635 6
363.635 6
368.635 6
373.639 7
378.643 7
383.643 7
388.643 7
393.643 7
398.659 7
403.679 8
408.699 8
413.719 8
418.739 8
423.759 8
428.779 9
433.799 9
438.819 9
443.847 9
448.867 9
453.887 9
458.911 9
463.931 9
468.951 9
473.971 9
478.991 9
484.011 9
489.031 9
494.051 9
499.075 9
504.095 9
509.115 9
514.135 10
519.155 9
524.175 9
529.195 9
534.215 9
539.239 9
544.264 9
549.284 9
554.308 9
559.332 9
564.36 9
569.385 9
574.408 9
579.428 9
584.448 9
589.468 9
594.488 9
599.508 9
604.532 9
609.552 9
614.589 10
619.608 10
624.628 10
629.648 10
634.669 10
639.689 10
644.709 10
649.729 10
654.749 10
659.765 10
664.785 10
669.805 10
674.825 11
679.85 11
684.869 11
689.889 11
694.91 11
699.929 12
704.961 12
709.978 12
714.998 12
720.027 12
725.066 13
730.086 13
735.11 13
740.13 13
745.15 13
750.182 13
755.198 14
760.218 14
765.238 14
770.258 14
775.286 14
780.307 14
785.327 14
790.359 15
795.379 15
800.399 15
805.419 15
810.441 15
815.459 15
820.479 15
825.499 15
830.519 16
835.539 16
840.563 16
845.592 16
850.611 16
855.632 16
860.672 16
865.692 17
870.712 16
875.732 17
880.752 17
885.772 17
890.792 17
895.812 17
900.832 17
905.852 17
910.872 17
915.896 17
920.912 17
925.933 17
930.957 17
935.977 18
940.997 18
946.017 18
951.033 18
956.053 18
961.105 18
966.125 19
971.146 18
976.165 19
981.185 19
986.205 19
991.225 19
996.246 19
1001.27 19
1006.3 19
1011.32 19
1016.34 19
1021.37 19
1026.39 20
1031.44 20
1036.46 20
1041.5 20
1046.52 20
1051.54 20
1056.57 20
1061.59 21
1066.61 20
1071.63 20
1076.65 21
1081.67 21
1086.7 21
1091.71 21
1096.74 21
1101.76 21
1106.78 21
1111.8 21
1116.82 21
1121.84 21
1126.86 21
1131.88 22
1136.9 22
1141.92 22
1146.94 22
1151.96 22
1156.98 22
1162 22
1167.03 22
1172.05 22
1177.07 22
1182.09 22
1187.11 22
1192.13 22
1197.16 22
1202.18 23
1207.2 23
1212.22 23
1217.24 23
1222.26 23
1227.28 23
1232.29 23
1237.31 23
1242.33 23
1247.35 23
1252.37 23
1257.4 23
1262.42 23
1267.44 23
1272.46 23
1277.48 23
1282.5 23
1287.52 24
1292.55 24
1297.57 23
1302.6 24
1307.62 24
1312.64 24
1317.66 24
1322.68 24
1327.72 24
1332.75 24
1337.77 24
1342.79 24
1347.81 24
1352.83 24
1357.85 24
1362.87 24
1367.89 25
1372.92 25
1377.93 25
1382.97 25
1387.99 25
1393.01 25
1398.03 25
1403.05 25
1408.07 25
1413.09 26
1418.11 25
1423.13 26
1428.15 26
1433.17 26
1438.22 26
1443.24 26
1448.26 26
1453.28 26
1458.3 26
1463.32 26
1468.34 26
1473.37 26
1478.39 26
1483.41 26
1488.43 27
1493.46 27
1498.48 27
1503.5 27
1508.52 27
1513.54 27
1518.56 27
1523.59 27
1528.61 27
1533.63 28
1538.67 27
1543.69 28
1548.71 28
1553.73 28
1558.75 28
1563.77 28
1568.79 28
1573.81 28
1578.83 28
1583.85 28
1588.88 28
1593.9 28
1598.92 28
1603.94 28
1608.96 28
1613.98 29
1619 29
1624.02 29
1629.04 29
1634.06 29
1639.09 29
1644.11 29
1649.13 29
1654.15 29
1659.18 29
1664.2 29
1669.22 29
1674.24 29
1679.26 29
1684.28 30
1689.3 30
1694.32 30
1699.34 30
1704.36 30
1709.39 30
1714.41 30
1719.43 30
1724.45 30
1729.47 31
1734.49 30
1739.51 31
1744.53 30
1749.55 30
1754.57 31
1759.59 31
1764.61 31
1769.63 31
1774.65 31
1779.67 31
1784.69 31
1789.72 31
1794.74 31
1799.76 31
1804.79 31
