# timestamp	GC Total Latency (msec)		CP	Meta	Filemap	Cache	Read	Write\n
325.347 24647 7960 1000 4464 8557 1457 1209
326.369 23979 7206 1014 4491 8778 1375 1115
327.374 23647 6714 1029 4555 8803 1519 1027
328.419 23020 6314 1081 4486 8623 1502 1014
329.451 22747 6077 1041 4432 8642 1547 1008
330.494 22698 5849 1012 4468 8752 1567 1050
331.497 22632 5687 1024 4427 8773 1690 1031
334.52 22586 5642 1035 4429 8738 1712 1030
335.632 22516 5533 1028 4375 8858 1706 1016
336.652 22365 5374 973 4430 8827 1753 1008
337.668 22181 5179 987 4544 8758 1708 1005
338.717 22125 5077 1003 4582 8792 1701 970
339.727 22106 5012 984 4634 8842 1616 1018
340.749 22035 4931 963 4718 8812 1633 978
341.79 22079 4878 955 4807 8818 1646 975
344.31 22029 4837 950 4790 8818 1671 963
345.355 21918 4760 964 4788 8782 1655 969
346.774 21846 4679 970 4774 8753 1661 1009
347.808 21778 4635 972 4723 8783 1672 993
348.825 21713 4641 977 4698 8742 1681 974
349.854 21698 4629 979 4647 8780 1680 983
350.892 21697 4592 998 4724 8754 1662 967
351.926 21661 4577 989 4707 8741 1669 978
352.932 21653 4514 992 4718 8689 1669 1071
353.957 21650 4510 987 4687 8736 1656 1074
355.02 21645 4491 983 4677 8764 1645 1085
356.071 21595 4467 968 4674 8786 1633 1067
357.108 21612 4464 969 4657 8830 1633 1059
358.121 21644 4475 965 4724 8778 1640 1062
359.156 21638 4498 977 4753 8705 1643 1062
360.193 21728 4569 961 4801 8706 1634 1057
364.241 21796 4631 955 4807 8698 1647 1058
365.278 21792 4624 961 4787 8681 1676 1063
366.307 21782 4606 951 4762 8713 1680 1070
367.322 21759 4589 938 4780 8698 1687 1067
368.366 21723 4568 943 4792 8687 1674 1059
369.373 21691 4549 941 4775 8695 1670 1061
370.407 21702 4530 951 4788 8705 1650 1078
371.44 21690 4516 955 4800 8680 1656 1083
372.446 21694 4494 957 4796 8685 1674 1088
375.232 21671 4491 957 4791 8678 1668 1086
376.267 21624 4492 958 4755 8681 1655 1083
377.331 21613 4487 945 4758 8693 1649 1081
378.343 21598 4467 945 4738 8725 1643 1080
379.354 21596 4465 947 4743 8716 1641 1084
380.386 21589 4468 960 4696 8694 1666 1105
381.401 21560 4467 957 4691 8669 1657 1119
382.409 21552 4458 949 4696 8658 1662 1129
383.455 21537 4448 955 4711 8609 1663 1151
385.817 21529 4450 954 4722 8598 1657 1148
386.858 21533 4465 950 4729 8596 1657 1136
387.865 21522 4440 955 4726 8608 1659 1134
388.882 21523 4441 962 4709 8622 1653 1136
389.891 21524 4446 962 4709 8622 1649 1136
390.912 21551 4436 957 4710 8630 1687 1131
391.947 21561 4445 962 4708 8645 1675 1126
393 21555 4430 966 4716 8625 1695 1123
394.016 21545 4422 966 4727 8616 1689 1125
395.03 21524 4411 959 4726 8594 1706 1128
397.119 21501 4402 957 4728 8565 1707 1142
398.185 21487 4400 949 4721 8562 1715 1140
399.189 21490 4405 960 4716 8557 1709 1143
400.214 21485 4410 960 4731 8535 1707 1142
401.257 21494 4408 956 4751 8536 1702 1141
402.32 21519 4420 951 4770 8531 1699 1148
403.484 21480 4402 946 4766 8528 1695 1143
404.507 21433 4371 941 4768 8517 1693 1143
405.52 21410 4370 941 4787 8488 1686 1138
406.529 21405 4369 938 4790 8470 1690 1148
407.677 21402 4374 947 4788 8462 1678 1153
408.715 21416 4387 962 4792 8429 1678 1168
409.748 21398 4381 967 4788 8418 1678 1166
411.673 21399 4367 968 4805 8413 1682 1164
412.683 21363 4351 966 4807 8393 1684 1162
413.692 21358 4347 978 4821 8362 1680 1170
414.743 21348 4345 979 4824 8355 1686 1159
415.791 21343 4360 975 4828 8325 1690 1165
416.794 21324 4356 979 4813 8316 1690 1170
417.836 21310 4351 979 4815 8305 1689 1171
418.884 21324 4346 974 4821 8312 1699 1172
419.89 21327 4342 976 4845 8302 1699 1163
420.939 21301 4337 970 4845 8299 1693 1157
421.949 21303 4343 970 4842 8318 1683 1147
423.006 21337 4375 970 4834 8320 1691 1147
426.901 21364 4400 965 4841 8314 1695 1149
427.902 21355 4399 963 4839 8317 1698 1139
428.949 21358 4402 963 4827 8316 1714 1136
429.962 21351 4397 961 4834 8308 1715 1136
431.039 21356 4397 960 4813 8304 1729 1153
432.082 21347 4393 961 4813 8293 1726 1161
433.15 21335 4386 960 4818 8293 1717 1161
434.16 21325 4382 969 4805 8289 1720 1160
435.193 21331 4375 970 4811 8292 1722 1161
438.888 21331 4371 968 4826 8285 1727 1154
439.917 21320 4363 969 4827 8277 1732 1152
440.94 21308 4369 968 4826 8257 1734 1154
441.974 21311 4373 971 4831 8253 1727 1156
442.999 21303 4373 969 4833 8238 1733 1157
444.004 21312 4378 975 4834 8235 1731 1159
445.016 21312 4379 984 4827 8226 1735 1161
446.06 21326 4381 987 4822 8238 1737 1161
447.096 21327 4384 987 4844 8226 1731 1155
448.122 21327 4391 994 4836 8222 1731 1153
450.96 21316 4386 994 4837 8216 1731 1152
451.975 21313 4380 991 4849 8206 1730 1157
452.984 21291 4374 993 4839 8192 1725 1168
454.037 21287 4375 995 4832 8187 1726 1172
455.25 21289 4374 994 4843 8187 1722 1169
456.256 21282 4377 994 4840 8177 1726 1168
457.301 21304 4380 992 4853 8179 1729 1171
458.324 21317 4380 994 4848 8188 1732 1175
459.344 21319 4376 997 4850 8183 1734 1179
460.372 21326 4369 999 4861 8188 1733 1176
461.385 21319 4364 996 4860 8185 1733 1181
462.443 21320 4360 992 4863 8193 1732 1180
463.481 21318 4359 991 4856 8196 1736 1180
464.905 21309 4356 990 4856 8198 1732 1177
465.92 21305 4360 991 4850 8197 1728 1179
466.949 21294 4359 989 4837 8210 1720 1179
467.966 21313 4365 984 4847 8211 1723 1183
468.994 21326 4362 988 4856 8216 1721 1183
470.03 21333 4375 988 4843 8220 1724 1183
471.095 21366 4387 990 4852 8212 1738 1187
474.659 21376 4389 989 4865 8205 1737 1191
475.689 21362 4388 988 4876 8181 1735 1194
476.751 21369 4384 987 4883 8189 1729 1197
477.823 21379 4387 989 4891 8194 1725 1193
478.84 21383 4385 991 4884 8201 1725 1197
479.883 21404 4394 994 4884 8212 1727 1193
480.932 21405 4394 992 4891 8205 1731 1192
481.996 21427 4391 994 4909 8216 1727 1190
483.056 21431 4396 992 4912 8218 1729 1184
484.123 21439 4396 987 4912 8228 1723 1193
485.126 21448 4405 984 4910 8232 1723 1194
486.143 21472 4426 983 4907 8231 1730 1195
487.19 21510 4451 982 4922 8226 1740 1189
491.553 21529 4469 978 4922 8232 1736 1192
492.552 21525 4472 980 4922 8224 1734 1193
493.554 21527 4466 981 4922 8216 1744 1198
494.589 21518 4463 977 4927 8207 1744 1200
495.651 21521 4462 978 4926 8213 1745 1197
496.709 21514 4458 978 4929 8201 1747 1201
497.731 21496 4450 976 4920 8191 1750 1209
498.777 21489 4448 974 4912 8191 1750 1214
499.841 21492 4447 970 4907 8200 1758 1210
500.875 21495 4443 967 4911 8206 1757 1211
501.954 21495 4440 965 4922 8202 1755 1211
502.975 21489 4434 968 4920 8198 1755 1214
504.029 21499 4430 966 4932 8201 1754 1216
505.095 21491 4421 964 4938 8203 1750 1215
507.308 21493 4418 964 4933 8207 1753 1218
508.32 21492 4416 962 4939 8206 1752 1217
509.346 21494 4409 959 4940 8210 1754 1222
510.359 21508 4409 961 4948 8206 1759 1225
511.416 21517 4402 959 4946 8216 1764 1230
512.434 21521 4397 957 4945 8227 1763 1232
513.512 21534 4398 960 4947 8232 1761 1236
514.53 21536 4395 957 4948 8238 1762 1236
515.557 21548 4388 955 4953 8250 1763 1239
516.6 21553 4388 957 4949 8257 1758 1244
517.674 21554 4389 955 4949 8255 1762 1244
518.757 21555 4387 953 4958 8250 1762 1245
519.774 21562 4383 953 4969 8253 1761 1243
520.789 21569 4383 951 4973 8258 1760 1244
523.602 21570 4382 952 4974 8260 1758 1244
524.628 21572 4380 953 4978 8258 1756 1247
525.66 21572 4377 949 4981 8259 1759 1247
526.668 21572 4369 947 4982 8263 1758 1253
527.679 21581 4368 952 4989 8267 1755 1250
528.732 21593 4366 954 4987 8267 1761 1258
529.871 21584 4360 952 4989 8267 1760 1256
530.912 21589 4357 953 4996 8271 1756 1256
531.939 21589 4357 953 4997 8271 1752 1259
532.964 21600 4351 950 5013 8269 1759 1258
533.984 21603 4351 951 5024 8262 1756 1259
535.01 21615 4356 951 5023 8270 1761 1254
536.059 21617 4361 951 5022 8266 1764 1253
537.484 21631 4359 952 5027 8274 1763 1256
538.501 21635 4360 949 5032 8273 1765 1256
539.567 21633 4361 952 5027 8268 1764 1261
540.601 21637 4366 952 5029 8268 1761 1261
541.642 21643 4374 954 5030 8263 1761 1261
542.656 21663 4384 953 5037 8267 1764 1258
543.713 21683 4391 953 5037 8275 1765 1262
546.358 21700 4397 956 5031 8281 1769 1266
547.419 21706 4402 956 5028 8282 1771 1267
548.489 21720 4409 955 5030 8287 1772 1267
549.503 21738 4414 957 5032 8298 1773 1264
550.537 21751 4421 958 5030 8300 1774 1268
551.621 21760 4424 957 5032 8310 1772 1265
552.699 21772 4429 958 5037 8313 1771 1264
553.752 21771 4433 958 5030 8315 1772 1263
554.758 21774 4434 957 5026 8320 1773 1264
557.076 21784 4435 957 5033 8326 1772 1261
558.082 21783 4439 953 5035 8328 1769 1259
559.133 21787 4441 953 5030 8327 1772 1264
560.15 21800 4443 955 5033 8331 1775 1263
561.156 21814 4446 954 5032 8339 1777 1266
562.184 21830 4450 953 5043 8340 1777 1267
563.227 21849 4458 952 5045 8348 1778 1268
564.278 21870 4465 951 5043 8366 1779 1266
565.307 21881 4474 956 5043 8364 1779 1265
567.724 21888 4473 955 5051 8359 1783 1267
568.73 21897 4476 955 5058 8357 1782 1269
569.742 21901 4475 953 5060 8365 1779 1269
570.792 21915 4478 952 5064 8374 1778 1269
571.884 21923 4487 952 5060 8375 1779 1270
572.929 21933 4490 954 5069 8371 1777 1272
573.962 21931 4493 955 5067 8358 1779 1279
574.975 21948 4498 955 5068 8369 1776 1282
576.008 21954 4500 953 5070 8371 1776 1284
579.15 21953 4500 953 5074 8368 1775 1283
580.209 21940 4499 952 5075 8350 1777 1287
581.402 21943 4499 955 5080 8345 1775 1289
582.433 21939 4498 953 5087 8340 1774 1287
583.455 21949 4494 957 5093 8340 1777 1288
584.516 21954 4493 957 5098 8344 1774 1288
585.52 21959 4493 955 5104 8344 1774 1289
586.534 21970 4489 953 5108 8353 1773 1294
587.587 21983 4490 952 5109 8365 1774 1293
588.615 21987 4489 951 5106 8375 1774 1292
589.635 21991 4485 950 5107 8376 1776 1297
590.663 21999 4484 953 5111 8378 1773 1300
591.665 21997 4480 953 5121 8368 1774 1301
592.667 22008 4481 951 5126 8367 1777 1306
593.683 22017 4484 954 5127 8360 1782 1310
594.71 22029 4493 953 5130 8362 1782 1309
595.745 22048 4503 951 5132 8368 1784 1310
596.763 22074 4517 950 5134 8379 1783 1311
600.611 22079 4522 951 5137 8376 1783 1310
601.622 22069 4521 953 5135 8367 1780 1313
602.626 22073 4522 953 5137 8364 1783 1314
603.648 22080 4526 952 5126 8379 1779 1318
604.728 22090 4525 949 5136 8383 1778 1319
605.739 22099 4526 946 5138 8389 1780 1320
606.816 22112 4525 948 5137 8398 1786 1318
607.844 22123 4527 950 5138 8400 1789 1319
608.867 22127 4527 950 5134 8403 1792 1321
609.873 22137 4526 951 5137 8411 1790 1322
613.453 22145 4523 951 5139 8422 1792 1318
614.485 22140 4519 949 5137 8424 1790 1321
615.513 22158 4523 948 5142 8428 1792 1325
616.519 22158 4521 950 5148 8420 1789 1330
617.56 22165 4521 953 5147 8424 1791 1329
618.609 22165 4520 952 5146 8429 1791 1327
619.635 22167 4518 952 5146 8431 1793 1327
620.655 22174 4514 954 5143 8441 1793 1329
621.733 22180 4513 955 5141 8450 1793 1328
622.803 22190 4510 958 5144 8456 1794 1328
624.37 22197 4510 960 5140 8457 1797 1333
