2.0	258.661
4.0	243.669
6.0	208.158
8.0	250.996
10.0	216.549
12.0	229.217
14.0	232.114
16.0	219.746
18.0	245.221
20.0	227.004
22.0	220.35
24.0	255.111
26.0	216.596
28.0	242.081
30.0	240.008
32.0	235.172
34.0	234.3
36.0	226.243
38.0	238.553
40.0	231.461
42.0	213.032
44.0	243.455
46.0	193.571
48.0	225.327
50.0	226.404
52.0	208.464
54.0	194.515
56.0	202.045
58.0	249.739
60.0	217.935
62.0	220.924
64.0	216.142
66.0	202.036
68.0	236.917
70.0	210.916
72.0	197.487
74.0	230.0
76.0	218.991
78.0	216.066
80.0	212.31
82.0	197.544
84.0	197.516
86.0	247.566
88.0	217.425
90.0	214.565
92.0	192.298
94.0	200.094
96.0	215.335
98.0	221.512
100.0	215.429
102.0	194.944
104.0	203.604
106.0	208.082
108.0	249.909
110.0	208.82
112.0	202.745
114.0	219.373
116.0	221.02
118.0	196.145
120.0	229.502
122.0	220.988
124.0	202.084
126.0	205.178
128.0	232.53
130.0	211.794
132.0	203.477
134.0	219.823
136.0	223.431
138.0	193.765
140.0	226.52
142.0	216.176
144.0	191.525
146.0	234.229
148.0	216.709
150.0	215.343
152.0	206.239
154.0	178.255
156.0	227.475
158.0	209.228
160.0	194.497
162.0	242.908
164.0	208.414
166.0	213.761
168.0	213.15
170.0	200.287
172.0	231.338
174.0	201.165
176.0	202.444
178.0	241.447
180.0	199.874
182.0	201.425
184.0	192.508
186.0	220.212
188.0	237.376
190.0	209.302
192.0	197.19
194.0	203.909
196.0	244.258
198.0	204.307
200.0	195.088
202.0	228.353
204.0	220.141
206.0	212.036
208.0	188.864
210.0	198.487
212.0	224.895
214.0	215.602
216.0	194.782
218.0	194.785
220.0	173.754
222.0	213.58
224.0	224.858
226.0	215.781
228.0	194.508
230.0	234.619
232.0	203.913
234.0	199.824
236.0	176.158
238.0	210.455
240.0	215.608
242.0	213.278
244.0	197.529
246.0	228.7
248.0	211.098
250.0	192.343
252.0	192.68
254.0	213.347
256.0	139.325
258.0	235.154
260.0	214.616
262.0	207.845
264.0	174.189
266.0	119.285
268.0	126.189
270.0	230.393
272.0	205.397
274.0	191.11
276.0	215.078
278.0	223.259
280.0	209.467
282.0	191.839
284.0	229.902
286.0	192.734
288.0	207.128
290.0	242.06
292.0	200.713
294.0	192.954
296.0	230.171
298.0	216.22
300.0	209.924
302.0	214.874
304.0	201.129
306.0	228.115
308.0	212.292
310.0	198.186
312.0	224.43
314.0	214.21
316.0	183.807
318.0	149.078
320.0	170.01
322.0	99.217
324.0	100.306
326.0	70.597
328.0	73.532
330.0	71.867
332.0	165.136
334.0	221.107
336.0	95.512
338.0	73.564
340.0	72.413
342.0	131.564
344.0	204.389
346.0	125.14
348.0	116.409
350.0	93.35
352.0	74.244
354.0	72.523
356.0	73.756
358.0	74.645
360.0	74.466
362.0	250.618
364.0	195.148
366.0	72.281
368.0	72.85
370.0	71.167
372.0	89.585
374.0	254.808
376.0	125.668
378.0	93.531
380.0	71.025
382.0	74.742
384.0	173.781
386.0	155.203
388.0	134.797
390.0	113.182
392.0	91.788
394.0	67.194
396.0	171.627
398.0	125.253
400.0	118.152
402.0	102.459
404.0	108.424
406.0	125.063
408.0	88.847
410.0	89.891
412.0	154.812
414.0	87.631
416.0	72.965
418.0	71.898
420.0	71.719
422.0	71.708
424.0	176.677
426.0	234.051
428.0	89.552
430.0	69.279
432.0	69.134
434.0	70.302
436.0	126.254
438.0	237.727
440.0	108.077
442.0	88.371
444.0	70.105
446.0	67.887
448.0	82.639
450.0	233.966
452.0	105.994
454.0	109.027
456.0	105.251
458.0	68.561
460.0	67.958
462.0	72.469
464.0	164.522
466.0	74.245
468.0	72.545
470.0	67.416
472.0	187.35
474.0	213.714
476.0	89.195
478.0	66.789
480.0	68.844
482.0	69.303
484.0	68.602
486.0	68.554
488.0	151.554
490.0	225.654
492.0	149.005
494.0	106.395
496.0	108.313
498.0	106.08
500.0	67.217
502.0	59.615
504.0	61.407
506.0	156.002
508.0	125.375
510.0	103.009
512.0	60.86
514.0	60.002
516.0	60.572
518.0	60.991
520.0	61.4
522.0	193.994
524.0	143.547
526.0	81.477
528.0	129.559
530.0	113.088
532.0	68.527
534.0	65.269
536.0	64.881
538.0	113.418
540.0	66.985
542.0	65.679
544.0	107.241
546.0	183.668
548.0	59.117
550.0	57.36
552.0	57.877
554.0	57.816
556.0	190.698
558.0	71.469
560.0	60.881
562.0	57.135
564.0	59.565
566.0	112.685
568.0	118.319
570.0	58.318
572.0	60.179
574.0	59.121
576.0	131.423
578.0	232.137
580.0	116.326
582.0	111.246
584.0	98.587
586.0	56.415
588.0	62.161
590.0	61.62
592.0	66.11
594.0	65.813
596.0	55.183
598.0	212.496
600.0	214.026
602.0	82.556
604.0	63.588
606.0	65.788
608.0	62.724
610.0	65.542
612.0	240.019
614.0	116.711
616.0	60.458
618.0	64.206
620.0	66.209
622.0	61.924
624.0	143.016
