 3570
 3628
 3633
 3692
 3699
 3711
 3713
 3749
 3786
 3804
 3812
 3813
 3826
 3839
 3840
 3851
 3874
 3874
 3900
 3915
 3921
 3930
 3959
 3959
 3969
 3975
 3978
 3981
 3982
 4015
 4016
 4028
 4031
 4040
 4049
 4051
 4055
 4058
 4064
 4079
 4087
 4093
 4099
 4103
 4110
 4123
 4126
 4126
 4139
 4147
 4154
 4154
 4163
 4183
 4186
 4224
 4231
 4231
 4231
 4234
 4234
 4244
 4248
 4250
 4258
 4258
 4265
 4297
 4309
 4323
 4323
 4332
 4334
 4335
 4336
 4342
 4344
 4344
 4348
 4352
 4353
 4354
 4356
 4361
 4367
 4367
 4376
 4377
 4384
 4386
 4387
 4390
 4391
 4393
 4394
 4397
 4401
 4418
 4419
 4423
 4442
 4449
 4459
 4466
 4481
 4484
 4487
 4495
 4506
 4507
 4512
 4515
 4518
 4536
 4555
 4575
 4582
 4598
 4602
 4608
 4612
 4618
 4621
 4641
 4646
 4655
 4657
 4659
 4673
 4677
 4679
 4689
 4699
 4706
 4711
 4711
 4744
 4752
 4753
 4765
 4768
 4768
 4770
 4778
 4804
 4830
 4836
 4840
 4840
 4847
 4849
 4850
 4854
 4867
 4874
 4890
 4894
 4896
 4903
 4903
 4907
 4921
 4927
 4939
 4952
 5000
 5045
 5237
 5312
 5315
 5380
 5446
 5454
 5460
 5461
 5624
 5674
 5740
 5765
 5784
 6039
 6164
 6196
 6235
 6448
 6710
 6740
 6886
 7095
 7139
 7310
 7437
 7585
 7628
 7661
 7665
 7679
 7680
 7692
 8084
 8156
 8264
 8289
 8474
 8484
 8499
 8516
 8537
 8555
 8629
 8827
 8872
 8900
 8949
 8953
 9034
 9123
 9138
 9229
 9409
 9494
 9712
 9757
 9958
 10203
 10436
 10456
 10652
 10778
 10812
 10863
 11017
 11090
 11125
 11138
 11579
 11813
 11905
 13052
 13059
 13065
 13157
 13163
 13221
 13281
 13374
 13389
 13396
 13488
 13491
 13491
 13536
 13645
 13652
 13679
 13692
 13710
 13727
 13757
 13848
 13855
 13877
 13953
 14108
 14152
 14242
 14269
 14273
 14290
 14316
 14332
 14371
 14432
 14442
 14455
 14575
 14703
 14707
 14747
 14805
 14845
 14851
 14886
 14937
 15087
 15101
 15408
 15460
 15610
 15797
 15805
 15815
 15816
 15913
 15935
 16136
 16184
 16325
 16349
 16364
 16467
 16487
 16501
 16577
 16616
 16621
 16825
 17132
 17215
 17229
 17316
 17920
 19669
