# timestamp	GC Total Latency (msec)		Read Latency (msec)	Write Latency (msec)\n
180.877 4 0 0
181.929 5 0 0
183.047 2 0 0
184.187 2 0 0
185.189 1 0 0
186.193 1 0 0
187.24 1 0 0
189.194 1 0 0
190.198 183 81 101
191.2 972 430 545
192.204 1479 655 831
193.208 1990 880 1121
194.214 2136 944 1204
195.217 2373 1049 1338
196.221 2612 1152 1475
197.226 2913 1284 1646
198.229 3036 1337 1718
199.233 3206 1411 1814
200.237 3392 1489 1924
201.241 3520 1544 1998
202.245 3691 1619 2096
203.249 3831 1680 2176
204.253 3924 1720 2229
205.282 4041 1771 2297
206.286 4048 1773 2301
207.316 4140 1812 2354
208.317 4215 1844 2397
209.321 4280 1873 2434
210.325 4358 1906 2479
211.329 4437 1940 2525
212.333 4525 1978 2576
213.337 4527 1977 2579
214.341 4577 1999 2608
215.345 4619 2017 2632
216.738 4624 2019 2635
217.741 4674 2041 2663
218.745 4707 2054 2684
219.749 4751 2073 2709
220.799 4795 2090 2736
221.802 4856 2116 2772
222.805 4886 2127 2790
223.81 4928 2145 2815
224.813 4957 2157 2832
225.817 4959 2158 2833
226.821 4997 2175 2855
227.866 5036 2192 2877
228.869 5061 2201 2892
229.902 5097 2216 2913
231.378 5105 2220 2918
232.381 5140 2235 2938
233.385 5160 2244 2949
234.39 5183 2253 2963
235.393 5215 2267 2982
236.398 5229 2272 2991
237.401 5258 2284 3007
238.405 5265 2287 3012
239.409 5292 2298 3027
240.413 5305 2303 3036
241.865 5311 2306 3039
242.87 5333 2315 3053
243.873 5349 2321 3062
244.877 5375 2332 3078
245.881 5381 2334 3081
246.885 5393 2339 3089
247.889 5410 2345 3100
248.893 5430 2354 3111
249.897 5451 2362 3124
250.909 5453 2363 3125
251.91 5468 2369 3135
252.913 5483 2375 3144
253.946 5506 2384 3158
254.949 5510 2385 3161
256.049 5530 2394 3173
257.055 5539 2397 3178
258.074 5556 2404 3189
259.127 5556 2404 3189
260.129 5573 2410 3199
261.206 5591 2418 3210
262.209 5597 2420 3214
263.233 5614 2427 3224
264.238 5619 2428 3228
265.256 5634 2434 3237
267.08 5636 2435 3239
268.081 5648 2440 3246
269.086 5657 2442 3252
270.09 5673 2449 3262
271.093 5676 2450 3264
272.097 5692 2456 3274
273.101 5699 2458 3278
274.111 5714 2464 3287
275.734 5719 2466 3291
276.737 5730 2471 3297
277.741 5735 2472 3301
278.771 5743 2474 3306
279.773 5751 2477 3312
280.777 5761 2481 3318
281.781 5774 2486 3327
282.785 5783 2489 3332
283.79 5791 2492 3338
285.049 5799 2495 3342
286.053 5808 2498 3348
287.063 5821 2503 3356
288.067 5826 2505 3360
289.069 5840 2510 3369
290.073 5843 2510 3371
291.078 5847 2512 3374
292.081 5854 2514 3379
293.086 5866 2519 3386
294.132 5873 2522 3391
295.136 5879 2523 3394
296.137 5888 2526 3400
297.142 5895 2529 3405
298.146 5908 2534 3413
299.149 5909 2533 3414
300.176 5921 2538 3422
301.178 5926 2539 3425
302.181 5934 2543 3431
303.188 5935 2543 3431
304.208 5945 2547 3438
305.209 5950 2548 3442
306.214 5958 2551 3447
307.218 5965 2553 3452
308.221 5973 2556 3457
309.225 5985 2560 3465
310.23 5985 2559 3466
311.233 5996 2563 3473
312.254 5998 2564 3474
313.257 6007 2567 3480
314.346 6019 2571 3487
315.35 6023 2572 3491
316.353 6032 2575 3496
317.359 6037 2577 3500
318.361 6043 2579 3504
319.366 6053 2582 3511
320.924 6055 2582 3513
321.925 6064 2585 3518
322.93 6069 2587 3523
323.933 6075 2588 3527
324.947 6085 2592 3533
325.949 6090 2593 3537
326.954 6100 2597 3544
327.957 6101 2596 3545
328.962 6110 2600 3551
330.143 6114 2601 3554
331.145 6122 2604 3559
332.153 6132 2607 3566
333.154 6135 2608 3568
334.161 6146 2612 3575
335.162 6147 2611 3576
336.165 6152 2613 3580
337.17 6156 2614 3583
338.174 6166 2618 3589
339.439 6170 2619 3592
340.442 6177 2621 3597
341.446 6182 2623 3600
342.45 6191 2626 3607
343.454 6194 2626 3609
344.458 6203 2629 3615
345.463 6204 2629 3617
346.467 6212 2632 3622
347.469 6217 2633 3625
348.474 6225 2636 3631
349.478 6229 2637 3634
350.516 6236 2639 3639
351.518 6242 2641 3643
352.523 6249 2643 3648
353.525 6258 2646 3654
354.529 6261 2646 3656
355.534 6269 2649 3662
356.538 6275 2650 3666
358.097 6283 2653 3671
359.099 6288 2654 3675
360.103 6294 2656 3680
361.106 6300 2658 3684
362.109 6308 2660 3690
363.114 6316 2663 3695
364.118 6317 2663 3697
365.121 6324 2665 3701
366.126 6330 2667 3706
367.386 6337 2669 3710
368.391 6340 2670 3713
369.394 6346 2671 3717
370.398 6352 2673 3722
371.402 6357 2674 3725
372.406 6366 2677 3731
373.507 6372 2679 3735
374.511 6375 2680 3738
375.516 6383 2682 3743
376.518 6387 2683 3747
377.522 6393 2685 3751
378.539 6400 2687 3756
379.542 6406 2689 3760
380.573 6414 2691 3766
381.574 6418 2692 3768
382.584 6426 2695 3775
383.586 6427 2695 3776
384.59 6435 2697 3781
385.594 6439 2698 3784
386.599 6448 2701 3790
387.602 6451 2701 3793
388.606 6458 2703 3798
389.61 6462 2704 3801
390.614 6468 2706 3805
391.618 6474 2708 3810
392.622 6474 2708 3810
393.626 6479 2709 3814
394.63 6486 2711 3818
395.634 6488 2712 3821
396.638 6495 2714 3825
397.729 6502 2716 3830
398.73 6504 2716 3832
399.736 6510 2718 3836
400.738 6516 2719 3841
401.829 6527 2723 3848
402.831 6528 2722 3850
403.945 6536 2725 3855
404.946 6540 2726 3859
405.952 6548 2728 3864
406.954 6553 2729 3868
408.115 6559 2731 3872
409.118 6563 2732 3876
410.122 6570 2734 3880
411.126 6577 2736 3885
412.131 6582 2737 3890
413.134 6588 2738 3894
414.138 6596 2741 3900
415.142 6598 2741 3902
416.146 6606 2743 3908
417.151 6611 2745 3911
418.154 6616 2746 3915
419.158 6624 2748 3921
420.164 6632 2751 3926
421.167 6635 2751 3929
422.196 6643 2753 3935
423.198 6645 2754 3936
424.203 6652 2756 3941
425.206 6657 2757 3945
426.21 6665 2760 3951
427.215 6669 2760 3954
428.218 6673 2761 3958
429.222 6680 2763 3963
430.226 6688 2765 3968
431.26 6692 2765 3972
432.262 6700 2768 3978
433.267 6704 2769 3981
434.271 6710 2770 3986
435.274 6717 2772 3991
436.279 6723 2773 3996
437.283 6730 2775 4001
438.287 6736 2776 4006
439.291 6743 2778 4011
440.294 6751 2780 4017
441.299 6756 2782 4020
442.302 6762 2783 4025
443.306 6768 2784 4030
444.31 6774 2786 4035
445.315 6782 2788 4040
446.318 6786 2789 4044
447.323 6793 2791 4049
448.395 6800 2793 4054
449.399 6805 2794 4058
450.402 6810 2795 4062
451.407 6817 2797 4067
452.41 6823 2798 4071
453.608 6830 2800 4076
454.611 6836 2802 4081
455.614 6840 2803 4085
456.619 6846 2804 4089
457.627 6851 2805 4093
458.63 6857 2807 4097
459.659 6864 2809 4102
460.662 6870 2810 4107
461.667 6876 2812 4111
462.67 6882 2813 4116
463.675 6887 2815 4120
464.678 6892 2816 4123
465.687 6898 2817 4128
466.835 6904 2819 4132
467.839 6910 2821 4137
468.843 6916 2822 4141
469.846 6921 2823 4145
470.85 6924 2824 4148
471.855 6930 2826 4152
472.902 6937 2828 4157
473.906 6942 2829 4161
474.91 6948 2830 4166
475.915 6954 2832 4170
476.919 6959 2833 4174
477.922 6965 2834 4178
478.927 6969 2836 4182
479.93 6975 2837 4186
480.934 6980 2839 4190
482.131 6986 2840 4194
483.134 6992 2842 4198
484.139 6997 2843 4202
485.142 7002 2844 4206
486.146 7007 2846 4209
487.15 7012 2847 4214
488.155 7017 2848 4218
489.158 7022 2849 4221
490.163 7028 2851 4226
491.166 7034 2853 4230
492.171 7039 2854 4234
493.174 7045 2855 4238
494.179 7050 2857 4242
495.182 7056 2858 4246
496.186 7060 2859 4250
497.2 7066 2861 4254
498.445 7071 2862 4258
499.447 7076 2863 4262
500.45 7080 2865 4265
501.455 7084 2865 4267
502.501 7089 2867 4271
503.6 7094 2868 4275
504.607 7099 2869 4279
505.791 7104 2871 4283
506.795 7109 2872 4286
507.798 7114 2873 4290
508.811 7119 2875 4294
509.828 7124 2876 4298
510.847 7129 2877 4302
511.852 7134 2879 4305
512.854 7139 2880 4309
513.86 7144 2881 4313
514.863 7149 2882 4316
515.867 7153 2883 4319
516.871 7157 2884 4322
517.874 7161 2885 4325
518.909 7166 2887 4329
519.91 7171 2888 4332
520.915 7174 2889 4335
521.918 7178 2890 4338
522.924 7182 2891 4341
523.927 7186 2892 4344
524.93 7191 2893 4347
525.934 7195 2894 4351
526.938 7200 2896 4355
528.004 7205 2897 4358
529.007 7210 2898 4362
530.064 7214 2899 4365
531.067 7219 2901 4369
532.071 7223 2902 4372
533.075 7228 2903 4375
534.08 7232 2904 4379
535.083 7236 2905 4382
536.103 7241 2906 4385
537.106 7245 2907 4389
538.111 7250 2908 4392
539.115 7253 2909 4394
540.119 7257 2910 4397
541.122 7261 2911 4400
542.126 7265 2912 4404
543.159 7270 2913 4407
544.275 7274 2914 4410
545.419 7279 2916 4414
546.527 7284 2917 4417
547.554 7288 2918 4421
548.556 7292 2919 4424
549.559 7296 2920 4427
550.564 7300 2921 4430
551.567 7305 2922 4433
552.572 7309 2923 4437
553.575 7313 2924 4440
554.579 7317 2925 4443
555.583 7321 2926 4446
556.608 7326 2927 4449
557.611 7330 2928 4452
558.616 7333 2929 4455
559.62 7338 2931 4458
560.623 7340 2931 4460
561.626 7345 2932 4464
562.63 7349 2933 4467
563.635 7353 2934 4470
564.797 7358 2935 4473
565.846 7362 2936 4477
566.885 7366 2938 4480
567.961 7371 2939 4483
568.963 7375 2940 4486
569.967 7379 2941 4489
570.971 7382 2942 4492
571.975 7387 2943 4495
572.979 7391 2944 4499
573.983 7395 2945 4502
574.987 7399 2946 4504
575.991 7402 2947 4507
576.995 7405 2947 4509
578.018 7410 2949 4513
579.049 7414 2950 4516
580.239 7418 2951 4519
581.243 7422 2952 4522
582.248 7425 2952 4525
583.251 7428 2953 4527
584.255 7432 2954 4530
585.26 7436 2955 4533
586.264 7440 2956 4536
587.267 7444 2957 4539
588.271 7448 2958 4542
589.323 7452 2959 4545
590.353 7455 2960 4548
591.407 7460 2961 4551
592.407 7464 2962 4554
593.411 7467 2963 4557
594.416 7471 2964 4560
595.42 7475 2965 4562
596.424 7478 2966 4565
597.428 7481 2966 4567
598.432 7485 2967 4570
599.435 7489 2968 4573
600.491 7492 2969 4576
601.695 7496 2970 4578
602.699 7500 2971 4582
603.703 7502 2972 4583
604.707 7506 2973 4586
605.711 7510 2974 4589
606.716 7513 2974 4591
607.719 7516 2975 4594
608.723 7520 2976 4597
609.728 7524 2977 4599
610.731 7527 2978 4602
611.782 7532 2979 4605
612.795 7535 2980 4608
613.8 7538 2981 4611
614.804 7542 2982 4613
615.808 7545 2982 4616
616.812 7549 2983 4619
617.815 7553 2984 4622
618.819 7556 2985 4624
619.824 7558 2985 4626
620.832 7562 2986 4629
622.019 7566 2987 4632
623.024 7570 2988 4635
624.028 7573 2989 4637
625.031 7577 2990 4640
626.035 7580 2991 4643
627.039 7584 2992 4645
628.044 7586 2992 4647
629.047 7589 2993 4650
630.052 7593 2994 4652
631.055 7596 2995 4655
632.059 7600 2996 4658
633.063 7603 2996 4660
634.068 7607 2997 4663
635.072 7611 2998 4666
636.075 7614 2999 4668
637.079 7617 3000 4671
638.084 7621 3001 4673
639.087 7624 3002 4676
640.091 7627 3002 4678
641.096 7630 3003 4681
642.1 7634 3004 4684
643.111 7637 3005 4686
644.115 7641 3006 4689
645.119 7644 3006 4691
646.124 7647 3007 4694
647.128 7650 3008 4696
648.132 7653 3009 4698
649.135 7656 3009 4701
650.14 7660 3010 4703
651.144 7663 3011 4706
652.147 7666 3012 4708
653.152 7669 3012 4710
654.159 7672 3013 4713
655.159 7676 3014 4716
656.213 7680 3015 4719
657.216 7683 3016 4721
658.219 7685 3016 4723
659.225 7688 3017 4725
660.227 7691 3018 4727
661.241 7693 3018 4729
662.36 7697 3019 4732
663.367 7700 3020 4734
664.476 7703 3021 4737
665.484 7707 3022 4739
666.489 7709 3022 4741
667.492 7712 3023 4743
668.496 7715 3024 4746
669.499 7718 3024 4748
670.503 7721 3025 4750
671.507 7724 3026 4753
672.511 7727 3027 4755
673.515 7730 3027 4758
674.549 7734 3028 4760
675.555 7738 3029 4763
676.556 7740 3030 4765
677.559 7743 3031 4767
678.564 7747 3031 4770
679.568 7749 3032 4772
680.573 7752 3033 4774
681.576 7754 3033 4776
682.579 7757 3034 4778
683.608 7760 3035 4780
684.618 7764 3036 4783
685.62 7766 3036 4785
686.623 7769 3037 4787
687.628 7772 3038 4789
688.633 7774 3038 4791
689.635 7777 3039 4793
690.64 7780 3039 4795
691.644 7783 3040 4798
692.647 7786 3041 4800
693.651 7789 3042 4803
694.656 7792 3042 4805
695.66 7795 3043 4807
696.664 7798 3044 4810
697.668 7801 3045 4812
698.672 7804 3045 4814
699.675 7806 3046 4816
700.679 7809 3047 4818
701.683 7812 3047 4820
702.696 7815 3048 4823
703.702 7819 3049 4825
704.703 7821 3050 4827
705.709 7824 3050 4829
706.712 7826 3051 4831
707.716 7829 3051 4833
708.719 7832 3052 4835
709.725 7835 3053 4837
710.729 7838 3053 4840
711.732 7840 3054 4842
712.735 7844 3055 4844
713.783 7847 3056 4847
714.784 7849 3056 4849
715.789 7852 3057 4851
716.792 7855 3058 4853
717.796 7857 3058 4855
718.799 7860 3059 4857
719.805 7863 3060 4859
720.808 7866 3060 4861
721.811 7869 3061 4864
722.819 7872 3062 4866
723.82 7874 3062 4867
724.823 7876 3063 4869
725.834 7878 3063 4871
726.836 7882 3064 4873
727.867 7885 3065 4876
729.005 7888 3066 4878
730.007 7891 3066 4880
731.012 7893 3067 4882
732.016 7895 3067 4884
733.02 7899 3068 4886
734.024 7901 3069 4888
735.029 7904 3069 4890
736.033 7907 3070 4893
737.036 7909 3071 4895
738.04 7912 3071 4897
739.044 7916 3072 4899
740.09 7919 3073 4902
741.16 7922 3074 4904
742.165 7924 3074 4906
743.169 7927 3075 4908
744.173 7929 3076 4910
745.177 7932 3076 4912
746.181 7934 3077 4914
747.184 7937 3077 4916
748.188 7940 3078 4918
749.281 7942 3079 4920
750.284 7945 3079 4922
751.288 7948 3080 4924
752.292 7951 3081 4926
753.296 7953 3081 4928
754.301 7956 3082 4930
755.305 7958 3083 4932
756.308 7961 3083 4934
757.33 7964 3084 4937
758.341 7967 3085 4939
759.345 7970 3085 4941
760.348 7972 3086 4943
761.353 7975 3087 4945
762.356 7978 3087 4947
763.361 7980 3088 4949
764.364 7983 3088 4951
765.371 7985 3089 4953
766.4 7988 3090 4955
767.405 7991 3090 4957
768.408 7993 3091 4959
769.413 7996 3091 4961
770.417 7998 3092 4963
771.42 8001 3093 4965
772.424 8004 3093 4967
773.429 8006 3094 4969
774.433 8008 3094 4971
775.436 8011 3095 4973
776.44 8014 3096 4975
777.444 8017 3096 4977
778.449 8019 3097 4979
779.452 8021 3097 4981
780.457 8024 3098 4983
781.46 8026 3099 4984
782.464 8029 3099 4986
783.471 8031 3100 4988
784.494 8034 3101 4991
785.496 8036 3101 4992
786.5 8039 3102 4994
787.504 8041 3102 4996
788.509 8044 3103 4998
789.509 8046 3103 5000
790.513 8048 3104 5002
791.517 8051 3105 5004
792.521 8054 3105 5006
793.525 8056 3106 5008
794.572 8059 3106 5010
795.577 8062 3107 5012
796.582 8064 3108 5013
797.585 8066 3108 5015
798.59 8069 3109 5017
799.593 8071 3109 5019
800.597 8073 3110 5021
801.638 8076 3111 5023
802.754 8079 3111 5025
803.759 8081 3112 5027
804.762 8084 3112 5029
805.766 8086 3113 5031
806.769 8088 3113 5032
807.773 8091 3114 5034
808.778 8093 3114 5036
809.781 8095 3115 5037
810.786 8097 3115 5039
811.789 8099 3116 5041
812.822 8102 3117 5043
813.942 8105 3117 5045
814.949 8107 3118 5047
815.95 8109 3118 5048
816.955 8111 3119 5050
817.958 8114 3119 5052
818.97 8116 3120 5054
819.984 8118 3120 5056
821.009 8121 3121 5058
822.012 8123 3122 5059
823.014 8125 3122 5061
824.018 8127 3123 5063
825.022 8130 3123 5064
826.027 8132 3124 5066
827.032 8134 3124 5067
828.039 8136 3125 5069
829.172 8139 3125 5071
830.177 8141 3126 5073
831.179 8143 3126 5074
832.183 8145 3127 5076
833.187 8147 3127 5078
834.192 8149 3128 5080
835.196 8152 3128 5081
836.2 8154 3129 5083
837.204 8156 3129 5085
838.208 8159 3130 5087
839.211 8161 3131 5088
840.215 8163 3131 5090
841.219 8165 3132 5092
842.223 8167 3132 5093
843.239 8170 3133 5095
844.385 8172 3133 5097
845.387 8174 3134 5098
846.391 8176 3134 5100
847.396 8178 3135 5101
848.401 8180 3135 5103
849.403 8182 3136 5104
850.441 8184 3136 5106
851.448 8186 3137 5108
852.588 8189 3137 5110
853.592 8191 3138 5112
854.596 8193 3138 5113
855.6 8195 3139 5115
856.604 8197 3139 5116
857.608 8199 3140 5118
858.612 8201 3140 5120
859.616 8204 3141 5121
860.62 8206 3141 5123
861.624 8208 3142 5125
862.63 8210 3142 5126
863.632 8212 3142 5128
864.636 8214 3143 5129
865.712 8216 3144 5131
866.716 8218 3144 5133
867.72 8220 3145 5134
868.725 8222 3145 5136
869.73 8224 3146 5137
870.733 8226 3146 5139
871.736 8228 3146 5140
872.741 8230 3147 5142
873.745 8232 3147 5143
874.753 8234 3148 5145
875.753 8236 3148 5147
876.783 8238 3149 5148
877.833 8241 3149 5150
878.833 8243 3150 5152
879.843 8245 3150 5153
880.853 8247 3151 5155
881.863 8249 3151 5157
882.863 8251 3152 5158
883.873 8253 3152 5160
884.873 8255 3153 5162
885.883 8257 3153 5163
886.883 8259 3154 5164
887.883 8261 3154 5166
888.893 8263 3155 5167
889.893 8265 3155 5169
890.903 8267 3155 5171
891.903 8269 3156 5172
892.903 8271 3156 5174
893.913 8273 3157 5175
894.913 8275 3157 5177
895.923 8277 3158 5178
896.923 8279 3158 5180
897.923 8281 3159 5181
898.933 8283 3159 5183
899.933 8285 3160 5185
900.933 8287 3160 5186
901.943 8289 3160 5188
902.943 8291 3161 5189
903.953 8293 3161 5191
904.953 8295 3162 5192
905.953 8297 3162 5194
906.973 8299 3163 5195
907.973 8301 3163 5197
908.973 8303 3164 5199
909.983 8305 3164 5200
910.983 8307 3165 5202
911.983 8309 3165 5203
912.993 8310 3166 5204
913.993 8312 3166 5206
915.023 8314 3167 5207
916.063 8316 3167 5209
917.113 8318 3167 5210
918.123 8320 3168 5212
919.123 8322 3168 5213
920.123 8324 3169 5215
921.133 8326 3169 5216
922.133 8328 3170 5218
923.143 8330 3170 5220
924.143 8332 3171 5221
925.143 8334 3171 5222
926.153 8336 3171 5224
927.153 8337 3172 5225
928.163 8339 3172 5227
929.163 8341 3173 5228
930.163 8343 3173 5230
931.173 8345 3174 5231
932.183 8347 3174 5233
933.183 8349 3175 5234
934.193 8350 3175 5235
935.193 8352 3175 5237
936.193 8354 3176 5238
937.203 8356 3176 5240
938.203 8358 3177 5241
939.203 8360 3177 5243
940.213 8362 3178 5244
941.213 8364 3178 5246
942.223 8366 3178 5247
943.223 8367 3179 5249
944.223 8370 3179 5250
945.233 8371 3180 5251
946.253 8373 3180 5253
947.343 8375 3181 5254
948.343 8377 3181 5256
949.353 8379 3182 5257
950.353 8380 3182 5258
951.353 8382 3182 5260
952.363 8384 3183 5261
953.363 8386 3183 5263
954.363 8387 3184 5264
955.373 8389 3184 5265
956.373 8391 3184 5267
957.383 8393 3185 5268
958.383 8395 3185 5270
959.393 8397 3186 5271
960.393 8399 3186 5273
961.393 8400 3186 5274
962.403 8402 3187 5275
963.403 8404 3187 5277
964.403 8406 3188 5278
965.413 8408 3188 5280
966.413 8409 3188 5281
967.413 8411 3189 5282
968.423 8413 3189 5284
969.423 8414 3190 5285
970.433 8416 3190 5286
971.453 8418 3191 5288
972.453 8419 3191 5289
973.453 8421 3191 5290
974.463 8422 3192 5291
975.463 8424 3192 5292
976.473 8426 3192 5294
977.473 8427 3193 5295
978.483 8429 3193 5297
979.483 8431 3193 5298
980.523 8433 3194 5299
981.523 8434 3194 5300
982.533 8436 3195 5302
983.563 8438 3195 5303
984.563 8440 3196 5305
985.573 8441 3196 5306
986.573 8443 3196 5307
987.583 8445 3197 5308
988.583 8446 3197 5310
989.583 8448 3197 5311
990.593 8450 3198 5313
991.593 8451 3198 5314
992.603 8453 3199 5315
993.603 8454 3199 5316
994.603 8456 3199 5317
995.643 8458 3200 5319
996.643 8460 3200 5320
997.643 8461 3201 5321
998.653 8463 3201 5323
999.653 8465 3201 5324
1000.65 8466 3202 5325
1001.66 8468 3202 5326
1002.66 8469 3202 5328
1003.67 8471 3203 5329
1004.68 8473 3203 5330
1005.68 8475 3204 5332
1006.68 8476 3204 5333
1007.72 8478 3205 5334
1008.81 8480 3205 5336
1009.81 8481 3205 5337
1010.82 8483 3206 5338
1011.82 8484 3206 5339
1012.83 8486 3206 5340
1013.83 8487 3207 5341
1014.84 8489 3207 5343
1015.84 8490 3207 5344
1016.85 8492 3208 5345
1017.92 8494 3208 5347
1019.02 8496 3209 5348
1020.02 8497 3209 5349
1021.03 8499 3209 5350
1022.03 8500 3210 5351
1023.04 8502 3210 5353
1024.04 8503 3210 5354
1025.04 8505 3211 5355
1026.05 8507 3211 5356
1027.05 8508 3212 5358
1028.06 8510 3212 5359
1029.07 8511 3212 5360
1030.07 8513 3213 5361
1031.11 8515 3213 5363
1032.12 8517 3214 5364
1033.12 8518 3214 5365
1034.12 8520 3214 5366
1035.13 8521 3215 5368
1036.13 8523 3215 5369
1037.14 8524 3215 5370
1038.14 8526 3216 5371
1039.15 8527 3216 5372
1040.15 8529 3217 5374
1041.18 8531 3217 5375
1042.2 8532 3217 5376
1043.2 8534 3218 5377
1044.21 8535 3218 5379
1045.21 8537 3218 5380
1046.22 8539 3219 5381
1047.22 8540 3219 5382
1048.23 8542 3220 5384
1049.23 8543 3220 5385
1050.23 8545 3220 5386
1051.24 8546 3221 5387
1052.24 8548 3221 5388
1053.24 8549 3221 5389
1054.3 8551 3222 5391
1055.35 8552 3222 5392
1056.37 8554 3222 5393
1057.38 8555 3223 5394
1058.38 8557 3223 5395
1059.38 8558 3224 5396
1060.39 8559 3224 5397
1061.39 8561 3224 5398
1062.4 8563 3224 5400
1063.4 8564 3225 5401
1064.4 8565 3225 5402
1065.41 8567 3226 5403
1066.46 8569 3226 5404
1067.47 8570 3226 5406
1068.48 8572 3227 5407
1069.49 8573 3227 5408
1070.49 8575 3227 5409
1071.5 8576 3228 5410
1072.5 8578 3228 5411
1073.51 8579 3228 5412
1074.51 8580 3229 5413
1075.51 8582 3229 5415
