2.0	260.926
4.0	241.969
6.0	228.467
8.0	231.406
10.0	226.626
12.0	235.696
14.0	233.683
16.0	222.571
18.0	248.09
20.0	220.907
22.0	239.936
24.0	244.313
26.0	212.241
28.0	260.781
30.0	232.174
32.0	233.243
34.0	233.391
36.0	231.309
38.0	242.11
40.0	234.533
42.0	204.818
44.0	240.63
46.0	224.427
48.0	205.879
50.0	249.197
52.0	212.668
54.0	220.697
56.0	231.937
58.0	231.222
60.0	218.153
62.0	221.77
64.0	226.899
66.0	225.549
68.0	209.928
70.0	231.663
72.0	222.392
74.0	203.788
76.0	249.98
78.0	221.283
80.0	213.112
82.0	222.535
84.0	226.103
86.0	199.922
88.0	232.19
90.0	206.546
92.0	204.66
94.0	222.512
96.0	207.066
98.0	231.769
100.0	221.071
102.0	205.167
104.0	238.194
106.0	213.032
108.0	207.264
110.0	241.853
112.0	219.943
114.0	219.554
116.0	213.491
118.0	227.243
120.0	219.295
122.0	206.314
124.0	223.218
126.0	230.337
128.0	205.033
130.0	235.386
132.0	227.638
134.0	218.94
136.0	213.927
138.0	213.349
140.0	208.516
142.0	212.78
144.0	209.89
146.0	201.303
148.0	229.918
150.0	235.202
152.0	223.561
154.0	223.9
156.0	216.123
158.0	225.715
160.0	233.131
162.0	206.095
164.0	233.572
166.0	225.153
168.0	219.477
170.0	221.894
172.0	209.872
174.0	234.028
176.0	218.196
178.0	200.319
180.0	242.248
182.0	212.006
184.0	217.75
186.0	236.963
188.0	194.608
190.0	115.517
192.0	118.896
194.0	152.735
196.0	237.065
198.0	215.388
200.0	202.286
202.0	203.853
204.0	250.924
206.0	217.47
208.0	223.103
210.0	217.704
212.0	201.425
214.0	238.31
216.0	212.819
218.0	208.997
220.0	237.725
222.0	224.293
224.0	220.508
226.0	216.253
228.0	217.115
230.0	219.607
232.0	204.694
234.0	238.754
236.0	225.636
238.0	210.909
240.0	213.378
242.0	213.79
244.0	204.473
246.0	222.484
248.0	229.416
250.0	225.73
252.0	220.657
254.0	212.322
256.0	209.551
258.0	221.144
260.0	230.777
262.0	223.577
264.0	218.043
266.0	210.899
268.0	222.501
270.0	225.195
272.0	204.08
274.0	219.186
276.0	239.294
278.0	213.39
280.0	206.124
282.0	241.253
284.0	213.738
286.0	214.194
288.0	240.771
290.0	207.604
292.0	166.266
294.0	157.432
296.0	125.525
298.0	173.541
300.0	228.721
302.0	216.165
304.0	219.414
306.0	213.865
308.0	222.177
310.0	211.854
312.0	203.524
314.0	240.201
316.0	190.937
318.0	182.553
320.0	208.437
322.0	188.972
324.0	186.687
326.0	189.491
328.0	182.848
330.0	184.095
332.0	207.816
334.0	188.638
336.0	184.419
338.0	154.491
340.0	128.576
342.0	179.274
344.0	187.487
346.0	197.195
348.0	179.488
350.0	189.845
352.0	187.85
354.0	180.167
356.0	206.44
358.0	183.531
360.0	183.96
362.0	181.97
364.0	179.266
366.0	215.671
368.0	196.924
370.0	191.191
372.0	192.048
374.0	183.509
376.0	196.074
378.0	182.031
380.0	184.687
382.0	182.629
384.0	203.808
386.0	182.034
388.0	183.266
390.0	182.596
392.0	218.736
394.0	184.909
396.0	180.568
398.0	181.253
400.0	202.287
402.0	192.316
404.0	193.086
406.0	168.226
408.0	165.452
410.0	202.39
412.0	177.899
414.0	180.366
416.0	201.567
418.0	182.144
420.0	200.199
422.0	185.133
424.0	181.385
426.0	183.941
428.0	208.631
430.0	187.479
432.0	190.208
434.0	174.844
436.0	185.287
438.0	198.949
440.0	180.796
442.0	183.433
444.0	182.945
446.0	211.87
448.0	188.402
450.0	186.883
452.0	178.686
454.0	183.101
456.0	195.913
458.0	179.465
460.0	188.83
462.0	189.142
464.0	175.934
466.0	181.342
468.0	177.068
470.0	191.537
472.0	187.499
474.0	190.193
476.0	185.771
478.0	179.228
480.0	179.081
482.0	178.892
484.0	203.17
486.0	181.044
488.0	180.362
490.0	179.469
492.0	193.872
494.0	183.642
496.0	183.012
498.0	191.916
500.0	182.62
502.0	181.025
504.0	181.161
506.0	183.529
508.0	181.235
510.0	184.751
512.0	193.821
514.0	166.686
516.0	133.266
518.0	165.365
520.0	140.257
522.0	131.223
524.0	162.662
526.0	188.442
528.0	177.238
530.0	189.961
532.0	179.877
534.0	196.169
536.0	181.023
538.0	187.984
540.0	178.947
542.0	179.23
544.0	182.089
546.0	174.433
548.0	185.302
550.0	178.031
552.0	173.918
554.0	186.014
556.0	180.385
558.0	190.355
560.0	178.341
562.0	176.601
564.0	178.301
566.0	175.583
568.0	176.479
570.0	179.719
572.0	177.694
574.0	180.319
576.0	175.338
578.0	184.49
580.0	194.53
582.0	180.966
584.0	160.404
586.0	170.118
588.0	178.249
590.0	158.735
592.0	185.13
594.0	185.553
596.0	178.436
598.0	186.12
600.0	173.559
602.0	178.193
604.0	181.543
606.0	169.736
608.0	181.983
610.0	189.372
612.0	177.891
614.0	181.825
616.0	176.518
618.0	172.986
620.0	175.296
622.0	186.451
624.0	184.926
626.0	199.366
628.0	176.458
630.0	168.534
632.0	164.67
634.0	160.835
636.0	160.795
638.0	171.139
640.0	188.29
642.0	176.247
644.0	158.339
646.0	158.173
648.0	152.326
650.0	153.127
652.0	152.244
654.0	158.754
656.0	174.43
658.0	175.621
660.0	178.223
662.0	179.904
664.0	182.831
666.0	136.789
668.0	140.227
670.0	157.917
672.0	152.096
674.0	165.394
676.0	171.72
678.0	176.391
680.0	172.933
682.0	179.823
684.0	172.38
686.0	139.272
688.0	174.38
690.0	160.236
692.0	162.85
694.0	168.12
696.0	171.9
698.0	169.615
700.0	177.328
702.0	184.378
704.0	156.58
706.0	142.492
708.0	155.308
710.0	160.861
712.0	171.766
714.0	183.925
716.0	150.272
718.0	166.489
720.0	178.736
722.0	174.822
724.0	152.455
726.0	159.864
728.0	141.442
730.0	171.952
732.0	163.066
734.0	160.222
736.0	156.892
738.0	170.241
740.0	174.323
742.0	176.915
744.0	172.094
746.0	148.608
748.0	154.035
750.0	172.164
752.0	167.937
754.0	152.233
756.0	172.849
758.0	167.494
760.0	174.2
762.0	174.202
764.0	174.644
766.0	163.887
768.0	169.814
770.0	156.903
772.0	160.719
774.0	155.585
776.0	167.571
778.0	174.04
780.0	171.096
782.0	165.496
784.0	174.516
786.0	181.168
788.0	135.415
790.0	146.341
792.0	154.483
794.0	169.901
796.0	164.218
798.0	168.821
800.0	172.277
802.0	170.517
804.0	184.124
806.0	150.581
808.0	164.945
810.0	144.569
812.0	157.814
814.0	164.431
816.0	166.116
818.0	160.745
820.0	174.119
822.0	175.704
824.0	154.422
826.0	160.608
828.0	172.359
830.0	175.018
832.0	140.907
834.0	168.29
836.0	168.567
838.0	171.845
840.0	158.771
842.0	177.698
844.0	159.968
846.0	169.894
848.0	171.777
850.0	135.209
852.0	152.624
854.0	152.913
856.0	157.624
858.0	165.567
860.0	168.529
862.0	167.631
864.0	175.033
866.0	167.926
868.0	165.445
870.0	156.944
872.0	152.211
874.0	155.699
876.0	164.778
878.0	157.175
880.0	160.717
882.0	172.413
884.0	170.863
886.0	168.307
888.0	170.204
890.0	161.074
892.0	145.476
894.0	158.973
896.0	166.975
898.0	161.795
900.0	164.021
902.0	169.455
904.0	170.6
906.0	162.878
908.0	153.235
910.0	157.741
912.0	162.552
914.0	171.348
916.0	149.936
918.0	164.915
920.0	157.259
922.0	168.558
924.0	170.616
926.0	152.993
928.0	169.754
930.0	166.178
932.0	167.526
934.0	146.032
936.0	154.428
938.0	164.207
940.0	158.907
942.0	168.146
944.0	170.711
946.0	157.289
948.0	157.521
950.0	156.491
952.0	166.206
954.0	136.918
956.0	154.995
958.0	156.956
960.0	166.425
962.0	166.511
964.0	164.842
966.0	166.649
968.0	158.304
970.0	148.622
972.0	168.527
974.0	138.593
976.0	139.143
978.0	153.436
980.0	150.306
982.0	162.953
984.0	163.299
986.0	165.14
988.0	164.615
990.0	150.531
992.0	157.246
994.0	169.366
996.0	158.309
998.0	159.735
1000.0	155.904
1002.0	160.88
1004.0	164.782
1006.0	167.58
1008.0	166.324
1010.0	166.6
1012.0	159.835
1014.0	159.483
1016.0	165.831
1018.0	154.115
1020.0	156.091
1022.0	155.815
1024.0	158.527
1026.0	168.171
1028.0	166.411
1030.0	167.897
1032.0	151.129
1034.0	167.996
1036.0	166.136
1038.0	149.705
1040.0	164.56
1042.0	158.523
1044.0	154.958
1046.0	158.907
1048.0	165.683
1050.0	167.378
1052.0	165.725
1054.0	167.065
1056.0	169.459
1058.0	146.073
1060.0	158.871
1062.0	162.634
1064.0	160.925
1066.0	161.209
1068.0	167.065
1070.0	150.572
1072.0	159.011
1074.0	157.298
1076.0	155.221
1078.0	168.773
1080.0	161.532
1082.0	159.2
1084.0	159.957
1086.0	162.263
1088.0	163.554
1090.0	166.297
1092.0	165.788
1094.0	160.04
1096.0	162.848
1098.0	140.957
1100.0	147.949
1102.0	160.337
1104.0	153.716
1106.0	164.93
1108.0	154.102
1110.0	162.375
1112.0	161.557
1114.0	166.327
1116.0	169.909
1118.0	150.114
1120.0	160.403
1122.0	149.19
1124.0	159.848
1126.0	164.483
1128.0	152.779
1130.0	164.858
1132.0	163.366
1134.0	151.995
1136.0	160.707
1138.0	152.315
1140.0	150.502
1142.0	149.275
1144.0	156.512
1146.0	151.856
1148.0	162.938
1150.0	154.91
1152.0	170.198
1154.0	164.589
1156.0	164.623
1158.0	156.433
1160.0	165.742
1162.0	142.192
1164.0	165.452
1166.0	163.85
1168.0	158.267
1170.0	159.26
1172.0	155.167
1174.0	167.482
1176.0	166.626
1178.0	158.303
1180.0	156.206
1182.0	164.936
1184.0	149.93
1186.0	154.105
1188.0	157.287
1190.0	162.349
1192.0	151.883
1194.0	170.564
1196.0	154.042
1198.0	167.716
1200.0	156.213
