 3544
 3553
 3704
 3720
 3732
 3752
 3811
 3846
 3847
 3848
 3855
 3863
 3871
 3878
 3883
 3885
 3897
 3907
 3915
 3919
 3929
 3938
 3939
 3962
 3969
 3970
 3985
 3994
 3998
 3999
 4001
 4006
 4011
 4024
 4025
 4028
 4033
 4036
 4037
 4039
 4041
 4048
 4067
 4067
 4075
 4087
 4092
 4115
 4118
 4124
 4129
 4146
 4151
 4152
 4152
 4163
 4165
 4173
 4175
 4180
 4184
 4189
 4192
 4200
 4209
 4212
 4212
 4213
 4213
 4214
 4214
 4218
 4220
 4225
 4227
 4237
 4238
 4241
 4244
 4247
 4253
 4265
 4270
 4273
 4277
 4278
 4278
 4280
 4285
 4290
 4299
 4301
 4302
 4308
 4311
 4315
 4321
 4341
 4342
 4345
 4355
 4359
 4386
 4391
 4393
 4395
 4396
 4399
 4401
 4404
 4407
 4410
 4413
 4416
 4416
 4417
 4424
 4426
 4431
 4435
 4447
 4456
 4458
 4480
 4484
 4487
 4487
 4503
 4509
 4515
 4517
 4532
 4534
 4546
 4547
 4560
 4561
 4564
 4569
 4571
 4573
 4595
 4598
 4603
 4603
 4605
 4608
 4616
 4620
 4624
 4624
 4632
 4640
 4658
 4661
 4665
 4683
 4683
 4695
 4710
 4715
 4721
 4736
 4744
 4788
 4796
 4816
 4818
 4823
 4851
 4860
 4877
 4881
 4899
 4919
 4923
 4933
 4940
 4949
 4959
 4970
 4975
 4980
 4980
 4987
 4999
 5003
 5004
 5007
 5014
 5020
 5024
 5027
 5033
 5039
 5040
 5048
 5049
 5055
 5072
 5085
 5088
 5095
 5101
 5107
 5111
 5113
 5119
 5120
 5121
 5124
 5130
 5132
 5134
 5139
 5140
 5144
 5153
 5153
 5153
 5155
 5155
 5160
 5166
 5167
 5168
 5173
 5175
 5183
 5183
 5188
 5190
 5193
 5194
 5194
 5198
 5200
 5210
 5210
 5211
 5211
 5212
 5217
 5222
 5231
 5232
 5235
 5236
 5238
 5240
 5242
 5242
 5247
 5248
 5253
 5258
 5260
 5262
 5262
 5264
 5266
 5276
 5282
 5282
 5282
 5286
 5289
 5290
 5291
 5296
 5296
 5297
 5297
 5302
 5309
 5310
 5321
 5324
 5326
 5328
 5329
 5331
 5335
 5338
 5343
 5344
 5344
 5347
 5348
 5358
 5363
 5366
 5374
 5380
 5382
 5385
 5388
 5391
 5392
 5402
 5410
 5410
 5417
 5420
 5422
 5427
 5429
 5435
 5437
 5439
 5442
 5446
 5446
 5451
 5452
 5454
 5456
 5458
 5466
 5474
 5479
 5483
 5485
 5495
 5502
 5503
 5505
 5520
 5522
 5523
 5524
 5525
 5530
 5534
 5535
 5540
 5542
 5543
 5552
 5557
 5560
 5567
 5575
 5575
 5577
 5578
 5582
 5582
 5590
 5593
 5593
 5595
 5598
 5601
 5602
 5602
 5605
 5612
 5616
 5620
 5623
 5636
 5645
 5649
 5650
 5650
 5660
 5660
 5662
 5662
 5664
 5665
 5667
 5670
 5673
 5676
 5679
 5680
 5686
 5687
 5687
 5689
 5692
 5692
 5692
 5695
 5701
 5705
 5706
 5718
 5718
 5719
 5721
 5722
 5723
 5724
 5727
 5731
 5731
 5731
 5736
 5736
 5738
 5738
 5742
 5747
 5748
 5750
 5751
 5752
 5758
 5760
 5762
 5763
 5768
 5770
 5771
 5772
 5781
 5781
 5784
 5784
 5785
 5785
 5787
 5791
 5791
 5792
 5793
 5793
 5794
 5798
 5799
 5806
 5810
 5814
 5815
 5816
 5834
 5837
 5840
 5841
 5845
 5851
 5856
 5860
 5860
 5863
 5872
 5874
 5877
 5882
 5905
 5917
 5917
 5923
 5930
 5934
 5935
 5936
 5937
 5938
 5941
 5942
 5942
 5952
 5953
 5955
 5961
 5961
 5963
 5966
 5967
 5978
 5979
 5980
 5983
 5987
 5987
 5993
 5995
 5999
 6006
 6008
 6010
 6010
 6011
 6011
 6014
 6016
 6021
 6023
 6028
 6034
 6035
 6035
 6040
 6040
 6048
 6048
 6054
 6057
 6066
 6068
 6068
 6077
 6077
 6082
 6083
 6091
 6092
 6093
 6095
 6105
 6109
 6110
 6120
 6121
 6129
 6132
 6134
 6138
 6148
 6153
 6158
 6162
 6169
 6174
 6174
 6185
 6187
 6187
 6191
 6193
 6197
 6203
 6205
 6206
 6213
 6216
 6219
 6221
 6234
 6245
 6248
 6260
 6260
 6265
 6269
 6279
 6282
 6287
 6291
 6295
 6298
 6301
 6304
 6318
 6319
 6330
 6361
 6361
 6363
 6363
 6370
 6377
 6378
 6379
 6389
 6396
 6411
 6416
 6451
 6453
 6479
 6530
 6568
 6587
 6596
 6646
 6733
 6750
 6781
 6816
 6819
 6851
 6866
 6905
 6926
 6938
 7026
 7039
 7101
 7129
 7226
 7381
 7494
 7687
 8121
 8370
