# timestamp	memory footprint (MB)\n
190.198 0
191.2 2
192.204 1
193.208 3
194.214 0
195.217 2
196.221 1
197.226 3
198.229 0
199.233 2
200.237 2
201.241 0
202.245 2
203.249 4
204.253 2
205.282 4
206.286 0
207.316 1
208.317 0
209.321 1
210.325 0
211.329 2
212.333 4
213.337 1
214.341 2
215.345 4
216.738 0
217.741 1
218.745 0
219.749 1
220.799 1
221.802 2
222.805 4
223.81 2
224.813 4
225.817 0
226.821 2
227.866 4
228.869 2
229.902 4
231.378 1
232.381 3
233.385 1
234.39 0
235.393 3
236.398 0
237.401 3
238.405 0
239.409 2
240.413 4
241.865 1
242.87 2
243.873 1
244.877 3
245.881 4
246.885 2
247.889 4
248.893 2
249.897 4
250.909 1
251.91 2
252.913 2
253.946 4
254.949 2
256.049 4
257.055 2
258.074 4
259.127 0
260.129 2
261.206 4
262.209 2
263.233 4
264.238 2
265.256 4
267.08 1
268.081 2
269.086 1
270.09 3
271.093 1
272.097 3
273.101 1
274.111 3
275.734 1
276.737 2
277.741 1
278.771 1
279.773 0
280.777 0
281.781 2
282.785 4
283.79 2
285.049 3
286.053 2
287.063 4
288.067 2
289.069 4
290.073 2
291.078 2
292.081 4
293.086 2
294.132 4
295.136 2
296.137 2
297.142 1
298.146 4
299.149 1
300.176 4
301.178 2
302.181 1
303.188 1
304.208 2
305.21 1
306.214 1
307.218 1
308.221 1
309.225 3
310.23 1
311.233 3
312.254 0
313.257 2
314.346 4
315.35 2
316.353 4
317.359 2
318.361 1
319.366 3
320.924 0
321.925 2
322.93 2
323.933 0
324.947 2
325.949 1
326.954 3
327.958 0
328.962 3
330.143 0
331.145 2
332.153 4
333.154 2
334.161 5
335.162 2
336.165 3
337.17 1
338.174 3
339.439 0
340.442 2
341.446 1
342.451 4
343.454 1
344.458 4
345.463 1
346.467 3
347.469 5
348.474 3
349.478 1
350.516 1
351.518 1
352.523 1
353.525 3
354.529 1
355.534 3
356.538 1
358.097 3
359.099 2
360.103 2
361.106 0
362.109 3
363.114 5
364.118 2
365.121 5
366.126 2
367.386 4
368.391 2
369.394 1
370.398 1
371.402 0
372.406 3
373.507 5
374.511 2
375.516 5
376.518 2
377.522 0
378.539 3
379.542 2
380.573 5
381.574 2
382.584 5
383.586 1
384.59 4
385.594 1
386.599 4
387.602 1
388.606 1
389.61 0
390.614 2
391.618 5
392.622 5
393.626 2
394.63 4
395.634 1
396.638 3
397.729 5
398.73 2
399.736 2
400.738 2
401.829 5
402.831 3
403.945 5
404.946 2
405.952 5
406.954 2
408.115 5
409.118 2
410.122 2
411.126 2
412.131 1
413.134 1
414.138 4
415.142 1
416.146 4
417.151 1
418.154 3
419.158 3
420.164 6
421.167 3
422.196 6
423.198 2
424.203 4
425.206 1
426.21 5
427.215 2
428.218 0
429.222 3
430.226 3
431.26 1
432.262 2
433.267 1
434.271 2
435.274 1
436.279 1
437.283 1
438.287 0
439.291 2
440.294 2
441.299 2
442.302 1
443.306 1
444.31 1
445.315 5
446.318 7
447.323 3
448.395 6
449.399 2
450.402 1
451.407 1
452.41 3
453.608 3
454.611 3
455.614 2
456.619 1
457.627 0
458.63 3
459.659 3
460.662 3
461.667 2
462.67 2
463.675 1
464.678 0
465.687 1
466.835 3
467.839 3
468.843 2
469.846 1
470.85 0
471.855 3
472.902 3
473.906 3
474.91 3
475.915 2
476.919 2
477.922 2
478.927 1
479.93 1
480.934 3
482.131 3
483.134 3
484.139 3
485.142 2
486.146 2
487.15 2
488.155 1
489.158 1
490.163 1
491.166 1
492.171 1
493.174 1
494.179 1
495.182 1
496.186 3
497.2 3
498.445 3
499.447 3
500.45 2
501.455 1
502.501 3
503.6 3
504.607 3
505.791 3
506.795 3
507.798 3
508.811 3
509.828 3
510.847 3
511.852 3
512.854 3
513.86 2
514.863 2
515.867 1
516.871 1
517.874 3
518.909 3
519.91 3
520.915 2
521.918 1
522.924 1
523.927 0
524.93 3
525.934 3
526.938 3
528.004 3
529.007 3
530.064 3
531.067 3
532.071 1
533.075 1
534.08 1
535.083 0
536.103 3
537.106 3
538.111 2
539.115 2
540.119 1
541.122 0
542.126 3
543.159 3
544.275 3
545.419 3
546.527 3
547.554 3
548.556 3
549.559 2
550.564 2
551.567 2
552.572 1
553.575 0
554.579 0
555.583 0
556.608 3
557.611 3
558.616 2
559.62 2
560.623 1
561.626 1
562.63 0
563.635 3
564.797 3
565.846 3
566.885 3
567.961 3
568.963 3
569.967 2
570.971 2
571.975 2
572.979 2
573.983 2
574.987 2
575.991 1
576.995 0
578.018 3
579.049 3
580.239 3
581.243 3
582.248 2
583.251 2
584.255 1
585.26 1
586.264 1
587.267 1
588.271 0
589.323 3
590.353 3
591.407 3
592.407 3
593.411 3
594.416 2
595.42 2
596.424 2
597.428 1
598.432 1
599.435 0
600.491 3
601.695 3
602.699 3
603.703 2
604.707 2
605.711 2
606.716 1
607.719 1
608.723 1
609.728 0
610.731 3
611.782 3
612.795 3
613.8 2
614.804 2
615.808 2
616.812 2
617.815 2
618.819 1
619.824 0
620.832 3
622.019 3
623.024 3
624.028 3
625.031 2
626.035 2
627.039 2
628.044 1
629.047 1
630.052 0
631.055 3
632.059 3
633.063 3
634.068 3
635.072 3
636.075 2
637.079 2
638.084 2
639.087 1
640.091 1
641.096 0
642.1 0
643.111 3
644.115 3
645.119 3
646.124 2
647.128 2
648.132 1
649.135 1
650.14 0
651.144 0
652.147 3
653.152 0
654.159 2
655.159 4
656.213 3
657.216 3
658.219 2
659.225 2
660.227 1
661.241 0
662.36 3
663.367 3
664.476 3
665.484 3
666.489 2
667.492 2
668.496 2
669.499 1
670.503 1
671.507 1
672.511 0
673.515 0
674.549 3
675.555 3
676.556 3
677.559 3
678.564 3
679.568 2
680.573 1
681.576 1
682.579 0
683.608 3
684.618 3
685.62 2
686.623 2
687.628 2
688.633 1
689.635 1
690.64 0
691.644 0
692.647 4
693.651 3
694.656 2
695.66 2
696.664 2
697.668 1
698.672 1
699.675 1
700.679 3
701.683 3
702.696 3
703.702 3
704.703 3
705.709 2
706.712 1
707.716 1
708.719 1
709.725 1
710.729 0
711.732 4
712.735 4
713.783 3
714.784 2
715.789 2
716.792 2
717.796 1
718.799 1
719.805 0
720.808 4
721.812 4
722.819 3
723.82 2
724.823 1
725.834 0
726.836 4
727.867 3
729.005 3
730.007 3
731.012 3
732.016 2
733.02 2
734.024 2
735.029 1
736.033 1
737.036 0
738.04 0
739.044 4
740.09 4
741.16 3
742.165 3
743.169 3
744.173 2
745.177 2
746.181 1
747.184 0
748.188 4
749.281 3
750.284 3
751.288 3
752.292 3
753.296 2
754.301 2
755.305 0
756.308 4
757.33 3
758.341 4
759.345 3
760.348 3
761.353 2
762.356 2
763.361 1
764.364 1
765.371 0
766.4 4
767.405 3
768.408 3
769.413 2
770.417 2
771.42 2
772.424 2
773.429 1
774.433 1
775.436 0
776.44 3
777.444 3
778.449 2
779.452 2
780.457 2
781.46 1
782.464 1
783.471 3
784.494 3
785.496 3
786.5 3
787.504 2
788.509 2
789.509 1
790.513 1
791.517 1
792.521 0
793.525 4
794.572 3
795.577 3
796.582 1
797.585 1
798.59 1
799.593 1
800.597 4
801.638 4
802.754 3
803.759 3
804.762 3
805.766 3
806.769 2
807.773 2
808.778 1
809.781 0
810.786 4
811.789 3
812.822 3
813.942 3
814.949 3
815.95 3
816.955 1
817.958 0
818.97 0
819.984 4
821.009 4
822.012 3
823.014 3
824.018 2
825.022 1
826.027 1
827.032 0
828.039 4
829.172 3
830.177 3
831.179 2
832.183 2
833.187 2
834.192 1
835.196 1
836.2 1
837.204 1
838.208 2
839.211 1
840.215 1
841.219 1
842.223 0
843.239 4
844.385 3
845.387 3
846.391 3
847.396 2
848.401 1
849.403 0
850.441 3
851.448 3
852.588 4
853.592 4
854.596 3
855.6 2
856.604 2
857.608 2
858.612 2
859.616 2
860.62 2
861.624 1
862.63 1
863.632 0
864.636 4
865.712 3
866.716 3
867.72 3
868.725 3
869.73 2
870.733 2
871.736 2
872.741 1
873.745 1
874.753 0
875.753 4
876.783 4
877.833 3
878.833 3
879.843 3
880.853 4
881.863 4
882.863 3
883.873 3
884.873 3
885.883 2
886.883 1
887.883 1
888.893 0
889.893 4
890.903 3
891.903 3
892.903 3
893.913 3
894.913 2
895.923 1
896.923 1
897.923 1
898.933 4
899.933 4
900.933 1
901.943 1
902.943 1
903.953 1
904.953 4
905.953 4
906.973 3
907.973 3
908.973 3
909.983 3
910.983 2
911.983 1
912.993 1
913.993 1
915.023 4
916.063 3
917.113 3
918.123 3
919.123 3
920.123 2
921.133 2
922.133 3
923.143 3
924.143 3
925.143 2
926.153 2
927.153 2
928.163 2
929.163 1
930.163 1
931.173 1
932.183 4
933.183 3
934.193 3
935.193 2
936.193 2
937.203 1
938.203 1
939.203 1
940.213 0
941.213 4
942.223 2
943.223 1
944.223 1
945.233 0
946.253 3
947.343 3
948.343 3
949.353 3
950.353 3
951.353 2
952.363 2
953.363 1
954.363 1
955.373 1
956.373 1
957.383 4
958.383 4
959.393 4
960.393 3
961.393 3
962.403 2
963.403 3
964.403 3
965.413 2
966.413 2
967.413 2
968.423 1
969.423 1
970.433 1
971.453 4
972.453 3
973.453 3
974.463 2
975.463 1
976.473 1
977.473 0
978.483 0
979.483 4
980.523 4
981.523 3
982.533 3
983.563 3
984.563 3
985.573 3
986.573 3
987.583 2
988.583 2
989.583 2
990.593 2
991.593 1
992.603 1
993.603 0
994.603 4
995.643 4
996.643 4
997.643 3
998.653 2
999.653 2
1000.65 1
1001.66 1
1002.66 1
1003.67 0
1004.68 0
1005.68 0
1006.68 4
1007.72 4
1008.81 3
1009.81 3
1010.82 3
1011.82 3
1012.83 2
1013.83 1
1014.84 1
1015.84 4
1016.85 3
1017.92 3
1019.02 3
1020.03 3
1021.03 3
1022.03 2
1023.04 2
1024.04 2
1025.04 2
1026.05 0
1027.05 1
1028.06 0
1029.07 0
1030.07 4
1031.11 3
1032.12 3
1033.12 3
1034.12 3
1035.13 3
1036.13 1
1037.14 1
1038.14 1
1039.15 0
1040.15 4
1041.18 3
1042.2 4
1043.2 3
1044.21 3
1045.21 3
1046.22 2
1047.22 2
1048.23 2
1049.23 2
1050.23 1
1051.24 1
1052.24 0
1053.24 4
1054.3 4
1055.35 4
1056.37 4
1057.38 3
1058.38 3
1059.38 2
1060.39 1
1061.39 1
1062.4 1
1063.4 0
1064.4 4
1065.41 3
1066.46 4
1067.47 3
1068.48 3
1069.49 3
1070.49 3
1071.5 2
1072.5 2
1073.51 2
1074.51 1
