# timestamp	command count (MB)\n
190.198 57
191.2 301
192.204 252
193.208 311
194.214 126
195.217 188
196.221 225
197.226 314
198.229 162
199.233 223
200.237 291
201.241 228
202.245 313
203.249 284
204.253 273
205.282 290
206.286 61
207.316 262
208.317 257
209.321 228
210.325 282
211.329 303
212.333 347
213.337 140
214.341 222
215.345 207
216.738 62
217.741 249
218.745 233
219.749 249
220.799 288
221.802 383
222.805 268
223.81 314
224.813 256
225.817 31
226.821 293
227.866 302
228.869 295
229.902 304
231.378 196
232.381 322
233.385 259
234.39 298
235.393 329
236.398 267
237.401 319
238.405 245
239.409 320
240.413 259
241.865 67
242.87 302
243.873 267
244.877 329
245.881 84
246.885 316
247.889 288
248.893 321
249.897 295
250.909 175
251.91 290
252.913 302
253.946 359
254.949 255
256.049 340
257.055 296
258.074 306
259.127 97
260.129 340
261.206 327
262.209 291
263.233 314
264.238 281
265.256 305
267.08 192
268.081 300
269.086 253
270.09 345
271.093 275
272.097 348
273.101 270
274.111 330
275.734 237
276.737 301
277.741 255
278.771 260
279.773 257
280.777 313
281.781 344
282.785 285
283.79 318
285.049 192
286.053 296
287.063 347
288.067 290
289.069 382
290.073 253
291.078 133
292.081 287
293.086 346
294.132 210
295.136 285
296.137 317
297.142 300
298.146 365
299.149 262
300.176 374
301.178 295
302.181 323
303.188 91
304.208 329
305.209 303
306.214 300
307.218 303
308.221 288
309.225 369
310.23 276
311.233 373
312.254 136
313.257 339
314.346 365
315.35 335
316.353 332
317.359 338
318.361 319
319.366 366
320.924 206
321.925 336
322.93 314
323.933 287
324.947 350
325.949 307
326.954 366
327.958 280
328.962 375
330.143 233
331.145 336
332.153 378
333.154 287
334.161 396
335.162 272
336.165 208
337.17 301
338.174 380
339.439 260
340.442 329
341.446 293
342.451 380
343.454 307
344.458 387
345.463 186
346.467 321
347.469 304
348.474 383
349.478 259
350.516 331
351.518 340
352.523 374
353.525 385
354.529 309
355.534 384
356.538 323
358.097 361
359.099 336
360.103 337
361.106 324
362.109 385
363.114 354
364.118 329
365.121 347
366.126 363
367.386 296
368.391 316
369.394 345
370.398 316
371.402 298
372.406 412
373.507 266
374.511 334
375.516 374
376.518 351
377.522 338
378.539 382
379.542 383
380.573 373
381.574 309
382.584 436
383.586 237
384.59 368
385.594 332
386.599 422
387.602 278
388.606 398
389.61 270
390.614 312
391.618 314
392.622 95
393.626 301
394.63 318
395.634 274
396.638 319
397.729 341
398.73 256
399.736 347
400.738 391
401.829 539
402.831 349
403.945 384
404.946 310
405.952 420
406.954 357
408.115 330
409.118 357
410.122 384
411.126 381
412.131 384
413.134 367
414.138 413
415.142 343
416.146 423
417.151 345
418.154 320
419.158 443
420.164 417
421.167 361
422.196 431
423.198 241
424.203 377
425.206 371
426.21 447
427.215 323
428.218 348
429.222 399
430.226 426
431.26 380
432.262 432
433.267 285
434.271 431
435.274 413
436.279 400
437.283 408
438.287 425
439.291 438
440.294 438
441.299 374
442.302 425
443.306 402
444.31 392
445.315 456
446.318 369
447.323 455
448.395 385
449.399 385
450.402 397
451.407 413
452.41 395
453.608 441
454.611 411
455.614 326
456.619 363
457.627 361
458.63 414
459.659 451
460.662 405
461.667 401
462.67 397
463.675 382
464.678 331
465.687 430
466.835 412
467.839 405
468.843 426
469.846 305
470.85 333
471.855 389
472.902 432
473.906 424
474.91 429
475.915 411
476.919 423
477.922 419
478.927 349
479.93 424
480.934 357
482.131 427
483.134 437
484.139 424
485.142 358
486.146 361
487.15 456
488.155 416
489.158 392
490.163 439
491.166 433
492.171 420
493.174 455
494.179 439
495.182 424
496.186 373
497.2 433
498.445 456
499.447 409
500.45 308
501.455 314
502.501 372
503.6 444
504.607 430
505.791 444
506.795 408
507.798 441
508.811 419
509.828 443
510.847 471
511.852 439
512.854 434
513.86 428
514.863 386
515.867 347
516.871 439
517.874 346
518.909 408
519.91 407
520.915 354
521.918 355
522.924 368
523.927 418
524.93 384
525.934 427
526.938 447
528.004 446
529.007 420
530.064 456
531.067 417
532.071 415
533.075 439
534.08 438
535.083 384
536.103 408
537.106 434
538.111 436
539.115 355
540.119 346
541.122 371
542.126 423
543.159 421
544.275 454
545.419 445
546.527 476
547.554 434
548.556 424
549.559 405
550.564 408
551.567 449
552.572 448
553.575 431
554.579 434
555.583 439
556.608 427
557.611 446
558.616 359
559.62 467
560.623 294
561.626 452
562.63 443
563.635 393
564.797 468
565.846 471
566.885 457
567.961 495
568.963 442
569.967 398
570.971 427
571.975 435
572.979 462
573.983 459
574.987 446
575.991 367
576.995 369
578.018 442
579.049 468
580.239 487
581.243 427
582.248 378
583.251 387
584.255 449
585.26 446
586.264 450
587.267 461
588.271 403
589.323 401
590.353 462
591.407 477
592.407 441
593.411 466
594.416 455
595.42 458
596.424 404
597.428 346
598.432 463
599.435 441
600.491 424
601.695 454
602.699 480
603.703 339
604.707 456
605.711 452
606.716 392
607.719 396
608.723 466
609.728 401
610.731 451
611.782 468
612.795 428
613.8 482
614.804 454
615.808 464
616.812 449
617.815 467
618.819 423
619.824 344
620.832 421
622.019 479
623.024 468
624.028 449
625.031 446
626.035 480
627.039 428
628.044 383
629.047 406
630.052 471
631.055 426
632.059 470
633.063 468
634.068 477
635.072 472
636.075 464
637.079 465
638.084 457
639.087 421
640.091 385
641.096 460
642.1 490
643.111 437
644.115 479
645.119 455
646.124 441
647.128 391
648.132 427
649.135 459
650.14 448
651.144 478
652.147 437
653.152 450
654.159 460
655.159 491
656.213 491
657.216 445
658.219 386
659.225 460
660.227 403
661.241 352
662.36 472
663.367 475
664.476 483
665.484 473
666.489 406
667.492 392
668.496 481
669.499 466
670.503 471
671.507 408
672.511 461
673.515 484
674.549 489
675.555 508
676.556 438
677.559 473
678.564 469
679.568 385
680.573 469
681.576 381
682.579 470
683.608 416
684.618 499
685.62 399
686.623 401
687.628 465
688.633 391
689.635 447
690.64 459
691.644 470
692.647 475
693.651 477
694.656 491
695.66 477
696.664 475
697.668 438
698.672 406
699.675 468
700.679 391
701.683 489
702.696 511
703.702 483
704.703 462
705.709 416
706.712 376
707.716 490
708.719 473
709.725 473
710.729 436
711.732 488
712.735 508
713.783 493
714.784 475
715.789 481
716.792 461
717.796 428
718.799 470
719.805 464
720.808 467
721.812 502
722.819 471
723.82 388
724.823 375
725.834 372
726.836 496
727.867 484
729.005 494
730.007 508
731.012 420
732.016 431
733.02 480
734.024 468
735.029 467
736.033 492
737.036 484
738.04 483
739.044 496
740.09 524
741.16 497
742.165 476
743.169 462
744.173 418
745.177 488
746.181 412
747.184 430
748.188 460
749.281 491
750.284 464
751.288 465
752.292 488
753.296 444
754.301 466
755.305 469
756.308 509
757.33 514
758.341 528
759.345 466
760.348 489
761.353 478
762.356 492
763.361 361
764.364 513
765.371 420
766.4 492
767.405 504
768.408 447
769.413 445
770.417 495
771.42 477
772.424 495
773.429 435
774.433 492
775.436 482
776.44 507
777.444 492
778.449 482
779.452 440
780.457 490
781.46 390
782.464 498
783.471 480
784.494 488
785.496 474
786.5 503
787.504 461
788.509 475
789.509 411
790.513 443
791.517 477
792.521 505
793.525 475
794.572 504
795.577 513
796.582 448
797.585 494
798.59 509
799.593 462
800.597 432
801.638 539
802.754 501
803.759 495
804.762 485
805.766 492
806.769 478
807.773 456
808.778 421
809.781 392
810.786 496
811.789 486
812.822 499
813.942 522
814.949 491
815.95 486
816.955 461
817.958 487
818.97 490
819.984 499
821.009 546
822.012 468
823.014 431
824.018 425
825.022 437
826.027 506
827.032 420
828.039 473
829.172 519
830.177 488
831.179 403
832.183 458
833.187 472
834.192 483
835.196 508
836.2 509
837.204 471
838.208 498
839.211 489
840.215 487
841.219 495
842.223 445
843.239 465
844.385 521
845.387 484
846.391 490
847.396 392
848.401 421
849.403 406
850.441 463
851.448 517
852.588 523
853.592 528
854.596 386
855.6 482
856.604 490
857.608 479
858.612 464
859.616 520
860.62 497
861.624 489
862.63 453
863.632 429
864.636 454
865.712 513
866.716 485
867.72 502
868.725 485
869.73 508
870.733 445
871.736 480
872.741 447
873.745 499
874.753 459
875.753 490
876.783 509
877.833 518
878.833 521
879.843 444
880.853 524
881.863 531
882.863 474
883.873 503
884.873 507
885.883 445
886.883 453
887.883 515
888.893 402
889.893 518
890.903 484
891.903 514
892.903 451
893.913 502
894.913 451
895.923 465
896.923 467
897.923 508
898.933 492
899.933 493
900.933 500
901.943 507
902.943 504
903.953 495
904.953 452
905.953 494
906.973 511
907.973 515
908.973 495
909.983 498
910.983 496
911.983 423
912.993 485
913.993 473
915.023 467
916.063 520
917.113 523
918.123 487
919.123 501
920.123 485
921.133 516
922.133 511
923.143 484
924.143 505
925.143 482
926.153 507
927.153 490
928.163 492
929.163 503
930.163 506
931.173 506
932.183 448
933.183 503
934.193 446
935.193 498
936.193 507
937.203 448
938.203 511
939.203 497
940.213 502
941.213 514
942.223 525
943.223 508
944.223 530
945.233 402
946.253 483
947.343 526
948.343 474
949.353 508
950.353 510
951.353 452
952.363 522
953.363 492
954.363 509
955.373 504
956.373 502
957.383 489
958.383 514
959.393 537
960.393 487
961.393 498
962.403 492
963.403 535
964.403 508
965.413 487
966.413 507
967.413 509
968.423 441
969.423 500
970.433 518
971.453 437
972.453 499
973.453 441
974.463 418
975.463 469
976.473 501
977.473 451
978.483 534
979.483 486
980.523 532
981.523 473
982.533 484
983.563 514
984.563 513
985.573 515
986.573 515
987.583 470
988.583 518
989.583 489
990.593 529
991.593 425
992.603 492
993.603 509
994.603 484
995.643 547
996.643 537
997.643 413
998.653 480
999.653 491
1000.65 460
1001.66 497
1002.66 489
1003.67 515
1004.68 483
1005.68 524
1006.68 528
1007.72 495
1008.81 536
1009.81 482
1010.82 515
1011.82 501
1012.83 403
1013.83 432
1014.84 530
1015.84 431
1016.85 495
1017.92 552
1019.02 509
1020.03 487
1021.03 496
1022.03 469
1023.04 492
1024.04 496
1025.04 502
1026.05 499
1027.05 535
1028.06 523
1029.07 484
1030.07 494
1031.11 538
1032.12 522
1033.12 516
1034.12 501
1035.13 523
1036.13 422
1037.14 440
1038.14 521
1039.15 519
1040.15 529
1041.18 498
1042.2 570
1043.2 492
1044.21 503
1045.21 495
1046.22 506
1047.22 517
1048.23 543
1049.23 495
1050.23 449
1051.24 480
1052.24 521
1053.24 464
1054.3 548
1055.35 547
1056.37 538
1057.38 485
1058.38 522
1059.38 459
1060.39 429
1061.39 490
1062.4 488
1063.4 513
1064.4 470
1065.41 531
1066.46 532
1067.47 526
1068.48 532
1069.49 493
1070.49 525
1071.5 469
1072.5 512
1073.51 488
1074.51 469
1075.51 462
