# timestamp	utilization (%) \n
-120.966 0
-115.96 1
-107.258 3
-101.067 4
-95.6696 5
-89.6301 7
-84.1962 8
-74.2252 10
-68.8377 12
-63.5572 13
-57.8565 14
-52.716 15
-46.287 16
-37.9309 19
-32.8573 19
-27.0446 21
-19.9931 22
-14.1911 23
-9.17806 24
-2.20405 26
3.36494 27
8.96594 28
14.8919 30
20.0269 31
25.3139 32
31.9429 34
37.4039 35
42.4729 36
49.8669 37
55.7769 39
61.1589 40
66.7389 41
72.4759 42
80.3279 43
86.9019 45
95.1609 47
100.841 48
106.601 49
111.755 50
118.109 52
124.162 53
129.739 54
135.741 55
141.434 57
146.973 58
152.274 59
157.681 60
163.435 61
170.17 63
175.357 63
180.422 65
185.747 66
191.325 67
197.738 68
203.13 68
208.63 68
215.227 68
220.283 67
225.767 66
232.585 67
237.99 66
243.114 66
249.78 65
255.945 65
261.1 65
267.133 64
272.425 64
278.212 63
285.139 63
291.795 62
298.313 62
304.154 61
309.574 61
316.213 61
322.06 60
327.509 60
334.161 59
339.465 58
344.973 58
351.079 57
356.083 57
362.977 57
368.659 56
375.411 56
380.573 55
387.071 55
392.335 54
397.626 54
403.987 53
409.31 53
414.595 53
420.055 52
426.524 51
432.679 50
438.012 50
443.848 49
450.013 49
456.177 49
461.953 48
467.892 48
473.906 48
479.601 48
485.5 48
490.777 47
496.009 47
501.155 47
506.728 47
511.876 47
517.693 47
523.648 46
529.044 46
534.831 46
540.908 46
546.527 46
551.792 46
557.839 45
563.543 45
569.088 45
574.354 45
580.239 45
585.771 45
591.406 44
597.028 44
602.945 44
608.381 44
614 44
619.591 44
625.217 44
630.899 43
636.263 43
641.877 43
647.657 43
652.933 43
658.539 43
664.476 43
669.952 43
675.555 43
681.221 43
687.027 43
692.52 43
698.253 42
703.702 42
709.42 42
715.002 42
720.642 42
726.652 42
732.292 42
737.832 42
743.45 42
749.281 42
754.808 42
760.532 42
766.345 42
771.848 42
777.642 42
783.276 42
788.946 42
794.513 42
800.506 42
805.951 41
811.694 41
817.707 41
823.35 41
829.172 41
834.661 41
839.729 41
845.458 41
851.396 41
856.877 41
862.185 41
867.859 41
873.338 41
878.873 41
884.013 41
889.773 40
895.423 40
900.463 40
905.883 40
911.463 40
917.063 40
922.183 40
927.603 40
933.363 40
938.873 40
945.023 40
950.693 40
956.053 40
961.593 40
966.753 40
972.603 40
978.283 39
983.523 39
988.923 40
994.503 39
1000.19 39
1005.43 39
1010.97 39
1016.8 39
1022.36 39
1027.83 39
1033.25 39
1038.94 39
1044.39 39
1049.75 39
1055.3 39
1060.94 39
1066.4 39
1071.8 39
