# timestamp	GC Total Latency (msec)		Read Latency (msec)	Write Latency (msec)\n
76.5939 7 0 0
77.5937 8 0 0
78.5937 11 2 1
79.5937 14 3 2
80.5937 16 5 3
81.5937 19 7 4
82.5937 22 9 5
83.5937 25 10 6
84.5938 29 13 8
85.5937 33 16 10
86.5936 41 20 13
87.5936 57 30 19
88.5936 90 49 34
89.5949 140 78 55
90.5936 253 134 112
91.5936 335 168 162
92.5936 431 209 219
93.5936 561 270 287
94.5955 738 356 381
95.5935 917 442 476
96.5936 1066 511 556
97.5935 1213 578 637
98.5935 1351 641 714
99.5937 1484 700 789
100.594 1612 757 861
101.594 1729 809 927
102.593 1850 862 996
103.593 1950 906 1053
104.593 2049 948 1110
105.593 2162 997 1174
106.593 2256 1038 1229
107.593 2350 1078 1283
108.593 2441 1116 1336
109.593 2523 1151 1385
110.593 2608 1187 1435
111.593 2686 1219 1480
112.593 2760 1250 1524
113.593 2835 1282 1568
114.593 2906 1312 1609
115.593 2965 1336 1644
116.593 3031 1363 1684
117.593 3094 1390 1721
118.593 3162 1418 1761
119.593 3207 1437 1789
120.593 3263 1460 1821
121.593 3310 1480 1849
122.593 3367 1504 1883
123.593 3413 1522 1910
124.594 3461 1542 1939
125.595 3506 1560 1966
126.593 3546 1577 1990
127.593 3590 1595 2016
128.594 3627 1609 2038
129.593 3669 1627 2063
130.593 3703 1641 2083
131.593 3740 1657 2105
132.593 3770 1669 2123
133.593 3806 1684 2145
134.593 3837 1696 2164
135.593 3872 1710 2184
136.605 3905 1724 2204
137.605 3930 1734 2219
138.606 3958 1745 2236
139.605 3989 1758 2254
140.605 4013 1767 2269
141.605 4041 1779 2286
142.605 4064 1788 2300
143.605 4090 1799 2315
144.605 4115 1809 2330
145.605 4139 1818 2345
146.605 4161 1828 2358
147.605 4184 1837 2372
148.605 4204 1845 2384
149.605 4225 1853 2397
150.617 4245 1861 2409
151.617 4267 1870 2422
152.617 4286 1878 2434
153.617 4306 1886 2446
154.617 4324 1893 2457
155.617 4345 1902 2470
156.617 4363 1909 2480
157.617 4382 1916 2492
158.617 4401 1924 2503
159.617 4418 1931 2513
160.617 4435 1938 2523
161.617 4449 1943 2533
162.617 4466 1950 2543
163.617 4481 1956 2552
164.617 4496 1961 2561
165.617 4511 1968 2570
166.617 4525 1973 2579
167.617 4540 1979 2588
168.617 4553 1984 2597
169.621 4567 1990 2605
170.625 4582 1996 2614
171.629 4595 2001 2622
172.633 4609 2006 2631
173.637 4619 2010 2637
174.645 4633 2015 2646
175.649 4647 2021 2655
176.653 4660 2026 2663
177.657 4675 2031 2672
178.661 4688 2036 2680
179.665 4702 2041 2689
180.669 4715 2046 2698
181.674 4728 2051 2706
182.678 4741 2056 2714
183.682 4754 2061 2722
184.686 4766 2065 2730
185.69 4777 2069 2737
186.694 4789 2073 2745
187.698 4801 2078 2753
188.702 4815 2083 2761
189.706 4827 2088 2769
190.71 4839 2092 2777
191.714 4847 2094 2782
192.718 4859 2099 2790
193.722 4871 2103 2797
194.726 4883 2108 2805
195.73 4894 2111 2813
196.735 4906 2116 2820
197.739 4917 2120 2827
198.743 4927 2123 2834
199.747 4938 2127 2841
200.751 4948 2131 2848
201.755 4958 2134 2854
202.759 4968 2138 2861
203.763 4978 2141 2868
204.788 4987 2145 2874
205.791 4997 2148 2880
206.795 5008 2152 2887
207.803 5018 2156 2894
208.807 5028 2159 2900
209.811 5037 2162 2906
210.815 5047 2166 2913
211.819 5057 2169 2920
212.824 5067 2172 2926
213.827 5077 2176 2933
214.831 5085 2179 2938
215.836 5094 2182 2944
216.84 5104 2185 2950
217.845 5114 2189 2957
218.848 5124 2192 2963
219.854 5134 2196 2970
220.86 5144 2199 2977
221.864 5154 2203 2983
222.868 5164 2206 2990
223.872 5173 2209 2996
224.888 5180 2212 3001
225.892 5189 2215 3007
226.896 5198 2218 3013
227.9 5207 2221 3019
228.904 5216 2224 3025
229.908 5223 2226 3030
230.912 5233 2230 3036
231.916 5242 2232 3042
232.916 5250 2235 3048
233.92 5260 2238 3054
234.924 5269 2241 3061
235.928 5278 2244 3067
236.933 5286 2247 3072
237.937 5295 2250 3078
238.941 5303 2253 3083
239.945 5312 2256 3090
240.949 5321 2258 3096
241.953 5330 2262 3102
242.957 5337 2264 3107
243.961 5346 2267 3113
245.005 5353 2269 3118
246.009 5363 2272 3124
247.013 5371 2275 3130
248.018 5378 2277 3135
249.021 5387 2280 3141
250.025 5395 2283 3146
251.029 5404 2286 3152
252.033 5413 2288 3158
253.037 5422 2292 3165
254.041 5430 2294 3170
255.047 5438 2297 3176
256.049 5448 2300 3183
257.053 5455 2302 3187
258.057 5462 2304 3192
259.061 5470 2307 3198
260.065 5478 2309 3203
261.069 5486 2312 3209
262.073 5494 2314 3214
263.077 5500 2316 3219
264.082 5507 2318 3223
265.086 5514 2320 3228
266.1 5522 2322 3234
267.102 5529 2325 3239
268.106 5536 2327 3243
269.11 5544 2329 3249
270.114 5551 2332 3254
271.118 5559 2334 3259
272.122 5566 2336 3264
273.126 5573 2338 3270
274.13 5581 2341 3275
275.134 5589 2343 3281
276.138 5596 2345 3286
277.142 5602 2347 3291
278.146 5611 2349 3297
279.154 5618 2352 3302
280.16 5626 2354 3308
281.162 5634 2356 3313
282.166 5641 2358 3319
283.17 5648 2360 3324
284.174 5656 2362 3330
285.178 5664 2365 3335
286.182 5670 2366 3340
287.202 5679 2368 3346
288.207 5686 2370 3352
289.21 5694 2373 3358
290.214 5701 2374 3363
291.218 5708 2376 3369
292.222 5718 2378 3376
293.226 5726 2380 3382
294.23 5734 2382 3389
295.235 5744 2385 3396
296.238 5753 2387 3403
297.242 5761 2389 3409
298.246 5769 2391 3415
299.25 5777 2393 3422
300.255 5785 2395 3428
301.259 5793 2397 3434
302.268 5802 2399 3441
303.271 5810 2401 3446
304.275 5817 2403 3452
305.279 5827 2405 3459
306.283 5834 2407 3465
307.287 5844 2409 3473
308.291 5853 2411 3480
309.295 5863 2414 3487
310.299 5871 2416 3493
311.303 5881 2418 3501
312.308 5892 2421 3509
313.311 5899 2423 3515
314.315 5910 2426 3523
315.319 5919 2428 3529
316.323 5926 2429 3535
317.327 5934 2432 3542
318.334 5942 2433 3548
319.335 5951 2435 3554
320.339 5961 2438 3562
321.343 5966 2439 3566
322.348 5976 2441 3574
323.351 5984 2443 3580
324.355 5992 2445 3585
325.367 6000 2448 3592
326.373 6010 2450 3599
327.375 6019 2452 3606
328.379 6030 2455 3614
329.383 6035 2456 3618
330.387 6041 2458 3623
331.391 6051 2460 3631
332.396 6060 2462 3638
333.399 6069 2464 3645
334.403 6078 2466 3652
335.407 6090 2469 3661
336.411 6097 2471 3667
337.415 6106 2472 3674
338.419 6117 2475 3682
339.423 6128 2478 3691
340.427 6139 2481 3699
341.434 6151 2483 3708
342.435 6165 2487 3719
343.439 6170 2488 3723
344.443 6183 2491 3733
345.449 6197 2494 3744
346.451 6206 2496 3751
347.456 6223 2501 3763
348.46 6224 2501 3765
349.463 6239 2504 3776
350.467 6249 2506 3784
351.471 6262 2509 3794
352.475 6271 2511 3801
353.48 6285 2515 3812
354.483 6292 2516 3818
355.488 6307 2520 3829
356.492 6315 2521 3835
357.496 6323 2523 3843
358.5 6335 2526 3851
359.504 6345 2528 3859
360.508 6354 2530 3867
361.512 6365 2533 3875
362.516 6381 2536 3888
363.52 6386 2537 3892
364.524 6404 2541 3906
365.528 6404 2540 3907
366.532 6417 2544 3916
367.536 6426 2545 3924
368.54 6438 2548 3933
369.544 6447 2550 3941
370.553 6457 2552 3949
371.556 6472 2556 3960
372.56 6479 2557 3966
373.564 6493 2560 3978
374.568 6513 2564 3993
375.572 6520 2565 4000
376.576 6520 2565 4000
377.58 6529 2567 4007
378.584 6546 2570 4020
379.588 6549 2571 4023
380.592 6558 2573 4030
381.597 6574 2576 4043
382.6 6586 2579 4052
383.609 6631 2588 4088
384.612 6619 2584 4080
385.616 6615 2583 4077
386.62 6622 2585 4083
387.626 6633 2587 4091
388.628 6671 2595 4122
389.633 6746 2611 4182
390.636 6783 2618 4212
391.64 6763 2611 4199
392.647 6744 2603 4187
393.648 6730 2598 4178
394.652 6715 2593 4169
395.656 6712 2592 4166
396.66 6714 2593 4168
397.664 6720 2595 4172
398.668 6725 2596 4175
399.672 6734 2598 4182
400.676 6743 2600 4189
401.68 6765 2605 4207
402.684 6768 2605 4210
403.689 6801 2612 4236
404.692 6872 2627 4292
405.697 6942 2642 4349
406.701 6948 2640 4356
407.704 6929 2633 4344
408.71 6912 2627 4333
409.712 6895 2620 4322
410.716 6880 2615 4313
411.72 6872 2613 4307
412.724 6871 2613 4306
413.728 6874 2614 4308
414.732 6879 2615 4311
415.736 6885 2617 4316
416.74 6892 2619 4321
417.744 6914 2624 4339
418.748 6916 2624 4341
419.754 6923 2625 4346
420.756 6963 2634 4378
421.764 6968 2634 4383
422.765 6975 2635 4389
423.768 6990 2638 4401
424.772 7013 2643 4419
425.777 7067 2654 4462
426.78 7052 2649 4452
427.787 7054 2650 4454
428.788 7061 2652 4459
429.793 7079 2655 4474
430.797 7154 2671 4533
431.801 7221 2685 4588
432.805 7279 2697 4634
433.808 7260 2690 4621
434.813 7243 2684 4611
435.817 7229 2678 4601
436.821 7209 2671 4589
437.824 7197 2667 4581
438.828 7180 2661 4570
439.832 7168 2657 4562
440.836 7166 2657 4559
441.84 7166 2657 4559
442.844 7170 2658 4562
443.848 7175 2660 4566
444.852 7180 2661 4569
445.856 7185 2663 4573
446.86 7196 2665 4582
447.864 7203 2667 4587
448.868 7242 2675 4618
449.872 7241 2674 4619
450.876 7238 2673 4616
451.88 7245 2675 4621
452.884 7265 2679 4638
453.889 7278 2682 4648
454.893 7332 2693 4692
455.896 7395 2706 4742
456.901 7457 2719 4792
457.904 7497 2727 4824
458.908 7478 2720 4812
459.912 7462 2714 4802
460.916 7448 2709 4792
461.92 7433 2703 4783
462.925 7419 2698 4773
463.928 7405 2693 4764
464.932 7394 2690 4756
465.936 7390 2689 4753
466.94 7389 2689 4752
467.944 7392 2690 4754
468.944 7395 2692 4756
469.952 7398 2693 4758
470.956 7403 2694 4761
471.96 7440 2702 4791
472.965 7504 2715 4842
473.968 7510 2715 4848
474.973 7496 2710 4839
475.976 7483 2706 4831
476.98 7473 2703 4823
477.984 7472 2703 4822
478.988 7474 2704 4823
479.992 7478 2705 4826
480.996 7483 2707 4830
482 7497 2709 4841
483.004 7500 2710 4843
484.008 7539 2718 4874
485.014 7551 2720 4884
486.019 7544 2718 4879
487.02 7545 2719 4880
488.024 7550 2720 4884
489.029 7584 2727 4911
490.037 7594 2729 4919
491.041 7592 2729 4918
492.058 7612 2733 4934
493.06 7614 2734 4935
494.064 7620 2735 4940
495.068 7662 2744 4973
496.072 7662 2744 4974
497.076 7664 2745 4975
498.08 7673 2747 4982
499.084 7690 2750 4996
500.088 7711 2755 5012
501.092 7716 2756 5015
502.115 7755 2764 5047
503.116 7762 2765 5053
504.12 7762 2766 5052
505.124 7767 2767 5057
506.134 7798 2773 5081
507.142 7796 2773 5080
508.145 7803 2774 5085
509.149 7820 2778 5098
510.153 7835 2781 5111
511.156 7859 2786 5130
512.16 7860 2787 5131
513.165 7883 2791 5149
514.168 7886 2792 5151
515.174 7908 2797 5169
516.176 7917 2799 5176
517.18 7924 2801 5181
518.184 7950 2806 5202
519.188 7952 2807 5203
520.188 7980 2813 5225
521.192 7982 2813 5227
522.197 7986 2814 5230
523.201 8013 2820 5252
524.204 8013 2820 5252
525.205 8032 2824 5267
526.208 8036 2825 5270
527.213 8059 2830 5289
528.212 8062 2831 5290
529.216 8077 2834 5303
530.216 8086 2836 5310
531.22 8109 2840 5328
532.221 8111 2841 5330
533.227 8141 2847 5354
534.228 8142 2848 5355
535.229 8151 2850 5361
536.228 8167 2853 5374
537.232 8172 2854 5378
538.232 8194 2859 5396
539.232 8202 2860 5402
540.232 8207 2862 5406
541.232 8225 2865 5420
542.232 8235 2868 5429
543.232 8246 2870 5437
544.24 8262 2873 5450
545.237 8289 2879 5472
546.236 8287 2878 5470
547.236 8289 2879 5471
548.236 8308 2883 5487
549.242 8311 2884 5489
550.241 8326 2887 5501
551.241 8333 2889 5506
552.24 8350 2892 5520
553.241 8360 2894 5528
554.24 8384 2899 5547
555.24 8385 2900 5548
556.243 8414 2906 5571
557.24 8413 2906 5570
558.241 8416 2907 5572
559.241 8431 2910 5584
560.24 8433 2910 5586
561.24 8441 2912 5592
562.24 8455 2915 5604
563.24 8472 2918 5617
564.242 8484 2921 5627
565.241 8494 2923 5635
566.241 8510 2926 5647
567.24 8519 2928 5654
568.24 8525 2930 5659
569.246 8557 2936 5684
570.244 8553 2935 5681
571.244 8554 2936 5682
572.245 8565 2938 5691
573.256 8588 2943 5709
574.258 8585 2942 5707
575.258 8588 2943 5709
576.257 8609 2947 5726
577.257 8611 2948 5727
578.257 8620 2950 5735
579.256 8630 2952 5743
580.256 8643 2955 5753
581.256 8655 2957 5762
582.256 8659 2958 5766
583.256 8672 2961 5776
584.256 8684 2964 5786
585.257 8691 2965 5791
586.256 8705 2968 5802
587.296 8717 2971 5812
588.293 8722 2972 5816
589.292 8736 2975 5827
590.293 8747 2977 5836
591.295 8755 2979 5842
592.293 8768 2982 5852
593.292 8776 2983 5859
594.292 8787 2986 5867
595.294 8803 2989 5881
596.293 8805 2990 5881
597.292 8812 2991 5887
598.292 8834 2996 5905
599.293 8831 2995 5903
600.292 8834 2996 5905
601.298 8845 2998 5914
602.296 8856 3000 5922
603.296 8875 3004 5938
604.296 8875 3005 5938
605.296 8886 3007 5947
606.296 8895 3009 5954
607.296 8906 3011 5963
608.296 8917 3013 5971
609.296 8931 3016 5982
610.298 8935 3017 5985
611.297 8959 3022 6005
612.296 8966 3024 6010
613.296 8965 3024 6009
614.296 8966 3024 6010
615.297 8988 3028 6028
616.296 8991 3029 6030
617.296 8988 3028 6028
618.296 8988 3029 6028
619.301 9001 3031 6038
620.3 9008 3033 6044
621.3 9008 3033 6044
622.3 9018 3035 6052
623.3 9022 3036 6055
624.301 9032 3038 6062
625.3 9040 3040 6069
626.3 9043 3041 6072
627.3 9056 3043 6082
628.3 9057 3044 6082
629.301 9075 3047 6097
630.3 9074 3047 6096
631.301 9076 3048 6098
632.3 9093 3051 6111
633.3 9092 3051 6110
634.3 9100 3053 6116
635.3 9107 3055 6122
636.3 9118 3057 6131
637.3 9121 3058 6133
638.303 9135 3060 6144
639.305 9136 3061 6145
640.304 9146 3063 6153
641.305 9152 3064 6158
642.304 9163 3066 6167
643.305 9173 3068 6174
644.304 9177 3070 6178
645.304 9186 3071 6185
646.304 9195 3073 6192
647.305 9205 3075 6200
648.304 9213 3077 6206
649.305 9227 3080 6218
650.304 9229 3080 6219
651.306 9236 3082 6225
652.305 9245 3084 6232
653.304 9249 3085 6235
654.304 9258 3087 6242
655.305 9267 3089 6250
656.312 9273 3090 6254
657.312 9282 3092 6261
658.317 9290 3094 6268
659.316 9297 3095 6273
660.321 9308 3097 6282
661.32 9318 3100 6290
662.32 9318 3100 6290
663.32 9322 3101 6293
664.321 9335 3103 6303
665.32 9342 3105 6309
666.322 9342 3105 6308
667.332 9351 3107 6316
668.328 9350 3107 6316
669.333 9354 3107 6319
670.333 9367 3110 6329
671.332 9379 3112 6338
672.333 9376 3112 6336
673.332 9377 3112 6336
674.332 9381 3113 6340
675.336 9388 3115 6345
676.332 9394 3116 6350
677.332 9395 3117 6351
678.332 9401 3118 6356
679.333 9414 3120 6366
680.332 9413 3120 6365
681.336 9416 3121 6368
682.34 9426 3123 6375
683.344 9434 3125 6382
684.349 9435 3125 6383
685.352 9445 3127 6390
686.357 9448 3128 6393
687.36 9458 3130 6401
688.365 9463 3131 6405
689.368 9473 3133 6412
690.368 9476 3134 6415
691.372 9484 3136 6421
692.378 9489 3137 6425
693.381 9504 3140 6437
694.385 9503 3140 6436
695.389 9508 3141 6441
696.393 9513 3142 6444
697.397 9525 3144 6454
698.401 9524 3145 6453
699.405 9533 3146 6460
700.409 9535 3147 6462
701.413 9546 3149 6470
702.417 9545 3149 6470
703.428 9559 3152 6481
704.429 9557 3152 6479
705.433 9559 3153 6481
706.439 9566 3154 6486
707.441 9571 3155 6490
708.446 9578 3157 6495
709.458 9586 3158 6502
710.462 9591 3159 6506
711.465 9598 3161 6511
712.469 9603 3162 6515
713.473 9611 3164 6521
714.477 9615 3165 6525
715.481 9624 3166 6532
716.485 9625 3167 6533
717.489 9629 3168 6536
718.493 9634 3169 6540
719.498 9642 3170 6546
720.502 9648 3172 6551
721.505 9656 3174 6557
722.51 9660 3174 6560
723.518 9672 3177 6570
724.522 9671 3177 6569
725.536 9683 3179 6579
726.538 9684 3179 6579
727.542 9683 3180 6579
728.574 9695 3182 6588
729.578 9700 3183 6592
730.582 9698 3183 6591
731.586 9699 3183 6591
732.59 9705 3184 6596
733.594 9718 3187 6606
734.598 9718 3187 6606
735.602 9717 3187 6605
736.608 9721 3188 6608
737.61 9728 3189 6615
738.614 9726 3189 6612
739.618 9727 3189 6613
740.623 9736 3191 6621
741.626 9733 3190 6619
742.63 9735 3191 6620
743.634 9744 3192 6627
744.64 9744 3193 6627
745.647 9751 3194 6632
746.65 9752 3195 6633
747.655 9763 3197 6642
748.67 9761 3197 6640
749.677 9764 3197 6642
750.68 9765 3198 6643
751.682 9774 3199 6650
752.686 9775 3200 6651
753.69 9780 3201 6655
754.694 9784 3202 6659
755.699 9786 3202 6660
756.703 9797 3204 6669
757.707 9796 3204 6668
758.711 9799 3205 6670
759.715 9806 3206 6676
760.72 9809 3207 6678
761.723 9816 3209 6684
762.727 9819 3209 6686
763.736 9821 3210 6688
764.739 9826 3211 6691
765.743 9830 3212 6694
766.747 9836 3213 6700
767.751 9838 3213 6701
768.755 9838 3214 6701
769.759 9846 3215 6707
770.763 9845 3215 6706
771.767 9849 3216 6710
772.771 9852 3217 6712
773.775 9857 3218 6716
774.779 9862 3219 6719
775.783 9866 3220 6723
776.787 9870 3221 6726
777.791 9878 3222 6733
778.796 9880 3223 6734
779.799 9886 3224 6739
780.803 9888 3225 6740
781.811 9894 3226 6745
782.811 9896 3226 6747
783.815 9903 3228 6752
784.819 9906 3229 6755
785.823 9912 3230 6759
786.828 9914 3230 6761
787.831 9920 3232 6766
788.835 9922 3232 6767
789.839 9929 3234 6773
790.843 9935 3235 6777
791.851 9936 3235 6779
792.855 9942 3237 6783
793.856 9942 3237 6783
794.86 9950 3238 6789
795.864 9950 3238 6789
796.868 9958 3240 6796
797.872 9958 3240 6795
798.886 9962 3241 6799
799.888 9963 3241 6799
800.904 9967 3242 6802
801.908 9969 3243 6804
802.912 9970 3243 6804
803.916 9976 3244 6809
804.92 9975 3244 6808
805.924 9983 3246 6815
806.93 9981 3245 6813
807.932 9981 3246 6814
808.936 9988 3247 6819
809.942 9988 3247 6819
810.944 9993 3248 6823
811.948 9996 3249 6825
812.952 9997 3249 6826
813.956 10002 3250 6830
814.96 10006 3251 6833
815.964 10011 3252 6837
816.973 10015 3253 6840
817.985 10018 3254 6842
818.988 10023 3255 6846
819.992 10030 3256 6852
820.997 10033 3257 6854
822 10037 3258 6857
823.004 10042 3259 6862
824.008 10047 3260 6865
825.013 10052 3261 6870
826.016 10054 3262 6871
827.02 10059 3263 6875
828.024 10059 3263 6875
829.028 10065 3264 6880
830.032 10068 3265 6882
831.036 10069 3265 6883
832.037 10077 3266 6889
833.042 10077 3267 6889
834.044 10083 3268 6894
835.049 10082 3268 6893
836.067 10088 3269 6898
837.068 10089 3269 6898
838.072 10095 3270 6903
839.076 10096 3271 6904
840.081 10101 3272 6908
841.085 10105 3273 6911
842.089 10108 3274 6914
843.093 10114 3275 6918
844.097 10114 3275 6918
845.101 10119 3276 6922
846.105 10119 3276 6922
847.109 10123 3277 6926
848.113 10126 3278 6928
849.117 10130 3278 6931
850.121 10137 3280 6937
851.125 10138 3280 6937
852.129 10143 3281 6941
853.133 10142 3281 6940
854.137 10148 3282 6945
855.141 10148 3283 6945
856.156 10159 3285 6953
857.157 10156 3284 6951
858.161 10155 3284 6951
859.165 10165 3286 6958
860.169 10163 3286 6956
861.174 10163 3286 6957
862.177 10170 3287 6962
863.181 10167 3287 6960
864.185 10169 3287 6962
865.189 10172 3288 6964
866.193 10177 3289 6968
867.209 10184 3290 6973
868.213 10183 3290 6972
869.22 10189 3292 6977
870.221 10192 3292 6979
871.226 10190 3292 6978
872.23 10191 3292 6978
873.233 10194 3293 6981
874.237 10194 3293 6981
875.241 10198 3294 6984
876.246 10199 3294 6985
877.249 10204 3295 6989
878.253 10207 3296 6992
879.257 10209 3296 6993
880.261 10213 3297 6996
881.265 10215 3298 6998
882.269 10218 3298 7000
883.273 10221 3299 7002
884.277 10224 3299 7004
885.281 10227 3300 7007
886.285 10231 3301 7010
887.291 10234 3302 7012
888.293 10237 3302 7015
889.297 10241 3303 7018
890.305 10243 3304 7019
891.306 10247 3305 7023
892.309 10248 3305 7024
893.314 10253 3306 7028
894.318 10256 3306 7030
895.322 10258 3307 7032
896.326 10263 3308 7035
897.33 10266 3309 7038
898.334 10267 3309 7038
899.338 10271 3310 7042
900.345 10273 3310 7043
901.354 10278 3311 7047
902.358 10278 3311 7047
903.363 10279 3312 7048
904.366 10280 3312 7049
905.37 10284 3313 7052
906.374 10287 3313 7054
907.378 10288 3314 7055
908.382 10291 3314 7058
909.406 10294 3315 7060
910.406 10295 3315 7061
911.41 10298 3316 7063
912.414 10301 3317 7066
913.418 10304 3317 7068
914.422 10305 3318 7069
915.427 10308 3318 7071
916.43 10312 3319 7074
917.434 10314 3320 7076
918.438 10319 3321 7080
919.442 10320 3321 7080
920.446 10322 3321 7082
921.454 10325 3322 7084
922.458 10327 3322 7086
923.462 10331 3323 7089
924.466 10333 3324 7090
925.472 10335 3324 7092
926.476 10338 3325 7094
927.478 10341 3326 7097
928.482 10345 3326 7100
929.486 10347 3327 7101
930.49 10350 3328 7104
931.494 10350 3328 7104
932.498 10354 3328 7107
933.503 10353 3328 7106
934.506 10358 3330 7110
935.511 10359 3330 7111
936.514 10357 3329 7109
937.518 10361 3330 7112
938.522 10359 3330 7111
939.528 10362 3330 7113
940.53 10365 3331 7115
941.534 10367 3332 7117
942.538 10373 3333 7121
943.542 10372 3333 7121
944.551 10377 3334 7125
945.555 10376 3334 7124
946.558 10377 3334 7125
947.567 10382 3335 7129
948.57 10380 3335 7127
949.574 10381 3335 7128
950.578 10383 3335 7130
951.582 10386 3336 7132
952.586 10387 3336 7133
953.591 10391 3337 7135
954.594 10393 3337 7137
955.598 10396 3338 7140
956.602 10397 3338 7140
957.606 10399 3339 7142
958.61 10402 3340 7145
959.614 10408 3341 7149
960.621 10407 3341 7148
961.63 10413 3342 7153
962.631 10411 3342 7151
963.635 10414 3342 7154
964.639 10414 3342 7153
965.643 10415 3343 7154
966.647 10417 3343 7156
967.651 10421 3344 7159
968.655 10423 3344 7161
969.659 10424 3345 7162
970.663 10429 3346 7165
971.667 10430 3346 7166
972.672 10433 3347 7169
973.675 10435 3347 7170
974.679 10437 3347 7172
975.683 10441 3348 7175
976.687 10443 3349 7176
977.691 10443 3349 7176
978.696 10448 3350 7180
979.699 10447 3350 7179
980.703 10449 3350 7181
981.707 10451 3351 7182
982.711 10454 3351 7185
983.715 10456 3352 7186
984.719 10459 3352 7189
985.723 10461 3353 7191
986.727 10463 3353 7192
987.731 10466 3354 7194
988.736 10467 3354 7196
989.739 10470 3355 7197
990.743 10472 3355 7200
991.753 10475 3356 7201
992.755 10477 3356 7203
993.759 10480 3357 7205
994.77 10482 3358 7207
995.771 10483 3358 7208
996.775 10487 3359 7211
997.779 10489 3359 7213
998.783 10493 3360 7216
999.787 10493 3360 7215
1000.79 10497 3361 7219
1001.8 10496 3361 7218
1002.8 10500 3361 7221
1003.81 10499 3361 7221
1004.81 10505 3363 7225
1005.81 10504 3362 7224
1006.82 10508 3363 7227
1007.82 10506 3363 7226
1008.82 10507 3363 7226
1009.83 10511 3364 7230
1010.83 10511 3364 7230
1011.84 10510 3364 7229
1012.84 10513 3365 7231
1013.84 10513 3365 7231
1014.85 10515 3365 7232
1015.85 10515 3365 7233
1016.86 10518 3366 7235
1017.86 10517 3366 7234
1018.86 10517 3366 7234
1019.87 10520 3366 7236
1020.87 10519 3366 7235
1021.88 10521 3367 7237
1022.88 10524 3367 7239
1023.88 10523 3367 7238
1024.89 10525 3368 7241
1025.89 10525 3368 7241
1026.9 10528 3368 7242
1027.9 10530 3369 7244
1028.9 10533 3369 7247
1029.91 10534 3370 7247
1030.91 10538 3371 7250
1031.92 10539 3371 7251
1032.92 10543 3372 7255
1033.93 10542 3372 7254
1034.93 10543 3372 7255
1035.93 10544 3372 7255
1036.94 10548 3373 7258
1037.94 10547 3373 7258
1038.94 10550 3373 7259
1039.95 10551 3374 7260
1040.95 10551 3374 7261
1041.96 10553 3374 7262
1042.96 10556 3375 7264
1043.96 10557 3375 7265
1044.97 10561 3376 7268
1045.97 10560 3376 7268
1046.98 10563 3376 7270
1047.98 10563 3377 7269
1048.98 10567 3377 7273
1049.99 10565 3377 7271
1050.99 10564 3377 7271
1052 10565 3377 7271
1053 10567 3378 7272
1054 10567 3378 7272
1055.01 10571 3379 7276
1056.01 10570 3378 7274
1057.02 10571 3379 7276
1058.02 10571 3379 7276
1059.02 10573 3379 7277
1060.03 10574 3379 7278
1061.03 10576 3380 7279
1062.04 10578 3380 7281
1063.04 10581 3381 7284
1064.04 10582 3381 7284
1065.06 10582 3381 7284
1066.06 10585 3382 7287
1067.06 10585 3382 7286
1068.07 10587 3382 7288
1069.07 10590 3383 7291
1070.08 10590 3383 7291
1071.08 10593 3384 7293
1072.08 10594 3384 7294
1073.09 10596 3384 7295
1074.09 10597 3385 7296
1075.1 10599 3385 7297
1076.1 10601 3386 7299
1077.1 10602 3386 7300
1078.11 10604 3386 7301
1079.11 10605 3387 7302
1080.12 10606 3387 7303
1081.12 10609 3387 7305
1082.12 10610 3388 7306
1083.13 10612 3388 7307
1084.13 10614 3388 7309
1085.14 10617 3389 7312
1086.14 10618 3389 7312
1087.14 10623 3391 7317
1088.15 10622 3390 7315
1089.15 10622 3390 7315
1090.16 10623 3391 7316
1091.16 10624 3391 7317
1092.16 10627 3391 7319
1093.17 10628 3392 7320
1094.17 10630 3392 7322
1095.18 10632 3393 7324
1096.18 10633 3393 7324
1097.18 10634 3393 7325
1098.19 10636 3394 7327
1099.19 10638 3394 7328
1100.2 10638 3394 7328
1101.2 10641 3395 7330
1102.21 10643 3395 7332
1103.21 10646 3396 7335
1104.22 10647 3396 7335
1105.22 10648 3396 7336
1106.23 10651 3397 7338
1107.24 10650 3397 7338
1108.24 10652 3397 7339
1109.25 10653 3397 7340
1110.26 10655 3398 7341
1111.26 10656 3398 7342
1112.26 10657 3398 7343
1113.27 10658 3399 7344
1114.27 10660 3399 7345
1115.28 10662 3399 7346
1116.28 10663 3400 7348
1117.28 10665 3400 7349
1118.29 10667 3401 7351
1119.29 10669 3401 7352
1120.3 10669 3401 7352
1121.3 10669 3401 7352
1122.31 10673 3402 7355
1123.31 10671 3402 7353
1124.32 10671 3402 7354
1125.32 10672 3402 7355
1126.32 10675 3402 7357
1127.33 10676 3403 7357
1128.33 10678 3403 7359
1129.34 10678 3403 7359
1130.34 10680 3404 7361
1131.34 10681 3404 7362
1132.35 10683 3404 7363
1133.35 10682 3404 7362
1134.36 10684 3405 7364
1135.36 10687 3405 7366
1136.36 10687 3406 7366
1137.37 10688 3406 7367
1138.37 10690 3406 7369
1139.38 10691 3406 7369
1140.38 10692 3407 7370
1141.38 10693 3407 7371
1142.39 10695 3407 7372
1143.39 10696 3408 7373
1144.4 10698 3408 7375
1145.4 10699 3408 7375
1146.4 10701 3409 7377
1147.41 10702 3409 7377
1148.41 10703 3409 7379
1149.42 10706 3410 7381
1150.42 10708 3410 7382
1151.43 10709 3411 7383
1152.44 10710 3411 7384
1153.44 10711 3411 7384
1154.44 10712 3411 7385
1155.45 10711 3411 7385
1156.46 10712 3411 7386
1157.46 10714 3412 7387
1158.46 10715 3412 7388
1159.47 10717 3412 7389
1160.47 10718 3413 7390
1161.48 10719 3413 7391
1162.48 10721 3413 7393
1163.49 10723 3414 7394
1164.5 10724 3414 7395
1165.5 10726 3414 7396
1166.5 10726 3415 7396
1167.51 10728 3415 7398
1168.51 10728 3415 7398
1169.52 10730 3415 7400
1170.52 10730 3415 7400
1171.52 10730 3416 7400
1172.53 10732 3416 7401
1173.53 10734 3416 7403
1174.54 10735 3416 7403
1175.54 10737 3417 7405
1176.54 10737 3417 7405
1177.56 10741 3418 7408
1178.56 10740 3418 7407
1179.57 10740 3418 7407
1180.57 10740 3418 7407
1181.58 10742 3418 7408
1182.58 10744 3419 7410
1183.58 10745 3419 7411
1184.59 10745 3419 7411
1185.59 10747 3419 7412
1186.6 10747 3420 7413
1187.6 10749 3420 7414
1188.6 10750 3420 7415
1189.61 10751 3421 7416
1190.61 10751 3421 7415
1191.61 10753 3421 7417
1192.62 10752 3421 7416
1193.62 10753 3421 7417
1194.62 10755 3421 7418
1195.63 10755 3422 7419
1196.64 10756 3422 7419
1197.64 10757 3422 7420
1198.64 10759 3422 7421
1199.65 10760 3423 7422
1200.65 10761 3423 7423
1201.66 10761 3423 7423
1202.66 10762 3423 7424
1203.66 10763 3424 7424
1204.67 10763 3424 7425
1205.67 10764 3424 7425
1206.68 10764 3424 7425
1207.68 10766 3424 7427
1208.69 10765 3424 7426
1209.69 10765 3424 7426
1210.7 10767 3425 7428
1211.7 10768 3425 7428
1212.71 10768 3425 7429
1213.71 10769 3425 7429
1214.71 10771 3426 7430
1215.72 10772 3426 7431
1216.72 10772 3426 7431
1217.72 10772 3426 7431
1218.73 10773 3426 7433
1219.74 10774 3426 7433
1220.74 10776 3427 7435
1221.74 10776 3427 7434
1222.75 10778 3427 7436
1223.75 10778 3427 7436
1224.76 10779 3427 7437
1225.76 10781 3428 7438
1226.77 10781 3428 7438
1227.77 10782 3428 7440
1228.77 10782 3428 7439
1229.78 10783 3428 7440
1230.78 10783 3429 7440
1231.79 10785 3429 7442
1232.79 10786 3429 7442
1233.8 10788 3430 7444
1234.8 10788 3430 7443
1235.81 10789 3430 7444
1236.81 10791 3430 7446
1237.82 10791 3431 7446
1238.82 10793 3431 7448
1239.83 10795 3431 7449
1240.83 10795 3431 7449
1241.83 10797 3432 7451
1242.84 10797 3432 7451
1243.84 10798 3432 7452
1244.84 10799 3432 7452
1245.85 10801 3433 7453
1246.85 10800 3433 7453
1247.86 10801 3433 7454
1248.86 10801 3433 7454
1249.86 10802 3433 7455
1250.87 10802 3433 7455
1251.87 10804 3434 7456
1252.88 10804 3434 7456
