# timestamp	command count (MB)\n
-287.159 0
-283.886 0
-272.271 0
-270.72 0
-265.921 0
-264.925 0
-263.921 0
-262.891 0
-261.779 0
-260.773 0
-259.773 0
-258.721 0
-256.857 0
-255.848 0
-254.85 0
-253.85 0
-251.629 0
-250.523 0
-249.408 0
-248.394 0
-246.087 0
-245.068 0
-244.054 0
-243.054 0
-239.445 0
-238.444 0
-237.437 0
-236.439 0
-232.498 0
-231.488 0
-230.474 0
-229.466 0
-226.22 0
-225.199 0
-224.193 0
-221.516 0
-220.495 0
-219.493 0
-216.794 0
-215.794 0
-214.788 0
-213.778 0
-212.774 0
-209.727 0
-208.722 0
-207.715 0
-204.619 0
-203.614 0
-202.609 0
-201.607 0
-200.603 0
-197.871 0
-196.851 0
-195.85 0
-191.943 0
-190.931 0
-189.919 0
-187.85 0
-186.847 0
-185.834 0
-184.818 0
-181.97 0
-180.964 0
-179.963 0
-178.956 0
-176.145 0
-175.146 0
-174.146 0
-173.141 0
-170.322 0
-169.317 0
-168.317 0
-167.319 0
-164.514 0
-163.505 0
-162.507 0
-161.501 0
-158.926 0
-157.922 0
-156.923 0
-153.253 0
-152.247 0
-151.245 0
-150.237 0
-147.401 0
-146.402 0
-145.403 0
-144.403 0
-141.657 0
-140.657 0
-139.659 0
-135.585 0
-134.586 0
-133.584 0
-132.58 0
-128.753 0
-127.756 0
-126.753 0
-125.756 0
-124.746 0
-120.928 0
-119.916 0
-118.913 0
-116.784 0
-115.781 0
-114.78 0
-111.772 0
-110.771 0
-109.763 0
-106.777 0
-105.779 0
-104.778 0
-100.795 0
-99.7868 0
-98.788 0
-97.7756 0
-96.7606 0
-92.9628 0
-91.9589 0
-90.9606 0
-89.9554 0
-86.1471 0
-85.1435 0
-84.1377 0
-82.0306 0
-81.0283 0
-80.0218 0
-79.0173 0
-75.1088 0
-74.106 0
-73.103 0
-71.7839 0
-70.7828 0
-68.31 0
-67.3075 0
-66.2985 0
-62.7132 0
-61.7014 0
-60.6962 0
-59.6898 0
-58.1593 0
-57.1535 0
-54.116 0
-53.1126 0
-52.1081 0
-50.0135 0
-49.0102 0
-48.0036 0
-44.9565 0
-43.9402 0
-42.9342 0
-39.835 0
-38.8316 0
-37.8305 0
-34.7731 0
-33.7705 0
-32.7656 0
-31.7557 0
-29.2793 0
-28.2762 0
-24.0753 0
-23.0692 0
-22.0595 0
-21.0577 0
-20.0494 0
-16.681 0
-15.6776 0
-14.6651 0
-13.6618 0
-12.6576 0
-11.6541 0
-10.0699 0
-9.06608 0
-8.06205 0
-7.05804 0
-5.9466 0
-4.06964 0
-3.06603 0
-2.06201 0
-0.945385 0
7.52359 0
8.526 0
9.53001 0
10.534 0
11.538 0
12.542 0
13.546 0
14.5504 0
15.554 0
16.558 0
17.562 0
18.566 0
19.57 0
20.574 0
21.578 0
22.582 0
23.582 0
24.582 0
25.5853 0
26.582 0
27.582 0
28.582 0
29.5825 0
30.5822 0
31.582 0
32.582 0
33.582 0
34.582 0
35.582 0
36.582 0
37.5861 0
38.586 0
39.586 0
40.586 0
41.586 0
42.586 0
43.586 0
44.586 0
45.5871 0
46.5901 0
47.59 0
48.5899 0
49.5899 0
50.5899 0
51.59 0
52.5899 0
53.5899 0
54.5899 0
55.5899 0
56.59 0
57.5899 0
58.5899 0
59.5899 0
60.5899 0
61.5901 0
62.5899 0
63.59 0
64.5898 0
65.5899 0
66.5899 0
67.5899 0
68.5898 0
69.5899 0
70.5898 0
71.5898 0
72.5898 0
73.5898 0
74.5898 0
75.5938 0
76.5939 0
77.5937 0
78.5937 0
79.5937 0
80.5937 0
81.5937 0
82.5937 1
83.5937 0
84.5938 1
85.5937 1
86.5937 1
87.5936 4
88.5937 6
89.5949 11
90.5936 19
91.5936 8
92.5936 13
93.5936 44
94.5955 68
95.5936 77
96.5936 69
97.5935 79
98.5935 81
99.5937 82
100.594 88
101.594 88
102.593 97
103.593 84
104.593 91
105.594 108
106.593 96
107.593 103
108.593 106
109.593 102
110.593 110
111.593 107
112.593 105
113.593 113
114.593 115
115.593 100
116.593 116
117.593 118
118.593 129
119.593 93
120.593 117
121.593 104
122.593 130
123.593 112
124.594 123
125.595 118
126.593 109
127.593 121
128.594 107
129.593 131
130.593 105
131.593 121
132.593 106
133.593 126
134.593 112
135.593 124
136.605 125
137.605 108
138.606 116
139.605 130
140.605 108
141.605 121
142.605 110
143.605 123
144.605 120
145.605 122
146.605 113
147.605 124
148.605 114
149.605 114
150.617 113
151.617 126
152.617 115
153.617 121
154.617 118
155.617 130
156.617 114
157.617 128
158.617 128
159.617 118
160.617 119
161.617 115
162.617 133
163.617 117
164.617 117
165.617 118
166.617 125
167.617 122
168.617 117
169.621 126
170.625 121
171.629 124
172.633 125
173.637 110
174.645 127
175.649 134
176.653 126
177.657 133
178.661 123
179.665 134
180.669 129
181.674 130
182.678 125
183.682 130
184.686 122
185.69 133
186.694 127
187.698 128
188.702 140
189.706 130
190.71 137
191.714 117
192.718 137
193.722 137
194.726 129
195.73 133
196.735 147
197.739 136
198.743 128
199.747 139
200.751 135
201.755 134
202.759 134
203.763 138
204.788 124
205.791 139
206.795 146
207.803 128
208.807 144
209.811 137
210.815 138
211.819 149
212.824 139
213.827 141
214.831 128
215.836 142
216.84 142
217.845 143
218.848 146
219.854 154
220.86 142
221.864 156
222.868 149
223.872 135
224.888 132
225.892 147
226.896 145
227.9 141
228.904 145
229.908 134
230.912 154
231.916 142
232.916 142
233.92 158
234.924 160
235.928 163
236.933 149
237.937 151
238.941 142
239.945 150
240.949 156
241.953 160
242.957 129
243.961 157
245.005 134
246.009 176
247.013 148
248.018 154
249.021 157
250.025 149
251.029 164
252.033 155
253.037 163
254.041 153
255.047 155
256.049 181
257.053 144
258.057 147
259.061 162
260.065 161
261.069 158
262.073 162
263.077 147
264.082 141
265.086 153
266.1 164
267.102 152
268.106 168
269.11 169
270.114 151
271.118 168
272.122 158
273.126 164
274.13 162
275.134 171
276.138 167
277.142 163
278.146 186
279.154 163
280.16 176
281.162 169
282.166 171
283.17 168
284.174 182
285.178 186
286.182 160
287.202 181
288.207 156
289.21 172
290.214 171
291.218 181
292.222 187
293.226 173
294.23 197
295.235 209
296.238 186
297.242 187
298.246 189
299.25 193
300.255 193
301.259 183
302.268 204
303.271 189
304.275 178
305.279 205
306.283 165
307.287 219
308.291 190
309.295 229
310.299 175
311.303 217
312.308 223
313.311 178
314.315 231
315.319 210
316.323 192
317.327 197
318.334 196
319.335 200
320.339 226
321.343 156
322.348 241
323.351 190
324.355 204
325.367 202
326.373 222
327.375 213
328.379 240
329.383 181
330.387 178
331.391 248
332.396 215
333.399 233
334.403 209
335.407 262
336.411 202
337.415 223
338.419 247
339.423 245
340.427 242
341.434 250
342.435 287
343.439 178
344.443 272
345.449 293
346.451 223
347.456 346
348.46 140
349.463 304
350.467 257
351.471 273
352.475 238
353.48 287
354.484 214
355.488 331
356.492 217
357.496 248
358.5 261
359.504 260
360.508 256
361.512 260
362.516 329
363.52 189
364.524 377
365.528 148
366.532 304
367.536 237
368.54 319
369.544 253
370.553 290
371.556 337
372.56 223
373.564 338
374.568 362
375.572 310
376.576 147
377.58 255
378.584 411
379.588 197
380.592 238
381.597 320
382.6 281
383.609 755
384.612 34
385.616 98
386.62 237
387.626 296
388.628 716
389.633 1241
390.636 204
391.64 428
392.647 9
393.648 3
394.652 21
395.656 101
396.66 179
397.664 235
398.668 210
399.672 288
400.676 276
401.681 504
402.684 187
403.689 629
404.692 1218
405.697 264
406.701 134
407.704 382
408.71 754
409.712 29
410.716 10
411.72 71
412.724 143
413.728 179
414.732 224
415.736 254
416.74 290
417.744 543
418.748 208
419.754 254
420.756 810
421.764 243
422.765 318
423.768 391
424.772 526
425.777 1043
426.78 54
427.787 183
428.788 258
429.793 472
430.797 1466
431.801 359
432.805 0
433.808 267
434.813 469
435.817 915
436.821 422
437.824 6
438.828 3
439.832 40
440.836 114
441.84 134
442.844 234
443.848 272
444.852 232
445.856 266
446.86 385
447.864 275
448.868 881
449.872 262
450.876 136
451.88 279
452.884 563
453.889 375
454.893 1218
455.896 973
456.901 0
457.904 0
458.908 433
459.912 730
460.916 707
461.92 678
462.925 79
463.928 3
464.932 38
465.936 98
466.94 145
467.944 228
468.944 240
469.952 267
470.956 245
471.96 964
472.965 1111
473.968 650
474.973 9
475.976 8
476.98 53
477.984 145
478.988 228
479.992 255
480.996 263
482 524
483.004 222
484.008 997
485.014 466
486.019 78
487.02 203
488.024 286
489.029 882
490.037 394
491.041 164
492.058 613
493.06 226
494.064 309
495.068 1095
496.072 189
497.076 190
498.08 393
499.084 536
500.088 613
501.092 273
502.115 1067
503.116 305
504.12 195
505.124 290
506.134 852
507.142 160
508.145 329
509.149 590
510.153 508
511.156 730
512.16 215
513.165 709
514.168 265
515.174 683
516.176 399
517.18 330
518.184 768
519.188 217
520.188 873
521.192 226
522.197 288
523.201 851
524.204 190
525.205 675
526.208 294
527.213 757
528.212 273
529.216 570
530.216 383
531.22 751
532.221 232
533.227 986
534.228 204
535.229 416
536.228 589
537.232 301
538.232 754
539.232 383
540.232 322
541.232 673
542.232 485
543.232 451
544.24 652
545.237 879
546.236 142
547.236 240
548.236 677
549.242 270
550.241 586
551.241 398
552.24 653
553.241 461
554.24 816
555.24 247
556.243 992
557.24 157
558.241 301
559.241 661
560.24 263
561.24 443
562.24 588
563.24 636
564.242 569
565.241 451
566.241 655
567.24 422
568.24 426
569.246 1041
570.244 89
571.244 274
572.245 516
573.256 919
574.258 151
575.258 275
576.257 911
577.257 203
578.257 507
579.256 498
580.256 552
581.256 574
582.256 327
583.256 613
584.256 577
585.257 400
586.256 624
587.296 563
588.293 367
589.292 675
590.293 569
591.295 437
592.293 642
593.292 447
594.292 539
595.294 729
596.293 266
597.292 432
598.292 933
599.293 159
600.292 305
601.298 581
602.296 537
603.296 814
604.296 240
605.296 580
606.296 499
607.296 575
608.296 588
609.296 613
610.298 362
611.297 1036
612.296 432
613.296 177
614.296 275
615.297 1029
616.296 339
617.296 116
618.296 268
619.301 673
620.3 516
621.3 260
622.3 565
623.3 354
624.301 572
625.3 484
626.3 373
627.3 644
628.3 248
629.301 861
630.3 215
631.301 311
632.3 843
633.3 174
634.3 525
635.3 478
636.3 597
637.3 326
638.303 722
639.305 266
640.304 636
641.305 430
642.304 584
643.305 580
644.304 395
645.304 502
646.304 559
647.305 568
648.304 523
649.305 731
650.304 315
651.306 493
652.305 603
653.304 402
654.304 585
655.305 624
656.312 416
657.312 556
658.317 548
659.316 490
660.321 646
661.32 635
662.32 230
663.32 382
664.321 727
665.32 539
666.322 254
667.332 640
668.328 272
669.333 400
670.333 741
671.332 685
672.333 160
673.332 301
674.332 475
675.336 545
676.332 455
677.332 314
678.332 458
679.333 760
680.332 210
681.336 398
682.34 641
683.344 600
684.349 290
685.352 631
686.357 346
687.36 672
688.365 445
689.368 647
690.368 439
691.372 543
692.378 393
693.381 872
694.385 198
695.389 505
696.393 418
697.397 762
698.401 259
699.405 659
700.409 368
701.413 711
702.417 238
703.428 853
704.429 172
705.433 361
706.439 560
707.441 465
708.446 555
709.458 590
710.462 448
711.465 540
712.469 493
713.473 597
714.477 402
715.481 674
716.485 309
717.489 418
718.493 482
719.498 618
720.502 536
721.505 574
722.51 402
723.518 773
724.522 228
725.536 838
726.538 277
727.542 281
728.574 841
729.578 473
730.582 225
731.586 299
732.59 513
733.594 911
734.598 295
735.602 209
736.608 496
737.61 662
738.614 139
739.618 335
740.623 721
741.626 174
742.63 381
743.634 675
744.64 297
745.647 579
746.65 271
747.655 829
748.67 216
749.677 431
750.68 296
751.682 670
752.686 333
753.69 577
754.694 455
755.699 371
756.703 808
757.707 215
758.711 485
759.715 535
760.72 394
761.723 666
762.727 327
763.736 427
764.739 463
765.743 509
766.747 608
767.751 329
768.755 292
769.759 680
770.763 246
771.767 508
772.771 337
773.775 528
774.779 535
775.783 493
776.787 441
777.791 685
778.796 363
779.799 594
780.803 349
781.811 559
782.811 391
783.815 605
784.819 449
785.823 547
786.828 330
787.831 579
788.835 393
789.839 599
790.843 574
791.851 340
792.855 601
793.856 290
794.86 677
795.864 349
796.868 686
797.872 259
798.886 486
799.888 361
800.904 515
801.908 400
802.912 315
803.916 632
804.92 227
805.924 773
806.93 187
807.932 329
808.936 646
809.942 283
810.944 571
811.948 426
812.952 327
813.956 555
814.96 490
815.964 511
816.973 497
817.985 420
818.988 502
819.992 646
820.997 395
822 523
823.004 571
824.008 506
825.013 557
826.016 352
827.02 586
828.024 280
829.028 652
830.032 467
831.036 334
832.037 684
833.042 263
834.044 651
835.049 259
836.067 633
837.068 318
838.072 633
839.076 325
840.081 516
841.085 515
842.089 493
843.093 599
844.097 330
845.101 592
846.105 295
847.109 574
848.113 397
849.117 478
850.121 738
851.125 296
852.129 600
853.133 270
854.137 600
855.141 329
856.156 893
857.157 147
858.161 291
859.165 882
860.169 162
861.174 324
862.177 696
863.181 201
864.185 417
865.189 457
866.193 538
867.209 705
868.213 191
869.22 734
870.221 430
871.226 220
872.23 350
873.233 569
874.237 239
875.241 601
876.246 384
877.249 605
878.253 475
879.257 354
880.261 525
881.265 467
882.269 477
883.273 433
884.277 472
885.281 474
886.285 504
887.291 416
888.293 489
889.297 581
890.305 354
891.306 541
892.309 364
893.314 545
894.318 507
895.322 379
896.326 542
897.33 476
898.334 358
899.338 537
900.345 428
901.354 638
902.358 334
903.363 370
904.366 383
905.37 576
906.374 497
907.378 363
908.382 527
909.406 447
910.406 416
911.41 474
912.414 503
913.418 444
914.422 400
915.427 464
916.43 489
917.434 441
918.438 632
919.442 334
920.446 421
921.454 490
922.458 466
923.462 469
924.466 483
925.472 461
926.476 415
927.478 503
928.482 533
929.486 440
930.49 560
931.494 250
932.498 630
933.503 268
934.506 716
935.511 375
936.514 232
937.518 539
938.522 206
939.528 520
940.53 474
941.534 466
942.538 689
943.542 243
944.551 699
945.555 236
946.558 371
947.567 617
948.57 239
949.574 377
950.579 462
951.582 467
952.586 443
953.591 535
954.594 430
955.598 549
956.602 349
957.606 463
958.61 547
959.614 691
960.621 219
961.63 782
962.631 151
963.635 538
964.639 314
965.643 418
966.647 395
967.651 619
968.655 490
969.659 332
970.663 616
971.667 347
972.672 536
973.675 435
974.679 469
975.683 599
976.687 477
977.691 276
978.696 730
979.699 233
980.703 444
981.707 438
982.711 529
983.715 462
984.719 546
985.723 446
986.727 435
987.731 502
988.736 445
989.739 441
990.743 522
991.753 487
992.755 434
993.759 532
994.77 459
995.771 384
996.775 574
997.779 450
998.783 556
999.787 330
1000.79 639
1001.8 286
1002.8 645
1003.81 284
1004.81 730
1005.81 228
1006.82 672
1007.82 200
1008.82 348
1009.83 660
1010.83 342
1011.84 282
1012.84 560
1013.84 341
1014.85 473
1015.85 346
1016.86 641
1017.86 237
1018.86 316
1019.87 555
1020.87 255
1021.88 474
1022.88 595
1023.88 221
1024.89 537
1025.89 329
1026.9 535
1027.9 469
1028.9 522
1029.91 390
1030.91 615
1031.92 364
1032.92 701
1033.93 235
1034.93 442
1035.93 325
1036.94 659
1037.94 271
1038.94 554
1039.95 406
1040.95 343
1041.96 482
1042.96 495
1043.96 403
1044.97 641
1045.97 266
1046.98 538
1047.98 339
1048.98 704
1049.99 189
1050.99 283
1052 388
1053 488
1054 284
1055.01 738
1056.01 197
1057.02 512
1058.02 336
1059.02 488
1060.03 420
1061.03 426
1062.04 478
1063.04 560
1064.04 423
1065.06 285
1066.06 662
1067.06 254
1068.07 484
1069.07 599
1070.08 312
1071.08 531
1072.08 439
1073.09 427
1074.09 436
1075.1 476
1076.1 519
1077.1 398
1078.11 472
1079.11 401
1080.12 400
1081.12 575
1082.12 405
1083.13 449
1084.13 493
1085.14 559
1086.14 363
1087.14 744
1088.15 205
1089.15 388
1090.16 429
1091.16 410
1092.16 531
1093.17 388
1094.17 484
1095.18 494
1096.18 439
1097.18 418
1098.19 464
1099.19 425
1100.2 394
1101.2 525
1102.21 508
1103.21 551
1104.22 359
1105.22 424
1106.23 552
1107.24 313
1108.24 461
1109.25 433
1110.26 436
1111.26 425
1112.26 378
1113.27 444
1114.27 463
1115.28 493
1116.28 380
1117.28 456
1118.29 540
1119.29 503
1120.3 386
1121.3 284
1122.31 646
1123.31 165
1124.32 439
1125.32 393
1126.32 477
1127.33 436
1128.33 532
1129.34 300
1130.34 524
1131.34 469
1132.35 485
1133.35 288
1134.36 555
1135.36 542
1136.36 420
1137.37 366
1138.37 535
1139.38 415
1140.38 414
1141.38 402
1142.39 443
1143.39 436
1144.4 485
1145.4 459
1146.4 465
1147.41 386
1148.41 442
1149.42 564
1150.42 487
1151.43 418
1152.44 440
1153.44 421
1154.44 447
1155.45 236
1156.46 495
1157.46 443
1158.46 421
1159.47 500
1160.47 411
1161.48 457
1162.48 498
1163.49 451
1164.5 386
1165.5 513
1166.5 358
1167.51 527
1168.51 318
1169.52 562
1170.52 369
1171.52 325
1172.53 463
1173.53 567
1174.54 349
1175.54 593
1176.54 294
1177.56 723
1178.56 183
1179.57 418
1180.57 353
1181.58 451
1182.58 529
1183.58 375
1184.59 388
1185.59 522
1186.6 375
1187.6 497
1188.6 424
1189.61 479
1190.61 302
1191.61 583
1192.62 280
1193.62 391
1194.62 481
1195.63 424
1196.64 369
1197.64 422
1198.64 508
1199.65 428
1200.65 431
1201.66 405
1202.66 350
1203.66 462
1204.67 429
1205.67 396
1206.68 312
1207.68 609
1208.69 280
1209.69 323
1210.7 488
1211.7 390
1212.71 354
1213.71 423
1214.71 488
1215.72 492
1216.72 374
1217.72 368
1218.73 459
1219.74 371
1220.74 557
1221.74 339
1222.75 494
1223.75 347
1224.76 484
1225.76 491
1226.77 327
1227.77 545
1228.77 246
1229.78 451
1230.78 427
1231.79 510
1232.79 386
1233.8 532
1234.8 273
1235.81 456
1236.81 573
1237.82 315
1238.82 488
1239.83 533
1240.83 356
1241.83 599
1242.84 250
1243.84 503
1244.84 358
1245.85 503
1246.85 298
1247.86 457
1248.86 326
1249.86 457
1250.87 346
1251.87 488
1252.88 262
