# timestamp	GC Total Latency (msec)		Read Latency (msec)	Write Latency (msec)\n
183.929 0 0 0
184.929 8 3 4
185.929 234 67 182
186.929 458 128 350
187.929 652 192 485
188.93 789 242 574
189.929 899 274 652
190.929 1061 315 773
191.929 1167 341 855
192.929 1293 371 953
193.929 1399 395 1037
194.929 1515 422 1128
195.929 1577 436 1176
196.929 1657 456 1236
197.929 1749 479 1305
198.929 1772 484 1323
199.929 1853 503 1386
200.929 1895 513 1419
201.931 1954 526 1465
202.929 2053 552 1540
203.929 2065 554 1550
204.932 2090 560 1569
205.929 2166 578 1628
206.981 2189 585 1645
207.981 2231 595 1677
208.981 2256 601 1696
209.985 2290 609 1722
210.989 2332 619 1754
211.993 2366 627 1780
212.997 2398 635 1805
214.001 2440 645 1837
215.005 2468 651 1859
216.009 2494 657 1879
217.021 2526 665 1904
218.025 2573 677 1939
219.029 2584 680 1948
220.035 2603 684 1963
221.037 2632 691 1985
222.044 2663 699 2008
223.045 2679 702 2021
224.049 2713 710 2046
225.053 2732 715 2061
226.057 2751 720 2075
227.061 2763 722 2084
228.068 2789 728 2105
229.069 2809 733 2120
230.075 2816 735 2125
231.084 2855 744 2155
232.085 2864 746 2163
233.089 2885 751 2179
234.093 2890 753 2182
235.097 2929 762 2212
236.101 2946 767 2225
237.106 2944 766 2224
238.109 2972 773 2245
239.113 2981 775 2252
240.117 2989 776 2258
241.121 2991 777 2260
242.125 3025 785 2285
243.129 3027 785 2287
244.133 3029 786 2289
245.137 3054 792 2307
246.141 3058 793 2310
247.145 3055 792 2308
248.149 3049 790 2304
249.153 3085 800 2331
250.157 3108 805 2349
251.161 3091 801 2336
252.166 3109 805 2349
253.169 3107 804 2348
254.174 3117 807 2355
255.177 3141 813 2373
256.181 3136 812 2370
257.185 3143 814 2375
258.189 3152 816 2382
259.193 3156 816 2385
260.197 3164 818 2391
261.201 3171 820 2396
262.205 3189 825 2410
263.209 3194 826 2414
264.213 3193 825 2413
265.221 3191 825 2412
266.222 3205 829 2422
267.225 3213 831 2428
268.229 3238 838 2447
269.233 3235 837 2445
270.237 3238 838 2447
271.241 3237 837 2446
272.246 3238 838 2447
273.25 3227 835 2438
274.253 3242 838 2450
275.257 3238 837 2447
276.262 3235 837 2444
277.265 3227 835 2439
278.269 3239 838 2448
279.275 3241 838 2449
280.277 3241 838 2449
281.282 3248 840 2454
282.286 3253 842 2458
283.289 3235 837 2445
284.293 3224 834 2436
285.298 3227 835 2438
286.302 3227 835 2438
287.306 3226 834 2437
288.31 3219 833 2432
289.314 3218 832 2432
290.318 3233 837 2442
291.322 3236 838 2444
292.326 3244 840 2450
293.331 3250 842 2454
294.334 3248 841 2453
295.338 3247 840 2452
296.342 3262 845 2463
297.346 3257 843 2460
298.35 3257 843 2460
299.354 3262 844 2463
300.358 3263 845 2464
301.362 3261 844 2463
302.366 3250 841 2455
303.37 3253 842 2457
304.374 3255 842 2458
305.378 3270 846 2470
306.383 3266 845 2467
307.386 3274 847 2472
308.39 3266 845 2466
309.394 3259 843 2461
310.399 3257 843 2460
311.402 3263 844 2464
312.406 3262 844 2463
313.41 3260 843 2462
314.414 3272 846 2471
315.421 3262 844 2464
316.428 3270 846 2470
317.43 3282 849 2479
318.454 3284 849 2480
319.458 3286 850 2481
320.463 3284 849 2480
321.466 3294 852 2488
322.473 3300 853 2492
323.474 3300 853 2492
324.478 3316 857 2504
325.482 3327 860 2513
326.486 3327 860 2513
327.499 3329 860 2514
328.502 3328 860 2513
329.506 3324 859 2511
330.51 3320 858 2507
331.514 3327 859 2513
332.525 3328 860 2513
333.527 3324 859 2510
334.531 3326 859 2512
335.534 3330 860 2515
336.539 3334 861 2518
337.543 3330 860 2515
338.546 3333 861 2517
339.551 3343 863 2524
340.555 3343 863 2525
341.559 3335 861 2519
342.563 3334 861 2518
343.567 3346 864 2527
344.571 3344 863 2525
345.575 3342 862 2524
346.579 3339 862 2522
347.583 3341 862 2523
348.587 3352 865 2532
349.591 3347 864 2528
350.596 3341 862 2523
351.599 3340 862 2523
352.603 3343 862 2525
353.607 3348 864 2529
354.611 3355 866 2534
355.615 3361 867 2538
356.619 3362 867 2538
357.623 3366 868 2542
358.627 3364 868 2540
359.631 3355 865 2533
360.635 3357 866 2535
361.639 3349 864 2529
362.643 3352 864 2531
363.647 3346 863 2527
364.651 3350 864 2530
365.655 3348 863 2528
366.659 3349 864 2530
367.663 3346 863 2527
368.667 3347 863 2528
369.671 3347 863 2528
370.676 3350 864 2530
371.679 3355 865 2534
372.683 3357 866 2535
373.687 3353 865 2533
374.691 3363 867 2539
375.695 3369 869 2544
376.7 3359 866 2537
377.704 3357 866 2535
378.711 3364 867 2540
379.711 3362 867 2539
380.716 3373 870 2547
381.72 3373 870 2547
382.724 3373 869 2547
383.727 3383 872 2554
384.763 3382 872 2554
385.765 3391 874 2561
386.769 3396 875 2564
387.772 3402 877 2569
388.776 3396 875 2565
389.78 3394 875 2563
390.784 3401 876 2568
391.788 3399 876 2567
392.792 3413 879 2577
393.796 3413 880 2577
394.807 3409 878 2574
395.808 3405 877 2571
396.812 3403 877 2570
397.82 3410 879 2575
398.824 3410 879 2574
399.828 3406 878 2572
400.832 3404 877 2570
401.836 3405 877 2571
402.84 3408 878 2573
403.845 3408 878 2573
404.848 3408 878 2573
405.852 3411 879 2575
406.864 3409 879 2574
407.864 3406 878 2571
408.868 3402 877 2569
409.872 3404 877 2570
410.876 3408 878 2573
411.88 3406 878 2571
412.885 3406 878 2571
413.888 3407 878 2572
414.892 3410 879 2574
415.896 3411 879 2576
416.9 3412 879 2576
417.904 3421 881 2582
418.908 3422 882 2583
419.912 3429 883 2589
420.917 3431 884 2590
421.921 3431 884 2590
422.924 3438 886 2596
423.935 3433 885 2592
424.938 3428 883 2588
425.94 3429 883 2589
426.944 3428 883 2588
427.949 3437 886 2595
428.953 3439 886 2596
429.956 3438 886 2595
430.961 3442 887 2599
431.964 3436 885 2594
432.969 3432 884 2591
434.015 3435 885 2593
435.017 3435 885 2593
436.021 3434 885 2592
437.021 3441 886 2597
438.02 3434 885 2592
439.021 3436 885 2594
440.023 3437 885 2595
441.02 3441 887 2598
442.022 3439 886 2596
443.021 3439 886 2596
444.02 3442 887 2598
445.02 3445 887 2601
446.024 3446 888 2602
447.024 3447 888 2602
448.024 3458 891 2611
449.024 3459 891 2611
450.024 3456 890 2609
451.024 3462 892 2614
452.024 3457 891 2609
453.063 3460 891 2612
454.06 3459 891 2611
455.06 3458 891 2610
456.061 3460 891 2612
457.065 3458 891 2611
458.076 3462 892 2614
459.076 3462 892 2614
460.076 3461 891 2612
461.076 3457 891 2610
462.076 3459 891 2611
463.076 3460 891 2612
464.076 3459 891 2611
465.087 3465 892 2616
466.084 3464 892 2615
467.084 3470 894 2619
468.084 3467 893 2617
469.092 3471 894 2620
470.092 3478 896 2625
471.092 3472 894 2621
472.092 3469 893 2619
473.092 3468 893 2618
474.093 3468 893 2618
475.092 3465 892 2616
476.114 3463 892 2614
477.111 3462 892 2613
478.112 3467 893 2618
479.112 3468 893 2618
480.111 3463 892 2614
481.111 3460 891 2612
482.112 3460 891 2612
483.111 3463 892 2615
484.111 3464 892 2615
485.112 3471 894 2620
486.153 3469 893 2619
487.153 3466 892 2616
488.151 3471 894 2620
489.152 3465 892 2616
490.151 3467 893 2617
491.151 3468 893 2618
492.158 3465 892 2616
493.155 3465 892 2616
494.155 3467 893 2617
495.156 3472 894 2621
496.156 3472 894 2621
