# timestamp	command count (MB)\n
-18.5867 0
-2.13638 0
-0.609291 0
0.402359 0
2.44861 0
3.45008 0
4.47127 0
5.57952 0
6.58505 0
7.58702 0
8.58964 0
9.62729 0
10.7045 0
11.7128 0
12.789 0
13.7902 0
14.794 0
15.798 0
16.8102 0
17.8193 0
18.8221 0
20.0798 0
21.1444 0
22.1462 0
23.1502 0
24.4203 0
25.4223 0
26.8555 0
27.8705 0
28.8745 0
29.9205 0
30.962 0
31.9655 0
32.9683 0
33.9707 0
34.976 0
35.9791 0
36.9836 0
37.9888 0
38.9907 0
40.0012 0
41.0028 0
42.0081 0
43.0108 0
44.0152 0
45.019 0
46.0317 0
47.0352 0
48.0388 0
49.0507 0
50.051 0
51.0552 0
52.0697 0
53.0837 0
54.0872 0
55.0919 0
56.0954 0
57.1001 0
58.1043 0
59.1091 0
60.1121 0
61.1159 0
62.166 0
63.173 0
64.2184 0
65.2227 0
66.2247 0
67.2291 0
68.2328 0
69.2524 0
70.2611 0
71.2662 0
72.2702 0
73.2734 0
74.278 0
75.2817 0
76.2853 0
77.2895 0
78.2934 0
79.2974 0
80.3514 0
81.354 0
82.3574 0
83.363 0
84.3663 0
85.3718 0
86.375 0
87.3789 0
88.3819 0
89.3858 0
90.3907 0
91.4561 0
92.458 0
93.462 0
94.4674 0
95.4701 0
96.4743 0
97.4782 0
98.4827 0
99.5068 0
100.51 0
101.515 0
102.518 0
103.522 0
104.527 0
105.533 0
106.535 0
107.539 0
108.543 0
109.547 0
110.552 0
111.555 0
112.559 0
113.563 0
114.567 0
115.571 0
116.575 0
117.579 0
118.584 0
119.588 0
120.591 0
121.596 0
122.599 0
123.605 0
124.607 0
125.653 0
126.655 0
127.662 0
128.664 0
129.667 0
130.672 0
131.677 0
132.68 0
133.696 0
134.7 0
135.704 0
136.708 0
137.712 0
138.716 0
139.721 0
140.724 0
141.728 0
142.736 0
143.74 0
144.744 0
145.749 0
146.753 0
147.756 0
148.76 0
149.764 0
150.77 0
151.772 0
152.777 0
153.78 0
154.785 0
155.789 0
156.792 0
157.797 0
158.801 0
159.804 0
160.809 0
161.813 0
162.862 0
163.865 0
164.869 0
165.873 0
166.877 0
167.881 0
168.885 0
169.889 0
170.893 0
171.897 0
172.901 0
173.905 0
174.909 0
175.913 0
176.917 0
177.921 0
178.925 0
179.929 0
180.929 0
181.93 0
182.93 0
183.929 0
184.929 0
185.929 41
186.929 71
187.929 83
188.93 68
189.929 82
190.929 142
191.929 122
192.929 156
193.929 158
194.929 182
195.929 146
196.929 175
197.929 186
198.929 147
199.929 196
200.929 151
201.931 200
202.929 291
203.929 133
204.932 157
205.929 264
206.981 137
207.981 240
208.981 168
209.985 193
210.989 229
211.993 219
212.997 222
214.001 241
215.005 237
216.009 220
217.021 248
218.025 308
219.029 158
220.035 211
221.037 226
222.044 269
223.045 209
224.049 257
225.053 247
226.057 226
227.061 203
228.068 281
229.069 231
230.075 209
231.084 316
232.085 198
233.089 238
234.093 227
235.097 404
236.101 253
237.106 121
238.109 289
239.113 259
240.117 254
241.121 179
242.125 338
243.129 165
244.133 214
245.137 271
246.141 266
247.145 167
248.149 207
249.153 414
250.157 291
251.161 91
252.166 312
253.169 170
254.174 251
255.177 387
256.181 84
257.185 289
258.189 245
259.193 216
260.197 282
261.201 247
262.205 266
263.209 309
264.213 157
265.221 219
266.222 274
267.225 279
268.229 356
269.233 241
270.237 217
271.241 185
272.246 162
273.25 178
274.253 328
275.257 190
276.262 126
277.265 163
278.269 291
279.275 271
280.277 214
281.282 199
282.286 228
283.289 92
284.294 116
285.298 252
286.302 248
287.306 157
288.31 129
289.314 197
290.318 316
291.322 295
292.326 230
293.331 260
294.334 217
295.338 167
296.342 328
297.346 161
298.35 250
299.354 199
300.358 221
301.362 227
302.366 122
303.37 292
304.374 251
305.378 359
306.383 169
307.386 250
308.39 135
309.394 174
310.399 181
311.402 290
312.406 136
313.41 204
314.414 305
315.421 122
316.428 337
317.43 294
318.454 214
319.458 291
320.463 189
321.466 301
322.473 313
323.474 211
324.478 410
325.482 308
326.486 221
327.499 278
328.502 186
329.506 205
330.51 139
331.514 276
332.525 241
333.527 163
334.531 250
335.534 235
336.539 286
337.543 155
338.546 265
339.551 380
340.555 184
341.559 103
342.563 217
343.567 362
344.571 194
345.575 145
346.579 172
347.583 270
348.587 345
349.591 17
350.596 164
351.599 254
352.603 271
353.607 324
354.611 286
355.615 330
356.619 266
357.623 222
358.627 141
359.631 117
360.635 226
361.639 107
362.643 278
363.648 160
364.651 236
365.655 216
366.659 216
367.663 191
368.667 214
369.671 175
370.676 235
371.679 362
372.683 199
373.687 213
374.691 392
375.695 243
376.7 107
377.704 210
378.711 325
379.711 197
380.716 413
381.72 216
382.724 193
383.727 387
384.763 229
385.765 354
386.769 366
387.772 190
388.776 144
389.78 178
390.784 375
391.788 183
392.792 492
393.796 111
394.807 98
395.808 210
396.812 243
397.82 343
398.824 136
399.828 185
400.832 160
401.836 241
402.84 282
403.845 212
404.848 208
405.852 295
406.864 191
407.864 151
408.868 147
409.872 261
410.876 306
411.88 161
412.885 231
413.888 224
414.892 238
415.896 296
416.9 197
417.904 418
418.908 227
419.912 425
420.917 225
421.921 175
422.924 402
423.935 22
424.938 120
425.94 300
426.944 223
427.949 433
428.953 170
429.956 258
430.961 212
431.964 71
432.969 168
434.015 274
435.017 212
436.021 239
437.021 294
438.02 91
439.021 262
440.023 252
441.02 218
442.022 175
443.021 252
444.02 225
445.02 269
446.024 295
447.024 248
448.024 494
449.024 183
450.024 138
451.024 357
452.024 98
453.063 276
454.06 213
455.06 172
456.061 276
457.065 208
458.076 241
459.076 265
460.076 181
461.076 134
462.076 252
463.076 260
464.076 178
465.087 365
466.084 266
467.084 333
468.084 93
469.092 367
470.092 335
471.092 114
472.092 118
473.092 195
474.093 263
475.092 146
476.114 179
477.112 202
478.112 376
479.112 92
480.111 183
481.111 193
482.112 208
483.111 322
484.111 256
485.112 353
486.153 137
487.153 220
488.151 312
489.152 107
490.151 221
491.151 279
492.158 178
493.155 183
494.155 239
495.156 372
496.156 183
