# timestamp	memory footprint (MB)\n
-18.5867 0
-2.13638 0
-0.609287 0
0.402363 0
2.44862 0
3.45008 0
4.47127 0
5.57953 0
6.58505 0
7.58702 0
8.58964 0
9.62729 0
10.7045 0
11.7128 0
12.789 0
13.7902 0
14.794 0
15.798 0
16.8102 0
17.8193 0
18.8221 0
20.0798 0
21.1444 0
22.1462 0
23.1502 0
24.4203 0
25.4223 0
26.8555 0
27.8705 0
28.8745 0
29.9205 0
30.962 0
31.9655 0
32.9683 0
33.9707 0
34.976 0
35.9791 0
36.9836 0
37.9888 0
38.9907 0
40.0012 0
41.0028 0
42.0081 0
43.0108 0
44.0152 0
45.019 0
46.0317 0
47.0352 0
48.0388 0
49.0507 0
50.051 0
51.0552 0
52.0697 0
53.0837 0
54.0872 0
55.0919 0
56.0954 0
57.1001 0
58.1043 0
59.1091 0
60.1121 0
61.1159 0
62.1661 0
63.173 0
64.2184 0
65.2227 0
66.2247 0
67.2292 0
68.2328 0
69.2524 0
70.2611 0
71.2662 0
72.2703 0
73.2734 0
74.278 0
75.2817 0
76.2853 0
77.2895 0
78.2934 0
79.2974 0
80.3514 0
81.354 0
82.3574 0
83.363 0
84.3663 0
85.3718 0
86.375 0
87.3789 0
88.3819 0
89.3858 0
90.3907 0
91.4561 0
92.458 0
93.462 0
94.4674 0
95.4701 0
96.4743 0
97.4782 0
98.4827 0
99.5068 0
100.51 0
101.515 0
102.518 0
103.522 0
104.527 0
105.533 0
106.535 0
107.539 0
108.543 0
109.547 0
110.552 0
111.555 0
112.559 0
113.563 0
114.567 0
115.571 0
116.575 0
117.579 0
118.584 0
119.588 0
120.591 0
121.596 0
122.599 0
123.605 0
124.607 0
125.653 0
126.655 0
127.662 0
128.664 0
129.667 0
130.672 0
131.677 0
132.68 0
133.696 0
134.7 0
135.704 0
136.708 0
137.712 0
138.716 0
139.721 0
140.724 0
141.728 0
142.736 0
143.74 0
144.744 0
145.749 0
146.753 0
147.756 0
148.76 0
149.764 0
150.77 0
151.772 0
152.777 0
153.78 0
154.785 0
155.789 0
156.792 0
157.797 0
158.801 0
159.804 0
160.809 0
161.813 0
162.862 0
163.865 0
164.869 0
165.873 0
166.877 0
167.881 0
168.885 0
169.889 0
170.893 0
171.897 0
172.901 0
173.905 0
174.909 0
175.913 0
176.917 0
177.921 0
178.925 0
179.929 0
180.929 0
181.93 0
182.93 0
183.929 0
184.929 0
185.929 0
186.929 0
187.929 0
188.93 0
189.929 0
190.929 0
191.929 0
192.929 0
193.929 0
194.929 1
195.929 1
196.929 1
197.929 1
198.929 1
199.929 2
200.929 2
201.931 0
202.929 2
203.929 2
204.932 1
205.929 3
206.981 1
207.981 2
208.981 1
209.985 0
210.989 1
211.993 0
212.997 0
214.001 1
215.005 1
216.009 0
217.021 2
218.025 2
219.029 1
220.035 1
221.037 0
222.044 2
223.045 0
224.049 0
225.053 2
226.057 1
227.061 0
228.068 2
229.069 1
230.075 1
231.084 3
232.085 2
233.089 1
234.093 0
235.097 3
236.101 2
237.106 1
238.109 1
239.113 3
240.117 2
241.121 1
242.125 3
243.129 2
244.133 1
245.137 1
246.141 3
247.145 2
248.149 1
249.153 4
250.157 4
251.161 3
252.166 5
253.169 1
254.174 1
255.177 3
256.181 0
257.185 2
258.189 0
259.193 0
260.197 1
261.201 1
262.205 0
263.209 2
264.213 1
265.221 1
266.222 0
267.225 2
268.229 0
269.233 2
270.237 1
271.241 1
272.246 0
273.25 0
274.253 2
275.257 1
276.262 1
277.265 0
278.269 0
279.275 2
280.277 1
281.282 0
282.286 0
283.289 0
284.294 0
285.298 1
286.302 1
287.306 0
288.31 0
289.314 0
290.318 2
291.322 2
292.326 0
293.331 2
294.334 2
295.338 1
296.342 1
297.346 2
298.35 2
299.354 0
300.358 0
301.362 2
302.366 0
303.37 2
304.374 1
305.378 3
306.383 1
307.386 1
308.39 0
309.394 0
310.399 0
311.402 2
312.406 1
313.41 1
314.414 1
315.421 0
316.428 2
317.43 1
318.454 3
319.458 2
320.463 1
321.466 1
322.473 3
323.474 1
324.478 4
325.482 1
326.486 0
327.499 2
328.502 1
329.506 1
330.51 0
331.514 0
332.525 2
333.527 1
334.531 1
335.534 0
336.539 2
337.543 1
338.546 0
339.551 3
340.555 1
341.559 0
342.563 0
343.567 3
344.571 2
345.575 1
346.579 1
347.583 1
348.587 3
349.591 0
350.596 0
351.599 1
352.603 0
353.607 3
354.611 0
355.615 3
356.619 2
357.623 0
358.627 0
359.631 0
360.635 0
361.639 0
362.643 1
363.648 1
364.651 0
365.655 0
366.659 1
367.663 1
368.667 1
369.671 1
370.676 0
371.679 3
372.683 1
373.687 1
374.691 3
375.695 1
376.7 0
377.704 0
378.711 2
379.711 0
380.716 3
381.72 1
382.724 0
383.727 3
384.763 2
385.765 0
386.769 2
387.772 0
388.776 0
389.78 0
390.784 2
391.788 0
392.792 4
393.796 2
394.807 2
395.808 1
396.812 0
397.82 2
398.824 0
399.828 1
400.832 1
401.836 0
402.84 2
403.845 0
404.848 0
405.852 2
406.864 1
407.864 1
408.868 0
409.872 0
410.876 2
411.88 1
412.885 1
413.888 0
414.892 0
415.896 2
416.9 0
417.904 3
418.908 1
419.912 4
420.917 2
421.921 1
422.924 4
423.935 0
424.938 0
425.94 2
426.944 1
427.949 3
428.953 1
429.956 1
430.961 0
431.964 0
432.969 0
434.015 2
435.017 1
436.021 1
437.021 3
438.02 0
439.021 2
440.023 1
441.02 0
442.022 0
443.021 1
444.02 1
445.02 0
446.024 2
447.024 2
448.024 5
449.024 1
450.024 0
451.024 1
452.024 0
453.063 2
454.06 1
455.06 1
456.061 0
457.065 0
458.076 2
459.076 1
460.076 0
461.076 0
462.076 1
463.076 2
464.076 0
465.087 3
466.084 2
467.084 1
468.084 0
469.092 2
470.092 1
471.092 0
472.092 0
473.092 0
474.093 2
475.092 1
476.114 1
477.112 0
478.112 3
479.112 0
480.111 1
481.111 1
482.112 0
483.111 2
484.111 0
485.112 3
486.153 1
487.153 1
488.151 1
489.152 0
490.151 1
491.151 1
492.158 1
493.155 1
494.155 0
495.156 3
496.156 2
