# timestamp	command count (MB)\n
-267.258 0
-254.263 0
-252.736 0
-248.784 0
-247.752 0
-246.71 0
-245.586 0
-244.586 0
-243.582 0
-242.511 0
-241.51 0
-239.663 0
-238.538 0
-237.527 0
-236.525 0
-234.255 0
-233.146 0
-232.038 0
-231.03 0
-229.073 0
-227.935 0
-226.922 0
-225.919 0
-224.605 0
-223.603 0
-220.608 0
-219.609 0
-218.603 0
-217.602 0
-214.016 0
-213.008 0
-211.996 0
-210.992 0
-208.591 0
-207.488 0
-206.483 0
-205.04 0
-204.032 0
-202.64 0
-201.637 0
-200.627 0
-199.619 0
-197.182 0
-196.164 0
-195.161 0
-193.538 0
-189.701 0
-188.696 0
-187.684 0
-186.527 0
-185.525 0
-184.511 0
-183.509 0
-182.499 0
-180.036 0
-179.033 0
-178.028 0
-174.268 0
-173.253 0
-172.244 0
-171.236 0
-168.563 0
-167.557 0
-166.548 0
-162.698 0
-161.679 0
-160.673 0
-156.738 0
-155.733 0
-154.716 0
-153.705 0
-149.831 0
-148.823 0
-146.268 0
-145.263 0
-144.251 0
-143.242 0
-142.239 0
-138.97 0
-136.956 0
-135.948 0
-134.942 0
-133.939 0
-132.935 0
-129.138 0
-128.133 0
-127.128 0
-126.124 0
-125.12 0
-121.368 0
-120.359 0
-119.348 0
-117.301 0
-116.292 0
-115.282 0
-114.278 0
-110.455 0
-109.447 0
-108.438 0
-106.389 0
-105.368 0
-104.366 0
-103.361 0
-99.3064 0
-98.3004 0
-97.2889 0
-95.2485 0
-94.2425 0
-93.2338 0
-92.2283 0
-88.4491 0
-87.4334 0
-86.433 0
-82.5687 0
-81.5647 0
-80.561 0
-79.557 0
-78.5529 0
-75.1886 0
-74.1839 0
-73.1804 0
-69.5092 0
-68.504 0
-65.5153 0
-64.4363 0
-63.4306 0
-62.4284 0
-58.5178 0
-57.5109 0
-56.5051 0
-54.3375 0
-53.3274 0
-52.316 0
-49.2375 0
-48.2079 0
-47.2026 0
-46.1893 0
-42.1906 0
-41.1864 0
-40.18 0
-37.9656 0
-36.9574 0
-35.9556 0
-33.1947 0
-32.1882 0
-31.1867 0
-27.6238 0
-26.4999 0
-25.4979 0
-22.2354 0
-21.2192 0
-20.2122 0
-18.9031 0
-14.8972 0
-13.8907 0
-12.8864 0
-11.8813 0
-10.8782 0
-9.87061 0
-8.86632 0
-6.90652 0
-5.90257 0
-4.89861 0
-3.89464 0
-2.89058 0
-1.78817 0
0.09429 0
1.09752 0
2.10155 0
3.10922 0
4.10961 0
5.11366 0
6.11771 0
7.1217 0
8.12573 0
9.12977 0
10.1338 0
11.1384 0
12.1459 0
13.1499 0
14.1539 0
15.1579 0
16.162 0
17.1661 0
18.17 0
19.1741 0
20.1781 0
21.1821 0
22.1862 0
23.1904 0
24.1943 0
25.1983 0
26.2023 0
27.2063 0
28.2103 0
29.2144 0
30.2184 0
31.2225 0
32.2265 0
33.2305 0
34.2345 0
35.2386 0
36.2426 0
37.2466 0
38.2507 0
39.2547 0
40.2587 0
41.2627 0
42.2668 0
43.2708 0
44.2748 0
45.2789 0
46.2829 0
47.2869 0
48.291 0
49.295 0
50.299 0
51.3031 0
52.3071 0
53.3111 0
54.3151 0
55.3192 0
56.3234 0
57.3272 0
58.3313 0
59.3353 0
60.3393 0
61.3437 0
62.3515 0
63.3554 0
64.3594 0
65.3635 0
66.3675 0
67.3718 0
68.3756 0
69.3796 0
70.3837 0
71.3878 0
72.3917 0
73.3957 0
74.3998 0
75.4038 0
76.4078 0
77.4118 0
78.4159 1
79.4201 2
80.4239 2
81.428 2
82.432 4
83.436 3
84.4441 4
85.4481 4
86.4521 6
87.4563 8
88.4602 9
89.4642 12
90.4683 15
91.4843 22
92.4883 33
93.4924 61
94.4964 78
95.5004 62
96.5046 105
97.5085 128
98.5125 137
99.5166 99
100.521 124
101.525 115
102.529 121
103.533 122
104.537 117
105.541 131
106.545 114
107.549 135
108.553 122
109.553 113
110.557 129
111.561 119
112.565 125
113.569 110
114.573 120
115.577 125
116.581 128
117.589 133
118.593 120
119.597 118
120.597 129
121.597 115
122.599 124
123.601 123
124.601 133
125.601 142
126.603 126
127.6 119
128.601 136
129.6 119
130.6 129
131.6 123
132.6 129
133.6 121
134.6 137
135.6 120
136.599 132
137.599 114
138.599 128
139.599 122
140.599 120
141.599 125
142.599 133
143.599 123
144.599 120
145.599 135
146.598 129
147.598 123
148.598 117
149.598 134
150.598 119
151.598 118
152.598 115
153.598 124
154.598 122
155.598 118
156.598 130
157.598 135
158.597 131
159.597 122
160.597 128
161.597 137
162.597 121
163.597 129
164.597 132
165.597 129
166.597 141
167.601 112
168.601 138
169.601 134
170.601 130
171.601 117
172.601 143
173.6 117
174.608 120
175.608 142
176.608 123
177.608 134
178.609 124
179.608 134
180.608 134
181.608 108
182.608 141
183.608 128
184.608 117
185.608 127
186.607 143
187.607 132
188.607 136
189.607 123
190.607 131
191.607 109
192.611 132
193.611 136
194.611 120
195.611 130
196.611 126
197.611 140
198.611 125
199.611 140
200.611 116
201.611 133
202.611 123
203.611 140
204.611 117
205.611 135
206.61 130
207.61 147
208.61 110
209.611 129
210.61 128
211.61 132
212.611 131
213.61 117
214.61 147
215.61 127
216.61 129
217.61 127
218.61 132
219.61 124
220.61 138
221.61 129
222.61 134
223.61 122
224.61 130
225.61 137
226.609 120
227.609 128
228.609 135
229.609 132
230.61 126
231.609 128
232.615 128
233.613 122
234.613 134
235.613 127
236.613 147
237.613 112
238.613 144
239.613 108
240.613 157
241.613 126
242.617 131
243.617 141
244.617 148
245.617 128
246.617 133
247.617 132
248.617 135
249.617 128
250.617 132
251.617 139
252.617 120
253.616 148
254.628 131
255.628 139
256.628 162
257.628 115
258.628 133
259.632 166
260.628 124
261.628 146
262.628 126
263.628 128
264.628 150
265.628 146
266.628 144
267.629 142
268.628 120
269.628 162
270.628 135
271.628 156
272.638 166
273.636 126
274.636 149
275.636 133
276.636 138
277.636 144
278.636 134
279.636 155
280.636 164
281.636 131
282.636 156
283.636 152
284.636 128
285.636 156
286.636 157
287.636 131
288.636 149
289.636 170
290.636 131
291.636 168
292.636 140
293.635 175
294.636 142
295.635 162
296.635 130
297.638 169
298.635 161
299.635 139
300.635 160
301.635 154
302.636 163
303.635 140
304.635 159
305.635 174
306.635 146
307.635 154
308.635 175
309.635 143
310.635 164
311.635 162
312.639 138
313.635 167
314.635 155
315.635 156
316.635 175
317.635 146
318.635 160
319.635 158
320.635 165
321.635 171
322.635 184
323.635 159
324.635 147
325.635 185
326.635 164
327.635 168
328.635 162
329.635 154
330.635 170
331.635 178
332.635 161
333.635 154
334.635 173
335.635 194
336.635 141
337.638 165
338.635 188
339.635 182
340.635 168
341.635 170
342.635 191
343.635 160
344.635 181
345.635 161
346.635 178
347.635 198
348.635 151
349.635 192
350.635 192
351.635 180
352.635 182
353.635 186
354.635 176
355.635 185
356.635 163
357.635 177
358.635 184
359.635 201
360.635 150
361.635 173
362.635 184
363.635 179
364.635 186
365.635 174
366.635 183
367.635 174
368.635 185
369.635 204
370.635 174
371.642 178
372.639 184
373.639 201
374.639 209
375.639 197
376.646 201
377.643 179
378.643 187
379.643 195
380.643 195
381.643 200
382.643 182
383.643 179
384.643 194
385.643 202
386.643 188
387.643 207
388.643 203
389.643 229
390.643 156
391.643 222
392.643 179
393.643 227
394.647 234
395.647 201
396.651 211
397.655 226
398.659 201
399.663 226
400.667 234
401.671 168
402.675 221
403.679 186
404.683 231
405.687 228
406.691 194
407.695 229
408.699 215
409.703 219
410.707 193
411.711 235
412.715 220
413.719 222
414.723 230
415.727 181
416.731 217
417.735 222
418.739 221
419.743 256
420.747 204
421.751 253
422.755 220
423.759 221
424.763 211
425.767 241
426.771 253
427.775 226
428.779 252
429.783 243
430.787 304
431.791 223
432.795 300
433.799 222
434.803 216
435.808 345
436.811 541
437.815 110
438.819 239
439.823 334
440.827 546
441.831 251
442.843 265
443.847 329
444.851 275
445.855 405
446.859 661
447.863 140
448.867 190
449.871 230
450.875 275
451.879 350
452.883 305
453.887 512
454.891 176
455.895 475
456.899 200
457.903 552
458.911 199
459.915 277
460.919 580
461.923 818
462.927 22
463.931 94
464.935 235
465.939 234
466.943 299
467.947 392
468.951 303
469.955 429
470.96 850
471.963 358
472.967 43
473.971 161
474.975 271
475.979 242
476.983 255
477.987 349
478.991 662
479.995 102
480.999 280
482.003 638
483.007 105
484.011 284
485.015 512
486.019 794
487.023 180
488.027 84
489.031 222
490.036 232
491.039 274
492.043 341
493.047 306
494.051 331
495.055 864
496.059 881
497.07 122
498.071 16
499.075 71
500.079 192
501.083 253
502.087 221
503.091 267
504.095 244
505.099 508
506.103 167
507.107 472
508.111 599
509.115 83
510.119 220
511.123 272
512.127 331
513.131 746
514.135 1035
515.139 143
516.143 11
517.147 63
518.151 193
519.155 207
520.159 211
521.163 252
522.167 248
523.172 264
524.175 548
525.179 133
526.183 267
527.189 633
528.191 556
529.195 75
530.199 208
531.203 284
532.207 207
533.211 663
534.215 903
535.223 45
536.227 49
537.232 199
538.235 226
539.239 242
540.247 245
541.248 416
542.252 832
543.255 474
544.264 23
545.268 109
546.272 195
547.276 250
548.28 231
549.284 282
550.288 286
551.292 720
552.297 894
553.304 100
554.308 30
555.312 158
556.323 290
557.324 176
558.328 256
559.332 261
560.336 762
561.34 868
562.352 44
563.356 49
564.36 178
565.364 259
566.368 206
567.372 310
568.381 273
569.385 467
570.388 816
571.392 757
572.4 202
573.404 18
574.408 74
575.412 199
576.416 195
577.42 226
578.424 235
579.428 245
580.432 285
581.436 679
582.443 203
583.444 182
584.448 239
585.452 492
586.456 842
587.46 227
588.464 46
589.468 181
590.472 218
591.476 249
592.48 246
593.484 582
594.488 330
595.492 206
596.496 282
597.5 349
598.504 357
599.508 674
600.512 117
601.516 467
602.524 221
603.528 418
604.532 273
605.536 453
606.54 316
607.544 317
608.548 435
609.552 431
610.556 314
611.57 426
612.583 374
613.584 365
614.589 323
615.592 384
616.596 331
617.6 544
618.604 354
619.608 351
620.613 320
621.616 381
622.621 361
623.624 317
624.628 453
625.632 279
626.637 649
627.64 284
628.644 226
629.648 319
630.653 316
631.657 450
632.661 870
633.664 614
634.669 23
635.673 118
636.677 218
637.681 248
638.685 257
639.689 303
640.693 622
641.697 540
642.701 110
643.705 263
644.709 312
645.713 863
646.717 118
647.721 191
648.725 425
649.729 521
650.733 168
651.737 277
652.741 674
653.745 143
654.749 436
655.753 325
656.757 294
657.761 602
658.765 212
659.765 380
660.769 673
661.773 903
662.777 29
663.781 158
664.785 223
665.789 276
666.793 482
667.797 546
668.801 561
669.805 148
670.809 278
671.813 517
672.817 216
673.822 736
674.825 156
675.829 403
676.833 451
677.837 282
678.842 685
679.85 120
680.853 589
681.857 369
682.861 274
683.865 637
684.869 237
685.873 514
686.877 410
687.881 264
688.885 667
689.889 185
690.894 603
691.897 486
692.901 253
693.905 598
694.909 176
695.913 421
696.918 551
697.921 357
698.926 350
699.929 800
700.933 180
701.938 363
702.941 413
703.945 350
704.961 723
705.961 137
706.965 503
707.97 419
708.974 292
709.978 875
710.982 118
711.986 491
712.99 361
713.994 304
714.998 697
716.002 224
717.007 502
718.01 536
719.014 216
720.026 531
721.03 249
722.034 574
723.058 798
724.062 116
725.066 279
726.07 609
727.074 375
728.078 255
729.082 628
730.086 214
731.09 767
732.099 160
733.102 481
734.106 688
735.11 135
736.114 289
737.118 749
738.122 419
739.126 246
740.13 286
741.134 955
742.138 195
743.142 237
744.146 332
745.15 427
746.154 848
747.158 109
748.162 314
749.166 560
750.182 810
751.182 84
752.186 237
753.19 269
754.194 790
755.198 536
756.202 134
757.206 246
758.21 307
759.214 929
760.218 359
761.222 172
762.226 270
763.231 343
764.235 1033
765.238 73
766.243 184
767.246 288
768.251 476
769.254 760
770.258 114
771.262 266
772.277 767
773.278 357
774.283 225
775.286 276
776.29 942
777.294 146
778.298 258
779.302 416
780.307 506
781.311 305
782.315 655
783.319 349
784.323 490
785.327 222
786.346 779
787.347 572
788.351 117
789.355 251
790.359 251
791.363 884
792.367 220
793.371 207
794.375 283
795.379 775
796.383 204
797.387 264
798.391 274
799.395 943
800.399 355
801.403 202
802.407 247
803.411 346
804.415 1037
805.419 472
806.423 91
807.427 285
808.431 194
809.435 326
810.441 955
811.443 292
812.447 151
813.451 278
814.455 243
815.459 816
816.463 214
817.468 240
818.471 421
819.475 1000
820.479 400
821.483 79
822.488 317
823.491 215
824.496 362
825.499 582
826.503 201
827.507 281
828.511 599
829.515 1017
830.519 469
831.523 58
832.527 212
833.531 220
834.535 272
835.539 283
836.543 687
837.547 309
838.556 979
839.561 38
840.563 151
841.567 288
842.571 260
843.576 552
844.579 1050
845.592 429
846.595 387
847.599 75
848.603 204
849.607 204
850.611 245
851.615 276
852.62 343
853.624 841
854.627 1048
855.632 414
856.636 19
857.64 74
858.652 251
859.664 228
860.672 231
861.677 254
862.68 223
863.684 719
864.688 1097
865.692 220
866.696 857
867.7 13
868.704 71
869.708 216
870.712 220
871.716 234
872.72 200
873.724 280
874.728 495
875.732 318
876.736 537
877.74 545
878.744 474
879.748 99
880.752 212
881.757 271
882.76 594
883.764 281
884.769 682
885.772 106
886.776 293
887.78 441
888.784 351
889.788 998
890.792 445
891.796 80
892.8 240
893.804 243
894.808 275
895.812 389
896.817 857
897.82 257
898.824 184
899.828 293
900.832 629
901.837 345
902.84 270
903.844 492
904.849 779
905.852 350
906.857 197
907.86 194
908.865 322
909.868 553
910.872 209
911.877 549
912.88 646
913.884 141
914.888 253
915.896 612
916.897 348
917.9 905
918.904 150
919.908 153
920.912 321
921.916 453
922.92 341
923.927 821
924.929 81
925.933 338
926.937 297
927.941 540
928.951 558
929.953 157
930.957 323
931.961 833
932.965 112
933.969 349
934.973 652
935.977 148
936.982 380
937.985 392
938.989 400
939.993 891
940.997 134
942.001 245
943.006 362
944.009 585
945.013 183
946.017 430
947.021 379
948.025 613
949.029 178
950.029 315
951.033 635
952.037 548
953.041 130
954.045 267
955.049 646
956.053 291
957.076 590
958.082 184
959.085 276
960.089 441
961.105 835
962.109 71
963.113 298
964.117 258
965.122 610
966.125 908
967.129 254
968.133 107
969.137 267
970.141 234
971.146 418
972.149 522
973.153 345
974.157 242
975.162 573
976.165 924
977.169 325
978.173 79
979.177 264
980.181 209
981.185 307
982.189 474
983.193 579
984.197 267
985.201 274
986.205 499
987.209 252
988.214 468
989.217 414
990.221 666
991.225 108
992.229 447
993.234 866
994.237 61
995.242 196
996.246 423
997.25 323
998.254 451
999.258 898
1000.26 566
1001.27 43
1002.27 213
1003.27 218
1004.28 276
1005.29 684
1006.3 175
1007.3 287
1008.31 478
1009.31 1036
1010.31 588
1011.32 280
1012.32 78
1013.33 198
1014.33 224
1015.33 232
1016.34 275
1017.34 540
1018.36 415
1019.36 561
1020.36 186
1021.37 220
1022.37 520
1023.37 1025
1024.38 201
1025.38 93
1026.39 248
1027.4 252
1028.42 237
1029.42 537
1030.42 988
1031.44 521
1032.45 326
1033.45 68
1034.45 187
1035.46 210
1036.46 244
1037.47 236
1038.47 336
1039.47 767
1040.5 928
1041.5 28
1042.51 98
1043.51 241
1044.52 234
1045.52 419
1046.52 556
1047.53 493
1048.53 133
1049.54 251
1050.54 711
1051.54 268
1052.55 295
1053.55 296
1054.55 833
1055.56 923
1056.57 183
1057.57 85
1058.57 213
1059.58 250
1060.58 231
1061.59 718
1062.59 272
1063.59 480
1064.6 116
1065.6 298
1066.61 416
1067.61 365
1068.62 860
1069.62 190
1070.62 229
1071.63 316
1072.63 390
1073.63 314
1074.64 725
1075.64 433
1076.65 162
1077.65 256
1078.65 428
1079.66 565
1080.66 968
1081.67 84
1082.67 141
1083.69 303
1084.69 207
1085.69 404
1086.7 964
1087.7 363
1088.7 73
1089.71 250
1090.71 187
1091.71 316
1092.72 682
1093.72 161
1094.73 261
1095.74 388
1096.74 989
1097.74 161
1098.75 141
1099.75 254
1100.76 267
1101.76 321
1102.76 877
1103.77 445
1104.77 112
1105.78 245
1106.78 248
1107.78 499
1108.79 470
1109.79 718
1110.8 81
1111.8 246
1112.8 278
1113.81 720
1114.81 940
1115.82 420
1116.82 32
1117.82 157
1118.83 256
1119.83 202
1120.84 328
1121.84 576
1122.84 189
1123.85 563
1124.85 257
1125.86 708
1126.86 132
1127.86 281
1128.87 483
1129.87 685
1130.88 136
1131.88 278
1132.88 422
1133.89 468
1134.89 714
1135.9 150
1136.9 290
1137.9 464
1138.91 350
1139.91 743
1140.92 112
1141.92 296
1142.92 470
1143.93 942
1144.93 72
1145.94 204
1146.94 240
1147.94 541
1148.95 514
1149.95 184
1150.96 251
1151.96 795
1152.96 436
1153.97 173
1154.97 231
1155.98 770
1156.98 616
1157.98 86
1158.99 242
1159.99 236
1161 611
1162 217
1163 365
1164.02 732
1165.02 172
1166.03 278
1167.03 360
1168.04 1014
1169.04 415
1170.04 104
1171.05 275
1172.05 190
1173.06 286
1174.06 439
1175.06 972
1176.07 832
1177.07 22
1178.08 117
1179.08 266
1180.08 204
1181.09 228
1182.09 290
1183.1 438
1184.1 906
1185.1 914
1186.11 208
1187.11 464
1188.12 49
1189.12 166
1190.12 198
1191.13 263
1192.13 266
1193.14 272
1194.14 448
1195.15 1061
1196.15 560
1197.16 41
1198.16 81
1199.16 219
1200.17 236
1201.17 268
1202.18 708
1203.18 277
1204.18 215
1205.19 279
1206.19 575
1207.2 492
1208.2 1097
1209.2 504
1210.21 15
1211.21 87
1212.22 257
1213.22 198
1214.22 269
1215.23 223
1216.23 832
1217.24 147
1218.24 232
1219.24 284
1220.25 902
1221.25 980
1222.26 65
1223.26 44
1224.26 182
1225.27 244
1226.27 307
1227.28 273
1228.28 934
1229.29 172
1230.29 208
1231.29 295
1232.29 688
1233.3 234
1234.3 264
1235.31 479
1236.31 1094
1237.31 519
1238.32 376
1239.32 47
1240.32 133
1241.33 259
1242.33 199
1243.34 244
1244.34 419
1245.35 329
1246.35 567
1247.35 528
1248.36 1081
1249.36 148
1250.37 58
1251.37 232
1252.37 249
1253.38 224
1254.39 370
1255.39 523
1256.39 232
1257.4 381
1258.4 783
1259.41 1037
1260.41 474
1261.41 19
1262.42 108
1263.42 221
1264.43 243
1265.43 250
1266.43 284
1267.44 978
1268.45 151
1269.45 185
1270.45 324
1271.46 1031
1272.46 200
1273.47 119
1274.47 288
1275.47 286
1276.48 997
1277.48 113
1278.49 180
1279.49 283
1280.49 373
1281.5 956
1282.5 491
1283.51 90
1284.51 273
1285.51 221
1286.52 526
1287.52 527
1288.53 1000
1289.53 94
1290.53 141
1291.55 297
1292.55 245
1293.56 461
1294.56 1101
1295.57 319
1296.57 67
1297.57 196
1298.58 218
1299.58 267
1300.59 697
1301.6 471
1302.6 160
1303.61 195
1304.61 592
1305.61 447
1306.62 219
1307.62 255
1308.63 854
1309.63 468
1310.63 176
1311.64 221
1312.64 624
1313.65 321
1314.65 513
1315.65 173
1316.66 331
1317.66 744
1318.67 435
1319.67 199
1320.67 270
1321.68 794
1322.68 247
1323.69 596
1324.69 147
1325.69 347
1326.7 566
1327.72 888
1328.72 59
1329.72 227
1330.74 272
1331.74 518
1332.75 670
1333.75 161
1334.75 240
1335.76 611
1336.76 954
1337.77 44
1338.77 167
1339.77 285
1340.78 510
1341.78 281
1342.79 414
1343.79 718
1344.79 897
1345.8 33
1346.8 144
1347.81 257
1348.81 211
1349.81 719
1350.82 477
1351.82 248
1352.83 164
1353.83 645
1354.83 215
1355.84 712
1356.84 156
1357.85 285
1358.85 542
1359.86 996
1360.87 68
1361.87 178
1362.87 318
1363.88 440
1364.88 298
1365.89 906
1366.89 446
1367.89 135
1368.9 240
1369.9 317
1370.91 735
1371.91 463
1372.92 153
1373.92 306
1374.92 444
1375.93 778
1376.93 994
1377.93 434
1378.95 50
1379.96 219
1380.96 286
1381.96 203
1382.97 410
1383.97 1111
1384.98 575
1385.98 30
1386.98 129
1387.99 228
1388.99 231
1390 322
1391 993
1392 622
1393.01 42
1394.01 151
1395.02 202
1396.02 280
1397.02 242
1398.03 915
1399.03 569
1400.04 153
1401.04 157
1402.04 283
1403.05 325
1404.05 871
1405.06 1059
1406.06 443
1407.06 147
1408.07 111
1409.07 237
1410.08 241
1411.08 299
1412.08 280
1413.09 1070
1414.09 164
1415.1 192
1416.1 240
1417.1 332
1418.11 884
1419.11 179
1420.12 203
1421.12 323
1422.12 1045
1423.13 170
1424.13 213
1425.14 223
1426.14 314
1427.14 721
1428.15 466
1429.15 1139
1430.16 370
1431.16 37
1432.16 181
1433.17 268
1434.17 206
1435.18 317
1436.18 768
1437.21 924
1438.22 97
1439.22 123
1440.22 258
1441.23 262
1442.23 486
1443.24 1058
1444.24 565
1445.24 36
1446.25 177
1447.25 273
1448.26 209
1449.26 343
1450.26 1091
1451.27 550
1452.27 67
1453.28 166
1454.28 219
1455.28 266
1456.29 789
1457.29 167
1458.3 260
1459.3 391
1460.3 990
1461.31 756
1462.31 613
1463.32 24
1464.32 93
1465.33 300
1466.34 216
1467.34 232
1468.34 427
1469.35 388
1470.35 744
1471.36 244
1472.36 470
1473.37 498
1474.38 132
1475.38 482
1476.38 1055
1477.39 200
1478.39 126
1479.4 278
1480.4 217
1481.4 347
1482.41 1110
1483.41 769
1484.42 28
1485.42 133
1486.42 241
1487.43 233
1488.43 656
1489.44 567
1490.44 171
1491.45 162
1492.45 521
1493.46 378
1494.46 875
1495.46 155
1496.47 238
1497.47 282
1498.48 781
1499.49 164
1500.49 327
1501.5 517
1502.5 1090
1503.5 536
1504.51 60
1505.51 203
1506.52 263
1507.52 255
1508.52 673
1509.53 179
1510.53 273
1511.53 639
1512.54 1167
1513.54 430
1514.54 253
1515.55 85
1516.55 262
1517.56 204
1518.56 250
1519.56 256
1520.57 978
1521.57 959
1522.59 0
1523.59 1040
1524.59 17
1525.6 104
1526.6 251
1527.61 186
1528.61 278
1529.61 264
1530.62 296
1531.62 400
1532.63 922
1533.63 939
1534.65 0
1535.66 1120
1536.66 75
1537.67 51
1538.67 200
1539.67 232
1540.68 223
1541.68 246
1542.69 246
1543.69 708
1544.69 1013
1545.7 369
1546.7 51
1547.71 119
1548.71 274
1549.71 220
1550.72 279
1551.72 657
1552.73 584
1553.73 1037
1554.73 495
1555.74 31
1556.74 160
1557.75 228
1558.75 234
1559.75 248
1560.76 577
1561.76 247
1562.77 465
1563.77 561
1564.77 567
1565.78 399
1566.78 151
1567.79 290
1568.79 451
1569.8 721
1570.8 667
1571.81 114
1572.81 192
1573.81 324
1574.82 358
1575.82 336
1576.83 1004
1577.83 198
1578.83 211
1579.84 251
1580.84 491
1581.85 689
1582.85 1084
1583.85 335
1584.86 51
1585.87 145
1586.87 266
1587.87 318
1588.88 422
1589.88 603
1590.89 249
1591.89 251
1592.89 534
1593.9 1168
1594.9 342
1595.91 48
1596.91 174
1597.91 240
1598.92 222
1599.92 395
1600.93 844
1601.93 458
1602.93 139
1603.94 242
1604.94 304
1605.95 702
1606.95 1069
1607.95 232
1608.96 68
1609.96 263
1610.97 220
1611.97 275
1612.97 609
1613.98 492
1614.98 602
1615.99 136
1616.99 240
1617.99 438
1619 363
1620 419
1621.01 720
1622.01 1065
1623.01 203
1624.02 83
1625.02 240
1626.03 241
1627.03 531
1628.03 220
1629.04 355
1630.04 1015
1631.05 265
1632.05 171
1633.05 255
1634.06 915
1635.06 155
1636.07 197
1637.07 274
1638.09 665
1639.09 255
1640.09 972
1641.1 67
1642.1 191
1643.11 285
1644.11 402
1645.11 602
1646.12 206
1647.12 270
1648.13 883
1649.13 1029
1650.13 101
1651.14 89
1652.14 261
1653.15 258
1654.15 384
1655.16 1036
1656.16 81
1657.17 171
1658.17 244
1659.18 267
1660.18 708
1661.18 334
1662.19 314
1663.19 423
1664.2 854
1665.2 841
1666.2 25
1667.21 179
1668.21 213
1669.22 268
1670.22 398
1671.22 565
1672.23 985
1673.24 61
1674.24 174
1675.24 288
1676.25 344
1677.25 340
1678.26 720
1679.26 380
1680.26 520
1681.27 135
1682.27 405
1683.28 463
1684.28 688
1685.28 149
1686.29 276
1687.3 548
1688.3 1231
1689.3 385
1690.31 51
1691.31 225
1692.32 230
1693.32 285
1694.32 771
1695.33 184
1696.33 244
1697.34 296
1698.34 1054
1699.34 781
1700.35 292
1701.35 48
1702.36 195
1703.36 225
1704.36 261
1705.37 314
1706.38 774
1707.38 1159
1708.38 269
1709.39 33
1710.39 140
1711.4 237
1712.4 191
1713.4 283
1714.41 703
1715.41 552
1716.41 192
1717.42 171
1718.42 271
1719.43 918
1720.43 1035
1721.43 87
1722.44 589
1723.44 66
1724.45 221
1725.45 207
1726.45 245
1727.46 234
1728.46 321
1729.47 1038
1730.47 704
1731.47 258
1732.48 40
1733.48 168
1734.49 206
1735.49 224
1736.49 278
1737.5 380
1738.5 761
1739.51 1015
1740.51 297
1741.51 46
1742.52 163
1743.52 283
1744.53 212
1745.53 278
1746.53 1004
1747.54 298
1748.54 140
1749.55 263
1750.55 225
1751.55 689
1752.56 463
1753.56 1092
1754.57 122
1755.57 80
1756.57 260
1757.58 228
1758.58 251
1759.59 491
1760.59 806
1761.59 618
1762.6 59
1763.6 232
1764.61 283
1765.61 290
1766.61 953
1767.62 668
1768.62 44
1769.63 173
1770.63 277
1771.63 220
1772.64 549
1773.64 390
1774.65 732
1775.65 556
1776.65 68
1777.66 223
1778.66 237
1779.67 292
1780.67 782
1781.68 1173
1782.68 395
1783.68 22
1784.69 117
1785.69 229
1786.71 287
1787.72 207
1788.72 441
1789.72 359
1790.73 822
1791.73 122
1792.74 231
1793.74 444
1794.74 1035
1795.75 124
1796.75 154
1797.76 256
1798.76 290
1799.76 660
1800.77 472
1801.77 781
1802.78 61
1803.78 176
1804.79 471
1805.79 254
1806.8 579
1807.8 749
1808.8 164
1809.81 216
