# timestamp	memory footprint (MB)\n
-280.734 0
-264.513 0
-262.939 0
-258.98 0
-257.948 0
-256.915 0
-255.804 0
-254.807 0
-253.808 0
-252.732 0
-251.732 0
-249.885 0
-248.747 0
-247.712 0
-246.706 0
-244.637 0
-243.566 0
-242.383 0
-241.383 0
-240.383 0
-236.827 0
-235.82 0
-234.821 0
-233.6 0
-232.601 0
-229.541 0
-228.537 0
-227.521 0
-225.339 0
-224.338 0
-223.341 0
-222.326 0
-220.049 0
-219.046 0
-216.163 0
-215.165 0
-213.775 0
-212.777 0
-211.769 0
-210.558 0
-209.541 0
-208.539 0
-204.724 0
-203.72 0
-200.829 0
-199.827 0
-198.815 0
-197.812 0
-195.232 0
-194.231 0
-193.228 0
-192.227 0
-188.302 0
-187.301 0
-186.3 0
-183.306 0
-182.301 0
-181.295 0
-180.291 0
-177.555 0
-176.556 0
-175.555 0
-174.554 0
-173.556 0
-169.87 0
-168.859 0
-167.857 0
-165.776 0
-164.77 0
-163.77 0
-162.77 0
-160.041 0
-159.037 0
-158.036 0
-154.023 0
-153.025 0
-152.02 0
-151.011 0
-148.166 0
-147.167 0
-146.17 0
-145.167 0
-142.427 0
-141.422 0
-140.426 0
-139.418 0
-136.616 0
-135.612 0
-134.615 0
-130.662 0
-129.663 0
-128.655 0
-127.654 0
-124.834 0
-123.83 0
-122.822 0
-121.824 0
-120.82 0
-117.121 0
-116.118 0
-115.12 0
-113.084 0
-112.071 0
-111.071 0
-110.068 0
-107.157 0
-106.159 0
-105.16 0
-104.151 0
-101.35 0
-100.344 0
-99.3443 0
-98.3451 0
-95.5635 0
-94.5652 0
-93.5654 0
-92.5623 0
-89.7272 0
-88.7203 0
-87.7182 0
-86.7179 0
-83.045 0
-82.0405 0
-81.0375 0
-80.0342 0
-77.2129 0
-76.2063 0
-75.205 0
-71.1895 0
-70.1874 0
-69.1815 0
-68.1754 0
-65.3059 0
-64.3035 0
-63.2988 0
-60.2677 0
-59.2607 0
-58.2545 0
-57.2498 0
-54.357 0
-53.3499 0
-52.3451 0
-51.3418 0
-49.6468 0
-45.7028 0
-44.6932 0
-41.6582 0
-40.6523 0
-39.6474 0
-38.6446 0
-37.6384 0
-33.8045 0
-32.8042 0
-29.7007 0
-28.7001 0
-27.6935 0
-23.783 0
-22.7796 0
-21.7737 0
-20.7713 0
-17.738 0
-16.6987 0
-15.695 0
-14.6514 0
-13.6512 0
-12.6472 0
-11.6425 0
-10.4216 0
-9.2494 0
-8.24697 0
-7.24291 0
-6.23897 0
-5.23497 0
-4.13757 0
-2.24885 0
-1.24689 0
-0.242859 0
7.47502 0
8.47723 0
9.48126 0
10.4853 0
11.4893 0
12.4933 0
13.4973 0
14.5013 0
15.5074 0
16.5093 0
17.5093 0
18.5093 0
19.5133 0
20.5133 0
21.5133 0
22.5133 0
23.5134 0
24.5132 0
25.5132 0
26.5132 0
27.5132 0
28.5132 0
29.5132 0
30.5132 0
31.5132 0
32.5131 0
33.5132 0
34.5131 0
35.5131 0
36.5131 0
37.5131 0
38.5211 0
39.521 0
40.521 0
41.521 0
42.521 0
43.521 0
44.521 0
45.5209 0
46.5249 0
47.5249 0
48.5249 0
49.5248 0
50.5248 0
51.5248 0
52.5248 0
53.5248 0
54.5247 0
55.5247 0
56.5248 0
57.5247 0
58.5246 0
59.5246 0
60.5246 0
61.5287 0
62.5366 0
63.5365 0
64.5364 0
65.5364 0
66.5364 0
67.5363 0
68.5363 0
69.5363 0
70.5362 0
71.5362 0
72.5362 0
73.5361 0
74.5361 0
75.5361 0
76.5401 0
77.54 0
78.544 0
79.5439 0
80.5439 0
81.5439 0
82.5438 0
83.5438 0
84.5438 0
85.5438 0
86.5437 0
87.5436 0
88.5436 0
89.5444 0
90.5435 0
91.5475 0
92.5474 0
93.5475 0
94.5474 0
95.5473 0
96.5473 0
97.5472 0
98.5472 0
99.5471 0
100.547 0
101.547 0
102.547 0
103.547 0
104.547 0
105.547 0
106.547 0
107.547 0
108.547 0
109.547 0
110.547 0
111.547 0
112.547 0
113.547 0
114.547 0
115.548 0
116.551 0
117.55 0
118.55 0
119.55 0
120.55 0
121.55 0
122.55 0
123.55 0
124.55 0
125.55 0
126.55 0
127.55 0
128.55 0
129.55 0
130.55 0
131.55 0
132.55 0
133.552 0
134.558 0
135.557 0
136.557 0
137.557 0
138.558 0
139.557 0
140.557 0
141.557 0
142.557 0
143.557 0
144.557 0
145.557 0
146.557 0
147.559 0
148.557 0
149.557 0
150.557 0
151.587 0
152.585 0
153.585 0
154.585 0
155.584 0
156.584 0
157.584 0
158.584 0
159.586 0
160.584 0
161.584 0
162.584 0
163.584 0
164.588 0
165.592 0
166.592 0
167.592 0
168.592 0
169.592 0
170.592 0
171.593 0
172.592 0
173.6 0
174.604 0
175.608 0
176.613 0
177.616 0
178.616 0
179.62 0
180.624 0
181.628 0
182.632 0
183.637 0
184.641 0
185.645 0
186.649 0
187.653 0
188.659 0
189.661 0
190.665 0
191.669 0
192.673 0
193.681 0
194.685 0
195.689 0
196.693 0
197.697 0
198.702 0
199.707 0
200.71 0
201.714 0
202.718 0
203.722 0
204.726 0
205.73 0
206.734 0
207.739 0
208.742 0
209.746 0
210.75 0
211.754 0
212.758 0
213.763 0
214.766 0
215.77 0
216.775 0
217.791 0
218.795 0
219.799 0
220.803 0
221.807 0
222.811 0
223.815 0
224.819 0
225.823 0
226.827 0
227.831 0
228.835 0
229.839 0
230.843 0
231.848 0
232.851 0
233.855 0
234.86 0
235.864 0
236.868 0
237.871 0
238.876 0
239.879 0
240.884 0
241.888 0
242.892 0
243.896 0
244.9 0
245.904 0
246.908 0
247.912 0
248.918 0
249.92 0
250.924 0
251.928 0
252.932 0
253.936 0
254.94 0
255.949 0
256.955 0
257.956 0
258.96 0
259.964 0
260.964 0
261.968 0
262.972 0
263.976 0
264.982 0
265.984 0
266.988 0
267.992 0
268.996 0
270.001 0
271.005 0
272.011 0
273.012 0
274.016 0
275.02 0
276.024 0
277.028 0
278.033 0
279.036 0
280.04 0
281.044 0
282.048 0
283.053 0
284.057 0
285.06 0
286.064 0
287.069 0
288.073 0
289.08 0
290.081 0
291.085 0
292.089 0
293.093 0
294.097 0
295.101 0
296.105 0
297.109 0
298.113 0
299.117 0
300.121 0
301.125 0
302.129 0
303.133 0
304.137 0
305.141 0
306.145 0
307.149 0
308.153 0
309.158 0
310.161 0
311.165 0
312.169 0
313.173 0
314.178 0
315.181 0
316.185 0
317.185 0
318.189 0
319.189 0
320.189 0
321.189 0
322.189 0
323.19 0
324.189 0
325.189 0
326.189 0
327.189 0
328.189 0
329.189 0
330.189 0
331.189 0
332.189 0
333.189 0
334.189 0
335.189 0
336.189 0
337.189 0
338.189 0
339.189 0
340.189 0
341.189 0
342.189 0
343.189 0
344.189 0
345.189 0
346.189 0
347.189 0
348.188 0
349.189 0
350.189 0
351.188 0
352.189 0
353.189 1
354.188 0
355.188 0
356.189 0
357.188 0
358.188 0
359.189 0
360.188 0
361.188 0
362.188 0
363.188 0
364.188 0
365.189 0
366.188 0
367.188 0
368.188 0
369.189 3
370.188 0
371.188 0
372.188 0
373.189 0
374.192 0
375.192 0
376.192 0
377.192 2
378.193 0
379.192 0
380.192 1
381.192 0
382.196 0
383.196 0
384.196 1
385.196 0
386.196 0
387.196 1
388.196 0
389.196 0
390.197 1
391.196 3
392.196 0
393.197 0
394.196 0
395.196 0
396.196 2
397.196 0
398.196 0
399.203 8
400.2 4
401.2 2
402.2 0
403.203 0
404.204 0
405.204 0
406.204 0
407.204 0
408.204 0
409.204 0
410.204 8
411.203 4
412.204 12
413.203 20
414.203 6
415.203 2
416.203 0
417.203 0
418.203 0
419.203 0
420.204 0
421.204 0
422.203 0
423.208 0
424.207 0
425.207 4
426.207 0
427.207 0
428.207 0
429.207 2
430.207 2
431.207 0
432.207 1
433.208 0
434.208 4
435.208 12
436.207 21
437.249 17
438.247 14
439.247 9
440.247 6
441.247 2
442.247 0
443.251 0
444.251 0
445.251 0
446.251 0
447.251 0
448.252 1
449.251 0
450.251 0
451.25 0
452.252 7
453.251 18
454.251 26
455.25 15
456.25 11
457.25 8
458.25 5
459.25 1
460.25 0
461.25 0
462.25 0
463.25 0
464.25 0
465.25 0
466.251 0
467.25 0
468.25 0
469.25 0
470.25 1
471.251 11
472.251 20
473.273 27
474.27 16
475.27 13
476.27 8
477.274 3
478.282 0
479.282 0
480.282 0
481.302 0
482.302 1
483.302 0
484.302 0
485.302 0
486.301 0
487.302 0
488.302 2
489.301 0
490.301 0
491.301 0
492.301 4
493.309 0
494.309 0
495.309 0
496.318 6
497.325 14
498.321 3
499.321 0
500.321 0
501.321 0
502.322 2
503.321 0
504.321 3
505.321 11
506.321 4
507.321 0
508.321 0
509.337 0
510.337 6
511.344 0
512.341 0
513.341 7
514.342 0
515.341 0
516.357 0
517.358 2
518.356 0
519.356 0
520.356 4
521.357 0
522.357 1
523.356 0
524.356 1
525.356 0
526.356 2
527.364 0
528.365 2
529.364 1
530.369 4
531.37 3
532.368 0
533.368 0
534.368 2
535.368 3
536.368 0
537.37 2
538.368 0
539.368 0
540.368 2
541.368 2
542.368 0
543.369 2
544.37 0
545.371 1
546.371 2
547.367 1
548.369 1
549.368 2
550.367 2
551.367 0
552.373 3
553.371 0
554.371 0
555.371 1
556.371 1
557.371 0
558.371 0
559.371 1
560.371 0
561.371 2
562.372 1
563.371 1
564.371 0
565.371 5
566.371 0
567.374 5
568.371 0
569.371 1
570.371 0
571.371 0
572.371 3
573.371 0
574.372 4
575.37 0
576.371 2
577.37 1
578.371 0
579.37 0
580.37 0
581.37 0
582.37 3
583.37 0
584.371 1
585.371 0
586.37 0
587.37 0
588.373 2
589.37 0
590.378 2
591.374 0
592.374 2
593.374 0
594.374 0
595.374 7
596.378 0
597.378 0
598.391 6
599.39 0
600.39 0
601.392 6
602.389 0
603.409 2
604.405 0
605.415 2
606.414 1
607.413 0
608.413 0
609.413 1
610.413 0
611.413 2
612.413 0
613.413 0
614.413 0
615.413 0
616.413 0
617.419 0
618.419 0
619.417 1
620.417 0
621.417 1
622.417 1
623.417 0
624.417 0
625.417 1
626.417 0
627.417 5
628.416 0
629.416 1
630.426 4
631.424 2
632.424 0
633.424 0
634.424 5
635.424 1
636.424 0
637.425 2
638.424 0
639.428 2
640.428 0
641.428 3
642.428 1
643.428 1
644.428 8
645.428 0
646.428 0
647.428 0
648.428 1
649.428 3
650.429 0
651.428 0
652.431 5
653.428 4
654.428 0
655.428 0
656.428 3
657.427 0
658.427 0
659.428 1
660.427 0
661.428 0
662.433 4
663.431 0
664.432 1
665.431 1
666.431 0
667.431 0
668.431 8
669.431 0
670.431 0
671.431 1
672.431 4
673.431 0
674.431 0
675.431 0
676.431 1
677.431 3
678.431 0
679.442 4
680.438 0
681.439 1
682.441 0
683.438 2
684.438 2
685.438 0
686.443 3
687.446 0
688.451 0
689.455 1
690.459 0
691.463 0
692.467 4
693.471 0
694.487 0
695.491 2
696.495 0
697.5 0
698.504 0
699.508 1
700.517 0
701.52 0
702.525 1
703.524 0
704.528 0
705.532 0
706.538 0
707.541 1
708.545 3
709.549 0
710.553 4
711.557 0
712.561 3
713.565 0
714.569 0
715.573 0
716.577 0
717.582 1
718.587 0
719.59 0
720.594 0
721.598 0
722.602 3
723.606 0
724.61 0
725.615 3
726.623 0
727.627 1
728.631 0
729.635 0
730.639 5
731.643 0
732.649 0
733.651 1
734.655 0
735.659 5
736.667 0
737.676 3
738.684 0
739.69 0
740.692 5
741.696 0
742.7 0
743.705 4
744.71 0
745.713 0
746.735 3
747.736 0
748.74 3
749.744 0
750.749 0
751.753 0
752.796 4
753.797 0
754.801 0
755.805 1
756.809 0
757.813 3
758.817 1
759.821 2
760.825 0
761.83 3
762.833 0
763.837 0
764.842 2
765.846 0
766.85 4
767.854 0
768.858 0
769.863 0
770.868 2
771.87 0
772.874 1
773.878 0
774.884 0
775.887 1
776.89 0
777.894 1
778.899 0
779.907 2
780.911 0
781.915 1
782.919 1
783.929 0
784.931 0
785.935 4
786.939 0
787.943 4
788.948 0
789.952 1
790.956 0
791.959 0
792.963 0
793.971 3
794.972 0
795.977 3
796.98 0
797.984 0
798.989 3
800.004 0
801.008 0
802.012 1
803.015 0
804.016 1
805.02 0
806.024 0
807.028 1
808.033 1
809.036 0
810.045 3
811.049 1
812.055 1
813.057 0
814.062 2
815.065 1
816.069 0
817.078 0
818.081 1
819.085 0
820.093 0
821.097 1
822.102 0
823.105 0
824.12 2
825.121 0
826.129 0
827.13 0
828.134 0
829.138 0
830.147 0
831.15 1
832.16 0
833.162 0
834.166 2
835.173 0
836.18 0
837.182 3
838.186 0
839.19 1
840.194 0
841.198 0
842.202 1
843.206 0
844.211 0
845.215 0
846.218 0
847.223 1
848.227 0
849.235 2
850.239 0
851.243 1
852.247 0
853.251 1
854.258 0
855.259 0
856.263 0
857.267 0
858.272 0
859.275 0
860.279 4
861.283 0
862.288 2
863.291 0
864.295 0
865.299 0
866.304 1
867.307 1
868.311 0
869.315 0
870.32 0
871.324 1
872.328 0
873.332 1
874.336 0
875.34 0
876.344 0
877.368 0
878.373 0
879.376 1
880.38 0
881.384 0
882.388 0
883.392 0
884.396 0
885.397 1
886.4 0
887.405 1
888.41 1
889.412 0
890.416 0
891.42 0
892.425 1
893.429 3
894.432 0
895.439 0
896.44 2
897.445 0
898.449 2
899.453 0
900.457 1
901.461 2
902.465 0
903.469 0
904.474 1
905.477 0
906.481 1
907.485 0
908.489 0
909.493 0
910.497 0
911.501 0
912.505 1
913.509 1
914.513 1
915.517 0
916.521 0
917.525 0
918.53 2
919.533 1
920.537 0
921.541 1
922.545 1
923.549 0
924.56 1
925.561 2
926.567 0
927.571 1
928.574 2
929.578 0
930.583 1
931.586 0
932.59 1
933.594 0
934.598 0
935.602 0
936.606 0
937.61 0
938.614 0
939.618 0
940.625 1
941.626 2
942.63 0
943.634 0
944.638 0
945.643 0
946.646 0
947.651 0
948.654 0
949.658 0
950.662 0
951.666 0
952.67 0
953.674 0
954.678 0
955.685 0
956.687 0
957.69 2
958.695 0
959.698 1
960.702 0
961.707 2
962.71 0
963.714 0
964.719 0
965.723 0
966.726 2
967.731 1
968.734 0
969.738 1
970.743 1
971.747 2
972.751 1
973.759 0
974.763 1
975.767 0
976.771 1
977.775 0
978.779 2
979.785 1
980.788 1
981.791 2
982.795 0
983.799 0
984.803 0
985.807 0
986.811 1
987.823 2
988.827 0
989.832 2
990.835 0
991.839 0
992.843 0
993.848 0
994.851 0
995.855 1
996.859 2
997.866 0
998.867 0
999.876 0
1000.88 0
1001.88 1
1002.89 0
1003.89 1
1004.9 0
1005.9 0
1006.91 3
1007.91 0
1008.91 3
1009.92 0
1010.93 3
1011.94 0
1012.94 0
1013.94 0
1014.95 0
1015.95 0
1016.96 3
1017.96 0
1018.96 0
1019.97 0
1020.97 3
1021.98 0
1022.98 3
1023.98 0
1024.99 0
1025.99 0
1027 1
1028 1
1029 1
1030.01 0
1031.01 1
1032.03 0
1033.03 0
1034.03 1
1035.04 2
1036.04 0
1037.04 0
1038.05 0
1039.05 0
1040.06 0
1041.06 0
1042.06 0
1043.07 0
1044.07 0
1045.08 1
1046.08 0
1047.08 1
1048.09 0
1049.09 0
1050.1 2
1051.1 0
1052.1 3
1053.11 0
1054.11 0
1055.12 2
1056.12 0
1057.13 3
1058.13 0
1059.14 2
1060.14 0
1061.15 0
1062.15 1
1063.16 0
1064.16 1
1065.16 0
1066.17 0
1067.17 1
1068.18 0
1069.18 0
1070.18 0
1071.19 0
1072.19 0
1073.2 0
1074.2 0
1075.2 2
1076.21 0
1077.22 0
1078.22 0
1079.22 0
1080.23 0
1081.23 2
1082.24 3
1083.24 0
1084.25 0
1085.25 2
1086.26 0
1087.26 3
1088.26 0
1089.28 2
1090.28 0
1091.28 0
1092.29 0
1093.29 0
1094.3 0
1095.3 2
1096.3 0
1097.31 1
1098.31 0
1099.32 0
1100.32 0
1101.32 3
1102.33 0
1103.33 0
1104.34 0
1105.34 0
1106.35 0
1107.35 0
1108.36 0
1109.36 0
1110.36 0
1111.37 2
1112.37 0
1113.38 1
1114.38 0
1115.38 0
1116.39 0
1117.4 1
1118.4 0
1119.4 1
1120.4 0
1121.4 1
1122.41 0
1123.41 1
1124.41 1
1125.42 0
1126.42 1
1127.42 0
1128.42 0
1129.43 2
1130.43 0
1131.43 0
1132.43 1
1133.43 0
1134.43 1
1135.43 0
1136.43 0
1137.43 1
1138.43 0
1139.43 0
1140.43 0
1141.43 1
1142.43 0
1143.43 0
1144.43 0
1145.43 0
1146.43 0
1147.43 0
1148.43 0
1149.43 0
1150.43 0
1151.43 0
1152.43 1
1153.43 0
1154.43 1
1155.43 0
1156.43 0
1157.43 0
1158.43 0
1159.43 0
1160.43 0
1161.43 1
1162.43 0
1163.43 1
1164.43 1
1165.43 2
1166.43 0
1167.43 3
1168.43 0
1169.43 3
1170.43 0
1171.43 0
1172.43 0
1173.43 0
1174.43 0
1175.43 0
1176.43 0
1177.43 0
1178.43 0
1179.43 0
1180.43 0
1181.43 0
1182.43 1
1183.43 2
1184.43 0
1185.43 1
1186.43 0
1187.43 0
1188.44 0
1189.44 2
1190.44 0
1191.44 0
1192.44 0
1193.44 1
1194.44 1
1195.44 0
1196.44 0
1197.44 0
1198.44 1
1199.44 0
1200.44 2
1201.44 0
1202.44 0
1203.44 0
1204.44 0
1205.44 1
1206.44 0
1207.44 0
1208.44 0
1209.44 0
1210.44 1
1211.44 0
1212.44 0
1213.44 0
1214.44 0
1215.44 0
1216.44 0
1217.44 0
1218.44 0
1219.44 0
1220.44 1
1221.44 0
1222.44 2
1223.44 0
1224.44 3
1225.44 1
1226.44 0
1227.44 0
1228.44 0
1229.44 0
1230.44 0
1231.44 0
1232.44 0
1233.44 0
1234.44 0
1235.44 0
1236.44 0
1237.44 0
1238.44 0
1239.44 2
1240.44 0
1241.45 1
1242.46 0
