# timestamp	command count (MB)\n
-280.734 0
-264.513 0
-262.939 0
-258.98 0
-257.948 0
-256.915 0
-255.804 0
-254.807 0
-253.808 0
-252.732 0
-251.732 0
-249.885 0
-248.747 0
-247.712 0
-246.706 0
-244.637 0
-243.566 0
-242.383 0
-241.383 0
-240.383 0
-236.827 0
-235.82 0
-234.821 0
-233.6 0
-232.601 0
-229.541 0
-228.537 0
-227.521 0
-225.339 0
-224.338 0
-223.341 0
-222.326 0
-220.049 0
-219.046 0
-216.163 0
-215.165 0
-213.775 0
-212.777 0
-211.769 0
-210.558 0
-209.541 0
-208.539 0
-204.724 0
-203.72 0
-200.829 0
-199.827 0
-198.815 0
-197.812 0
-195.232 0
-194.231 0
-193.228 0
-192.227 0
-188.302 0
-187.301 0
-186.3 0
-183.306 0
-182.301 0
-181.295 0
-180.291 0
-177.555 0
-176.556 0
-175.555 0
-174.554 0
-173.556 0
-169.87 0
-168.859 0
-167.857 0
-165.776 0
-164.77 0
-163.77 0
-162.77 0
-160.041 0
-159.037 0
-158.036 0
-154.023 0
-153.025 0
-152.02 0
-151.011 0
-148.166 0
-147.167 0
-146.17 0
-145.167 0
-142.427 0
-141.422 0
-140.426 0
-139.418 0
-136.616 0
-135.612 0
-134.615 0
-130.662 0
-129.663 0
-128.655 0
-127.654 0
-124.834 0
-123.83 0
-122.822 0
-121.824 0
-120.82 0
-117.121 0
-116.118 0
-115.12 0
-113.084 0
-112.071 0
-111.071 0
-110.068 0
-107.157 0
-106.159 0
-105.16 0
-104.151 0
-101.35 0
-100.344 0
-99.3443 0
-98.3451 0
-95.5635 0
-94.5652 0
-93.5654 0
-92.5623 0
-89.7272 0
-88.7203 0
-87.7182 0
-86.7179 0
-83.045 0
-82.0405 0
-81.0375 0
-80.0342 0
-77.2129 0
-76.2063 0
-75.205 0
-71.1895 0
-70.1874 0
-69.1815 0
-68.1754 0
-65.3059 0
-64.3035 0
-63.2988 0
-60.2677 0
-59.2607 0
-58.2545 0
-57.2498 0
-54.357 0
-53.35 0
-52.3451 0
-51.3418 0
-49.6468 0
-45.7028 0
-44.6932 0
-41.6582 0
-40.6523 0
-39.6474 0
-38.6446 0
-37.6384 0
-33.8045 0
-32.8042 0
-29.7007 0
-28.7001 0
-27.6935 0
-23.783 0
-22.7796 0
-21.7737 0
-20.7713 0
-17.738 0
-16.6987 0
-15.695 0
-14.6515 0
-13.6512 0
-12.6472 0
-11.6425 0
-10.4216 0
-9.2494 0
-8.24697 0
-7.24292 0
-6.23897 0
-5.23497 0
-4.13757 0
-2.24886 0
-1.24689 0
-0.242861 0
7.47502 0
8.47722 0
9.48125 0
10.4852 0
11.4893 0
12.4932 0
13.4973 0
14.5013 0
15.5074 0
16.5093 0
17.5093 0
18.5093 0
19.5133 0
20.5133 0
21.5133 0
22.5133 0
23.5134 0
24.5132 0
25.5132 0
26.5132 0
27.5132 0
28.5132 0
29.5132 0
30.5132 0
31.5132 0
32.5131 0
33.5132 0
34.5131 0
35.5131 0
36.5131 0
37.5131 0
38.5211 0
39.521 0
40.521 0
41.521 0
42.521 0
43.521 0
44.521 0
45.5209 0
46.5249 0
47.5249 0
48.5249 0
49.5248 0
50.5248 0
51.5248 0
52.5248 0
53.5248 0
54.5247 0
55.5247 0
56.5248 0
57.5246 0
58.5246 0
59.5246 0
60.5246 0
61.5287 0
62.5366 0
63.5365 0
64.5364 0
65.5364 0
66.5364 0
67.5363 0
68.5363 0
69.5363 0
70.5362 0
71.5362 0
72.5362 0
73.5361 0
74.5361 0
75.5361 0
76.5401 0
77.54 0
78.544 0
79.5439 0
80.5439 0
81.5439 1
82.5438 0
83.5438 1
84.5438 1
85.5438 1
86.5437 2
87.5436 4
88.5436 8
89.5444 21
90.5435 10
91.5475 7
92.5474 23
93.5475 60
94.5474 63
95.5473 86
96.5473 81
97.5472 76
98.5472 72
99.5471 95
100.547 97
101.547 75
102.547 101
103.547 96
104.547 83
105.547 112
106.547 94
107.547 108
108.547 114
109.547 98
110.547 115
111.547 114
112.547 99
113.547 116
114.547 127
115.548 107
116.551 113
117.55 123
118.55 110
119.55 123
120.55 117
121.55 109
122.55 110
123.55 113
124.55 111
125.55 116
126.55 130
127.55 123
128.55 91
129.55 128
130.55 116
131.55 115
132.55 118
133.552 126
134.558 124
135.557 112
136.557 129
137.557 121
138.558 127
139.557 114
140.557 129
141.557 121
142.557 118
143.557 109
144.557 127
145.557 113
146.557 133
147.559 116
148.557 125
149.557 115
150.557 126
151.587 115
152.585 123
153.585 114
154.585 114
155.584 121
156.584 123
157.584 108
158.584 130
159.586 120
160.584 115
161.584 125
162.584 133
163.584 116
164.588 122
165.592 130
166.592 120
167.592 128
168.592 118
169.592 133
170.592 122
171.593 131
172.592 121
173.6 124
174.604 125
175.608 121
176.613 131
177.616 133
178.616 129
179.62 118
180.624 135
181.628 114
182.632 134
183.637 130
184.641 129
185.645 135
186.649 132
187.653 148
188.659 136
189.661 126
190.665 146
191.669 123
192.673 133
193.681 124
194.685 136
195.689 132
196.693 139
197.697 131
198.702 139
199.707 146
200.71 140
201.714 137
202.718 132
203.722 151
204.726 148
205.73 125
206.734 135
207.739 128
208.742 152
209.746 132
210.75 140
211.754 142
212.758 140
213.763 155
214.766 134
215.77 139
216.775 146
217.791 147
218.795 141
219.799 140
220.803 135
221.807 142
222.811 152
223.815 141
224.819 134
225.823 153
226.827 153
227.831 154
228.835 140
229.839 153
230.843 152
231.848 121
232.851 148
233.855 154
234.86 148
235.864 138
236.868 163
237.871 141
238.876 168
239.879 144
240.884 154
241.888 148
242.892 163
243.896 151
244.9 146
245.904 159
246.908 151
247.912 151
248.918 163
249.92 158
250.924 186
251.928 155
252.932 148
253.936 164
254.94 131
255.949 177
256.955 149
257.956 154
258.96 168
259.964 151
260.964 165
261.968 155
262.972 149
263.976 173
264.982 148
265.984 149
266.988 159
267.992 163
268.996 161
270.001 165
271.005 169
272.011 143
273.012 169
274.016 175
275.02 164
276.024 164
277.028 183
278.033 177
279.036 163
280.04 172
281.044 154
282.048 194
283.053 187
284.057 164
285.06 195
286.064 172
287.069 190
288.073 201
289.08 186
290.081 168
291.085 187
292.089 212
293.093 197
294.097 169
295.101 208
296.105 191
297.109 182
298.113 194
299.117 208
300.121 206
301.125 149
302.129 183
303.133 196
304.137 209
305.141 206
306.145 194
307.149 202
308.153 220
309.158 225
310.161 219
311.165 190
312.169 204
313.173 212
314.178 206
315.181 205
316.185 191
317.185 185
318.189 213
319.189 195
320.189 190
321.189 222
322.189 195
323.19 195
324.189 253
325.189 212
326.189 166
327.189 203
328.189 226
329.189 245
330.189 207
331.189 193
332.189 268
333.189 207
334.189 227
335.189 250
336.189 248
337.189 231
338.189 207
339.189 259
340.189 238
341.189 210
342.189 255
343.189 278
344.189 205
345.189 255
346.189 299
347.189 214
348.188 332
349.189 205
350.189 273
351.188 242
352.189 269
353.189 309
354.188 172
355.188 226
356.189 273
357.188 282
358.188 254
359.189 283
360.188 278
361.188 180
362.188 243
363.188 268
364.188 275
365.189 306
366.188 245
367.188 308
368.188 269
369.189 560
370.188 203
371.188 87
372.188 200
373.189 272
374.192 238
375.192 407
376.192 191
377.192 495
378.193 151
379.192 208
380.192 356
381.192 335
382.196 240
383.196 297
384.196 464
385.196 215
386.196 473
387.196 591
388.196 109
389.196 218
390.197 463
391.196 808
392.196 92
393.197 118
394.196 232
395.196 345
396.196 534
397.196 195
398.196 322
399.203 1088
400.2 98
401.2 841
402.2 15
403.203 27
404.204 159
405.204 280
406.204 259
407.204 339
408.204 462
409.204 278
410.204 1198
411.203 111
412.204 1283
413.203 174
414.203 323
415.203 590
416.203 2
417.203 3
418.203 38
419.203 117
420.204 198
421.204 242
422.203 243
423.208 287
424.207 313
425.207 748
426.207 99
427.207 234
428.207 377
429.207 594
430.207 620
431.207 101
432.207 427
433.208 330
434.208 712
435.208 1287
436.207 154
437.249 0
438.247 395
439.247 1435
440.247 335
441.247 3
442.247 3
443.251 9
444.251 79
445.251 127
446.251 171
447.251 239
448.252 273
449.251 179
450.251 321
451.25 307
452.252 1118
453.251 929
454.251 0
455.25 131
456.25 829
457.25 463
458.25 598
459.25 3
460.25 6
461.25 53
462.25 141
463.25 206
464.25 228
465.25 259
466.251 271
467.25 273
468.25 501
469.25 184
470.25 381
471.251 1485
472.251 410
473.273 0
474.27 231
475.27 394
476.27 794
477.274 676
478.282 17
479.282 71
480.282 145
481.302 200
482.302 286
483.302 157
484.302 307
485.302 346
486.301 416
487.302 359
488.302 955
489.301 92
490.301 227
491.301 464
492.301 1063
493.309 83
494.309 206
495.309 346
496.318 1066
497.325 1085
498.321 100
499.321 90
500.321 248
501.321 278
502.322 491
503.321 304
504.321 674
505.321 1154
506.321 40
507.321 141
508.321 207
509.337 319
510.337 939
511.344 102
512.341 260
513.341 1120
514.342 276
515.341 202
516.357 296
517.358 805
518.356 169
519.356 273
520.356 910
521.357 205
522.357 600
523.356 252
524.356 716
525.356 248
526.356 816
527.364 225
528.365 723
529.364 275
530.369 782
531.37 772
532.368 112
533.368 259
534.368 519
535.368 577
536.368 348
537.37 506
538.368 563
539.368 267
540.368 684
541.368 600
542.368 510
543.369 476
544.37 453
545.371 548
546.371 580
547.367 482
548.369 612
549.368 531
550.367 620
551.367 567
552.373 731
553.371 272
554.371 672
555.371 528
556.371 515
557.371 683
558.371 250
559.371 782
560.371 247
561.371 660
562.372 407
563.371 686
564.371 279
565.371 794
566.371 235
567.374 862
568.371 223
569.371 449
570.371 760
571.371 285
572.371 803
573.371 370
574.372 773
575.37 354
576.371 546
577.37 556
578.371 324
579.37 605
580.37 332
581.37 632
582.37 685
583.37 319
584.371 688
585.371 460
586.37 571
587.37 636
588.373 545
589.37 518
590.378 571
591.374 457
592.374 590
593.374 519
594.374 330
595.374 1158
596.378 118
597.378 266
598.391 983
599.39 152
600.39 303
601.392 891
602.389 128
603.409 538
604.405 358
605.415 506
606.414 403
607.413 584
608.413 310
609.413 713
610.413 241
611.413 615
612.413 344
613.413 532
614.413 423
615.413 538
616.413 523
617.419 590
618.419 358
619.417 577
620.417 495
621.417 499
622.417 515
623.417 588
624.417 570
625.417 668
626.417 325
627.416 876
628.416 165
629.416 436
630.426 797
631.424 654
632.424 141
633.424 319
634.424 807
635.424 353
636.424 233
637.425 670
638.424 219
639.428 706
640.428 228
641.428 628
642.428 475
643.428 362
644.428 1063
645.428 74
646.428 218
647.428 386
648.428 452
649.428 849
650.429 112
651.428 259
652.431 959
653.428 656
654.428 76
655.428 227
656.428 611
657.427 477
658.427 248
659.428 320
660.427 574
661.428 266
662.433 679
663.431 420
664.432 501
665.431 791
666.431 242
667.431 331
668.431 1189
669.431 143
670.431 239
671.431 496
672.431 872
673.431 82
674.431 238
675.431 397
676.431 422
677.431 687
678.431 185
679.442 711
680.438 245
681.439 473
682.441 324
683.438 638
684.438 484
685.438 365
686.443 629
687.446 466
688.451 279
689.455 436
690.459 618
691.463 257
692.467 743
693.471 215
694.487 358
695.491 629
696.495 457
697.5 363
698.504 553
699.508 624
700.517 273
701.52 582
702.525 430
703.524 583
704.528 316
705.532 696
706.538 324
707.541 559
708.545 666
709.549 317
710.553 754
711.557 204
712.561 680
713.565 219
714.569 441
715.573 367
716.577 587
717.582 503
718.587 419
719.59 542
720.594 623
721.598 300
722.602 708
723.606 274
724.61 590
725.615 747
726.623 270
727.627 503
728.631 540
729.635 363
730.639 827
731.643 176
732.649 402
733.651 620
734.655 323
735.659 860
736.667 188
737.676 633
738.684 472
739.69 265
740.692 809
741.696 165
742.7 353
743.705 774
744.71 278
745.713 274
746.735 663
747.736 348
748.74 619
749.744 421
750.749 304
751.753 471
752.796 865
753.797 413
754.801 335
755.805 441
756.809 485
757.813 640
758.817 292
759.821 576
760.825 389
761.83 646
762.833 351
763.837 354
764.842 761
765.846 229
766.85 755
767.854 385
768.858 280
769.863 408
770.868 590
771.87 377
772.874 613
773.878 400
774.884 578
775.887 453
776.89 435
777.894 526
778.899 407
779.907 650
780.911 453
781.915 433
782.919 578
783.929 500
784.931 471
785.935 742
786.939 252
787.943 721
788.948 255
789.952 444
790.956 488
791.959 559
792.963 514
793.971 694
794.972 317
795.977 598
796.98 349
797.984 513
798.989 651
800.004 360
801.008 436
802.012 752
803.015 242
804.016 493
805.02 530
806.024 483
807.028 611
808.033 401
809.036 516
810.045 651
811.049 289
812.055 614
813.057 463
814.062 539
815.065 404
816.069 456
817.078 610
818.081 427
819.085 590
820.093 440
821.097 626
822.102 316
823.105 553
824.12 618
825.121 287
826.129 542
827.13 493
828.134 395
829.138 592
830.147 502
831.15 466
832.16 737
833.162 283
834.166 585
835.173 398
836.18 541
837.182 655
838.186 334
839.19 607
840.194 292
841.198 466
842.202 665
843.206 280
844.211 391
845.215 394
846.218 653
847.223 388
848.227 515
849.235 555
850.239 379
851.243 538
852.247 382
853.251 461
854.258 503
855.259 287
856.263 586
857.267 370
858.272 570
859.275 282
860.279 751
861.283 194
862.288 468
863.291 470
864.295 300
865.299 532
866.304 395
867.307 548
868.311 247
869.315 457
870.32 403
871.324 771
872.328 243
873.332 572
874.336 329
875.34 711
876.344 216
877.368 549
878.373 381
879.376 521
880.38 476
881.384 552
882.388 490
883.392 424
884.396 499
885.397 552
886.4 499
887.405 484
888.41 532
889.412 423
890.416 514
891.42 510
892.425 493
893.429 585
894.432 292
895.439 665
896.44 573
897.445 335
898.449 591
899.453 354
900.457 358
901.461 431
902.465 386
903.469 464
904.474 492
905.477 480
906.481 520
907.485 464
908.489 327
909.493 725
910.497 168
911.501 345
912.505 761
913.509 247
914.513 323
915.517 478
916.521 299
917.525 472
918.53 553
919.533 435
920.537 501
921.541 596
922.545 394
923.549 457
924.56 527
925.561 560
926.567 420
927.571 503
928.574 553
929.578 415
930.583 454
931.586 543
932.59 357
933.594 484
934.598 405
935.602 530
936.606 429
937.61 394
938.614 629
939.618 411
940.625 543
941.626 535
942.63 403
943.634 653
944.638 302
945.643 572
946.646 272
947.651 485
948.654 461
949.658 527
950.662 495
951.666 440
952.67 542
953.674 547
954.678 517
955.685 425
956.687 384
957.69 601
958.695 355
959.698 563
960.702 439
961.707 622
962.71 342
963.714 634
964.719 387
965.723 455
966.726 498
967.731 653
968.734 426
969.738 502
970.743 419
971.747 469
972.751 537
973.759 441
974.763 465
975.767 424
976.771 531
977.775 373
978.779 606
979.785 373
980.788 513
981.791 497
982.795 356
983.799 464
984.803 550
985.807 462
986.811 457
987.823 620
988.827 334
989.832 563
990.835 378
991.839 308
992.843 482
993.848 343
994.851 546
995.855 422
996.859 563
997.866 458
998.867 444
999.876 356
1000.88 565
1001.88 605
1002.89 278
1003.89 632
1004.9 215
1005.9 463
1006.91 630
1007.91 194
1008.91 657
1009.92 297
1010.93 600
1011.94 277
1012.94 418
1013.94 284
1014.95 565
1015.95 375
1016.96 684
1017.96 203
1018.96 455
1019.97 437
1020.97 646
1021.98 310
1022.98 761
1023.98 178
1024.99 343
1025.99 418
1027 575
1028 300
1029 378
1030.01 475
1031.01 492
1032.03 364
1033.03 537
1034.03 511
1035.04 507
1036.04 467
1037.04 398
1038.05 397
1039.05 514
1040.06 514
1041.06 419
1042.06 500
1043.07 352
1044.07 567
1045.08 421
1046.08 459
1047.08 552
1048.09 263
1049.09 539
1050.1 587
1051.1 237
1052.1 685
1053.11 279
1054.11 487
1055.12 569
1056.12 327
1057.13 583
1058.13 227
1059.14 620
1060.14 352
1061.15 237
1062.15 617
1063.16 229
1064.16 524
1065.16 272
1066.17 469
1067.17 400
1068.18 414
1069.18 417
1070.18 536
1071.19 411
1072.19 466
1073.2 581
1074.2 294
1075.2 588
1076.21 306
1077.22 571
1078.22 290
1079.22 530
1080.23 498
1081.23 458
1082.24 567
1083.24 190
1084.25 490
1085.25 549
1086.26 328
1087.26 622
1088.26 293
1089.28 589
1090.28 298
1091.28 394
1092.29 489
1093.29 355
1094.3 527
1095.3 418
1096.3 365
1097.31 470
1098.31 589
1099.32 230
1100.32 369
1101.32 655
1102.33 232
1103.33 383
1104.34 553
1105.34 291
1106.35 477
1107.35 391
1108.36 508
1109.36 453
1110.36 435
1111.37 590
1112.37 247
1113.38 704
1114.38 210
1115.38 507
1116.39 319
1117.4 503
1118.4 423
1119.4 411
1120.4 442
1121.4 546
1122.41 448
1123.41 520
1124.41 454
1125.42 400
1126.42 417
1127.42 373
1128.42 497
1129.43 463
1130.43 366
1131.43 393
1132.43 478
1133.43 426
1134.43 533
1135.43 349
1136.43 465
1137.43 481
1138.43 412
1139.43 436
1140.43 478
1141.43 479
1142.43 401
1143.43 487
1144.43 432
1145.43 472
1146.43 423
1147.43 459
1148.43 541
1149.43 273
1150.43 526
1151.43 363
1152.43 389
1153.43 450
1154.43 410
1155.43 459
1156.43 508
1157.43 232
1158.43 643
1159.43 221
1160.43 494
1161.43 408
1162.43 403
1163.43 428
1164.43 497
1165.43 470
1166.43 319
1167.43 609
1168.43 232
1169.43 581
1170.43 235
1171.43 481
1172.43 284
1173.43 468
1174.43 504
1175.43 343
1176.43 475
1177.43 352
1178.43 661
1179.43 212
1180.43 388
1181.43 422
1182.43 497
1183.43 494
1184.43 336
1185.43 437
1186.43 494
1187.43 331
1188.44 452
1189.44 541
1190.44 300
1191.44 337
1192.44 617
1193.44 318
1194.44 391
1195.44 421
1196.44 323
1197.44 406
1198.44 529
1199.44 323
1200.44 532
1201.44 321
1202.44 363
1203.44 487
1204.44 427
1205.44 523
1206.44 554
1207.44 339
1208.44 549
1209.44 430
1210.44 420
1211.44 464
1212.44 441
1213.44 518
1214.44 386
1215.44 450
1216.44 336
1217.44 567
1218.44 409
1219.44 384
1220.44 508
1221.44 341
1222.44 545
1223.44 423
1224.44 617
1225.44 320
1226.44 403
1227.44 321
1228.44 598
1229.44 263
1230.44 494
1231.44 419
1232.44 476
1233.44 445
1234.44 518
1235.44 267
1236.44 402
1237.44 401
1238.44 444
1239.44 510
1240.44 393
1241.45 480
1242.46 405
1243.46 468
