2.0	200.151
4.0	230.915
6.0	213.439
8.0	224.67
10.0	215.74
12.0	233.749
14.0	231.035
16.0	213.046
18.0	254.661
20.0	230.275
22.0	218.115
24.0	261.587
26.0	218.584
28.0	241.916
30.0	243.423
32.0	234.198
34.0	236.996
36.0	233.505
38.0	242.039
40.0	236.721
42.0	226.841
44.0	250.287
46.0	221.859
48.0	203.325
50.0	208.655
52.0	256.626
54.0	228.594
56.0	224.074
58.0	218.834
60.0	212.218
62.0	238.522
64.0	215.672
66.0	222.8
68.0	241.597
70.0	224.268
72.0	223.532
74.0	223.065
76.0	228.576
78.0	224.754
80.0	211.982
82.0	236.667
84.0	221.48
86.0	203.71
88.0	251.425
90.0	217.966
92.0	225.56
94.0	199.781
96.0	244.757
98.0	219.016
100.0	202.739
102.0	209.355
104.0	254.923
106.0	223.982
108.0	227.323
110.0	222.435
112.0	213.009
114.0	205.58
116.0	250.882
118.0	219.951
120.0	203.349
122.0	254.303
124.0	215.09
126.0	227.037
128.0	200.808
130.0	235.161
132.0	206.564
134.0	237.897
136.0	228.28
138.0	225.922
140.0	210.778
142.0	220.851
144.0	222.309
146.0	200.308
148.0	204.399
150.0	252.769
152.0	222.506
154.0	197.899
156.0	229.359
158.0	201.242
160.0	239.825
162.0	232.757
164.0	216.77
166.0	225.571
168.0	206.494
170.0	209.824
172.0	254.192
174.0	223.361
176.0	222.146
178.0	218.386
180.0	210.85
182.0	244.574
184.0	211.175
186.0	215.004
188.0	232.189
190.0	201.987
192.0	227.19
194.0	214.713
196.0	226.973
198.0	230.077
200.0	228.18
202.0	225.602
204.0	213.057
206.0	237.575
208.0	221.766
210.0	207.43
212.0	228.996
214.0	228.979
216.0	203.049
218.0	244.683
220.0	216.742
222.0	220.714
224.0	222.621
226.0	207.444
228.0	233.507
230.0	212.156
232.0	214.86
234.0	244.303
236.0	209.102
238.0	214.703
240.0	235.262
242.0	219.276
244.0	214.261
246.0	219.78
248.0	224.357
250.0	221.478
252.0	205.298
254.0	241.337
256.0	222.132
258.0	207.541
260.0	226.861
262.0	225.462
264.0	231.244
266.0	221.361
268.0	203.236
270.0	240.53
272.0	214.516
274.0	201.285
276.0	235.567
278.0	202.758
280.0	205.279
282.0	253.962
284.0	228.942
286.0	219.841
288.0	224.921
290.0	213.824
292.0	225.242
294.0	222.908
296.0	205.392
298.0	203.304
300.0	230.99
302.0	230.213
304.0	226.525
306.0	216.005
308.0	218.535
310.0	181.844
312.0	182.791
314.0	203.787
316.0	182.442
318.0	183.332
320.0	203.57
322.0	196.604
324.0	212.074
326.0	202.294
328.0	184.928
330.0	208.717
332.0	180.255
334.0	181.032
336.0	178.271
338.0	195.723
340.0	181.235
342.0	184.009
344.0	212.755
346.0	186.101
348.0	167.187
350.0	178.911
352.0	208.692
354.0	197.388
356.0	180.792
358.0	184.075
360.0	196.665
362.0	192.865
364.0	187.092
366.0	178.007
368.0	183.796
370.0	202.096
372.0	193.124
374.0	182.498
376.0	184.225
378.0	184.11
380.0	205.52
382.0	188.85
384.0	184.0
386.0	180.316
388.0	199.256
390.0	186.165
392.0	185.922
394.0	182.387
396.0	181.841
398.0	180.934
400.0	183.998
402.0	204.963
404.0	194.652
406.0	219.195
408.0	179.779
410.0	182.311
412.0	179.48
414.0	177.149
416.0	199.32
418.0	185.765
420.0	184.304
422.0	180.529
424.0	192.652
426.0	178.202
428.0	180.967
430.0	184.97
432.0	182.028
434.0	204.499
436.0	187.65
438.0	181.671
440.0	191.695
442.0	175.955
444.0	179.884
446.0	180.887
448.0	203.155
450.0	179.766
452.0	179.605
454.0	181.307
456.0	132.993
458.0	179.814
460.0	182.15
462.0	193.984
464.0	185.449
466.0	180.99
468.0	180.216
470.0	196.268
472.0	196.242
474.0	185.679
476.0	177.967
478.0	179.559
480.0	217.493
482.0	128.757
484.0	137.324
486.0	178.871
488.0	180.037
490.0	185.641
492.0	181.725
494.0	181.111
496.0	155.911
498.0	181.638
500.0	183.566
502.0	183.472
504.0	180.905
506.0	178.167
508.0	173.309
510.0	189.148
512.0	176.114
514.0	180.836
516.0	177.895
518.0	174.018
520.0	181.085
522.0	174.98
524.0	175.012
526.0	179.377
528.0	174.836
530.0	180.572
532.0	175.479
534.0	178.966
536.0	179.061
538.0	174.246
540.0	176.594
542.0	176.316
544.0	182.558
546.0	190.913
548.0	198.35
550.0	174.025
552.0	175.773
554.0	171.307
556.0	176.03
558.0	173.043
560.0	174.829
562.0	187.03
564.0	170.642
566.0	184.542
568.0	175.731
570.0	173.607
572.0	172.779
574.0	172.101
576.0	182.017
578.0	172.103
580.0	183.416
582.0	173.34
584.0	169.678
586.0	174.032
588.0	184.895
590.0	176.913
592.0	180.695
594.0	170.305
596.0	172.515
598.0	174.93
600.0	172.536
602.0	188.644
604.0	166.605
606.0	158.685
608.0	180.224
610.0	176.163
612.0	174.293
614.0	183.52
616.0	183.2
618.0	189.725
620.0	173.838
622.0	176.147
624.0	172.558
626.0	187.791
628.0	176.592
630.0	175.115
632.0	176.349
634.0	171.665
636.0	182.439
638.0	153.307
640.0	154.529
642.0	153.234
644.0	149.898
646.0	152.0
648.0	150.505
650.0	161.626
652.0	169.991
654.0	167.087
656.0	179.035
658.0	152.245
660.0	149.467
662.0	149.773
664.0	151.904
666.0	159.376
668.0	154.28
670.0	169.606
672.0	166.352
674.0	170.388
676.0	178.584
678.0	180.361
680.0	156.743
682.0	137.655
684.0	136.903
686.0	137.429
688.0	164.247
690.0	163.998
692.0	154.396
694.0	166.174
696.0	172.806
698.0	151.501
700.0	162.455
702.0	172.457
704.0	165.323
706.0	153.602
708.0	160.484
710.0	158.892
712.0	163.288
714.0	154.614
716.0	173.481
718.0	168.245
720.0	165.552
722.0	140.757
724.0	156.817
726.0	145.733
728.0	156.345
730.0	153.422
732.0	155.053
734.0	166.357
736.0	165.463
738.0	171.774
740.0	145.915
742.0	136.515
744.0	141.155
746.0	161.577
748.0	149.869
750.0	148.536
752.0	161.38
754.0	160.5
756.0	157.392
758.0	174.864
760.0	164.959
762.0	163.317
764.0	148.38
766.0	144.753
768.0	143.691
770.0	159.707
772.0	146.925
774.0	158.244
776.0	161.849
778.0	166.581
780.0	165.181
782.0	167.43
784.0	137.536
786.0	144.801
788.0	158.364
790.0	151.04
792.0	158.986
794.0	160.611
796.0	157.057
798.0	152.001
800.0	162.209
802.0	164.701
804.0	164.543
806.0	157.446
808.0	136.879
810.0	136.55
812.0	139.548
814.0	156.171
816.0	138.258
818.0	167.854
820.0	145.465
822.0	161.315
824.0	169.406
826.0	147.946
828.0	142.136
830.0	137.075
832.0	143.164
834.0	152.653
836.0	152.14
838.0	153.217
840.0	145.645
842.0	165.669
844.0	159.929
846.0	164.395
848.0	144.495
850.0	137.286
852.0	165.787
854.0	146.93
856.0	142.246
858.0	148.647
860.0	153.518
862.0	149.884
864.0	164.631
866.0	152.107
868.0	167.17
870.0	144.79
872.0	158.343
874.0	136.892
876.0	149.275
878.0	163.271
880.0	190.021
882.0	202.039
884.0	196.607
886.0	194.013
888.0	190.372
890.0	207.851
892.0	209.295
894.0	208.255
896.0	206.851
898.0	201.67
900.0	176.036
902.0	174.848
904.0	173.233
906.0	181.219
908.0	172.908
910.0	128.68
912.0	149.722
914.0	144.422
916.0	140.384
918.0	140.063
920.0	139.53
922.0	157.713
924.0	156.594
926.0	165.329
928.0	157.713
930.0	140.105
932.0	140.081
934.0	147.118
936.0	147.155
938.0	160.719
940.0	155.338
942.0	140.609
944.0	155.36
946.0	157.135
948.0	161.328
950.0	150.073
952.0	139.454
954.0	150.023
956.0	139.462
958.0	139.632
960.0	146.25
962.0	158.318
964.0	154.299
966.0	152.422
968.0	156.553
970.0	161.113
972.0	150.915
974.0	144.762
976.0	138.764
978.0	139.562
980.0	139.01
982.0	147.969
984.0	152.923
986.0	147.773
988.0	156.076
990.0	155.69
992.0	162.523
994.0	150.259
996.0	149.768
998.0	143.207
1000.0	157.597
1002.0	139.218
1004.0	139.007
1006.0	145.802
1008.0	147.606
1010.0	150.125
1012.0	151.25
1014.0	156.914
1016.0	162.389
1018.0	139.466
1020.0	138.483
1022.0	145.793
1024.0	165.059
1026.0	139.53
1028.0	141.652
1030.0	150.62
1032.0	162.815
1034.0	151.602
1036.0	157.344
1038.0	161.386
1040.0	139.639
1042.0	139.401
1044.0	162.635
1046.0	138.785
1048.0	139.28
1050.0	141.911
1052.0	145.055
1054.0	144.41
1056.0	153.289
1058.0	150.217
1060.0	163.727
1062.0	144.263
1064.0	145.9
1066.0	153.79
1068.0	158.571
1070.0	200.724
1072.0	199.648
1074.0	195.939
1076.0	192.285
1078.0	194.278
1080.0	212.436
1082.0	196.906
1084.0	196.351
1086.0	198.626
1088.0	200.242
1090.0	195.91
1092.0	189.005
1094.0	203.297
1096.0	211.529
1098.0	197.615
1100.0	197.143
1102.0	195.012
1104.0	180.641
1106.0	211.192
1108.0	210.357
1110.0	200.33
1112.0	200.905
1114.0	194.817
1116.0	200.526
1118.0	207.84
1120.0	201.3
1122.0	205.0
1124.0	206.628
1126.0	195.578
1128.0	196.024
1130.0	194.298
1132.0	194.105
1134.0	202.268
1136.0	193.457
1138.0	199.227
1140.0	199.804
1142.0	198.573
1144.0	197.521
1146.0	202.947
1148.0	198.579
1150.0	194.719
1152.0	202.127
1154.0	197.537
1156.0	201.161
1158.0	198.647
1160.0	195.045
1162.0	205.888
1164.0	194.093
1166.0	200.741
1168.0	197.932
1170.0	202.695
1172.0	207.284
1174.0	202.517
1176.0	197.468
1178.0	191.945
1180.0	205.529
1182.0	207.127
1184.0	204.064
1186.0	199.324
1188.0	200.138
1190.0	199.235
1192.0	195.352
1194.0	204.404
1196.0	201.072
1198.0	201.516
1200.0	189.343
