# timestamp	command count (MB)\n
-10.86 0
-9.24884 0
-2.13733 0
-0.573666 0
4.93169 0
5.9357 0
6.93954 0
7.99318 0
8.99613 0
10.0002 0
11.004 0
12.0142 0
13.1082 0
14.239 0
15.2406 0
16.2451 0
18.7597 0
19.9012 0
20.9025 0
21.9069 0
24.4013 0
25.6826 0
26.6838 0
27.6879 0
29.6035 0
30.6048 0
31.6759 0
32.6773 0
33.7315 0
34.7335 0
35.7382 0
36.7416 0
37.9979 0
39.2524 0
40.5064 0
41.7356 0
42.7387 0
44.9117 0
45.9152 0
46.9218 0
47.9236 0
48.9277 0
49.9319 0
53.3278 0
54.3243 0
55.3282 0
56.3328 0
57.3368 0
58.3793 0
59.3815 0
60.3848 0
62.3062 0
63.3093 0
64.3134 0
65.318 0
67.9498 0
68.9536 0
69.9581 0
71.0351 0
72.0382 0
73.128 0
74.1305 0
75.1342 0
76.2631 0
77.2671 0
78.2705 0
79.5217 0
80.5227 0
81.527 0
83.3196 0
84.3229 0
85.3268 0
86.3316 0
88.881 0
90.0374 0
91.0396 0
92.0606 0
93.0633 0
94.0679 0
96.8148 0
97.8161 0
98.8202 0
99.8237 0
100.828 0
101.832 0
102.836 0
105.462 0
106.464 0
107.464 0
108.468 0
109.593 0
110.596 0
111.725 0
112.728 0
113.733 0
114.736 0
117.444 0
118.445 0
119.449 0
120.453 0
123.074 0
124.077 0
125.493 0
126.493 0
127.497 0
128.501 0
129.505 0
131.105 0
132.106 0
133.109 0
135.449 0
137.107 0
138.11 0
139.114 0
140.118 0
141.122 0
142.122 0
143.923 0
144.921 0
145.922 0
147.008 0
148.005 0
151.882 0
152.881 0
153.881 0
154.882 0
157.077 0
158.073 0
159.073 0
160.63 0
162.823 0
163.821 0
164.821 0
166.048 0
167.045 0
168.057 0
169.054 0
170.053 0
172.923 0
173.921 0
175.042 0
176.041 0
177.041 0
178.109 0
179.109 0
180.109 0
182.195 0
183.193 0
184.193 0
185.193 0
186.193 0
187.403 0
188.697 0
189.693 0
190.693 0
191.693 0
193.571 0
194.573 0
195.577 0
197.895 0
199.557 0
200.561 0
201.565 0
202.63 0
203.633 0
204.637 0
206.773 0
207.777 0
208.914 0
209.917 0
210.921 0
212.48 0
213.757 0
214.761 0
215.765 0
216.769 0
218.765 0
219.765 0
220.769 0
221.851 0
222.853 0
223.979 0
224.981 0
225.986 0
227.904 0
228.905 0
229.909 0
230.951 0
231.953 0
234.254 0
235.257 0
236.261 0
237.265 0
238.269 0
239.991 0
240.993 0
241.997 0
243.017 0
244.017 0
245.078 0
246.082 0
247.086 0
248.212 0
249.405 0
250.406 0
251.41 0
252.413 0
255.018 0
256.257 0
257.275 0
258.278 0
259.282 0
261.627 0
262.63 0
263.634 0
264.81 0
265.814 0
266.818 0
267.824 0
268.826 0
270.835 0
272.081 0
273.082 0
274.086 0
275.09 0
276.722 0
277.722 0
278.726 0
279.73 0
280.734 0
283.779 0
284.782 0
285.79 0
286.79 0
287.894 0
288.899 0
289.948 0
290.951 0
291.954 0
293.267 0
294.27 0
295.299 0
296.326 0
297.33 0
298.335 0
299.338 0
302.02 0
303.023 0
305.027 0
306.031 0
307.225 0
308.227 0
309.231 201
310.235 232
311.239 297
312.243 216
313.483 219
314.484 244
315.487 246
316.492 305
317.496 240
318.499 309
319.503 238
320.509 137
321.512 312
322.531 149
323.649 315
324.651 312
325.656 236
326.66 399
327.663 280
328.668 311
330.303 199
331.307 313
332.311 316
333.316 247
334.32 308
335.325 236
336.329 309
337.331 234
338.336 218
339.339 313
340.343 281
341.349 263
342.446 310
343.448 260
345.077 180
346.08 262
347.084 317
348.088 194
349.092 311
350.097 232
351.1 318
353.234 215
354.236 289
355.241 262
356.244 317
357.248 245
358.252 325
359.606 210
360.608 325
361.612 264
362.618 204
363.621 266
364.624 261
365.629 290
366.633 333
367.632 234
368.637 321
370.082 235
371.094 277
372.176 273
373.177 286
374.181 285
375.185 301
376.189 329
377.193 248
378.198 335
379.201 271
380.205 108
381.222 283
382.225 284
383.229 264
384.233 285
385.237 330
386.241 246
387.245 333
388.708 265
389.709 286
390.713 259
391.717 272
392.721 280
393.725 284
394.73 292
395.733 337
396.737 235
397.741 341
398.742 269
399.741 326
400.741 286
401.741 433
402.741 244
403.74 433
404.74 283
406.044 22
407.044 287
408.048 278
409.048 337
410.292 341
411.292 208
412.294 351
413.292 264
414.292 304
415.332 211
416.331 304
417.332 280
418.332 271
419.332 304
420.331 285
421.331 342
422.331 292
423.331 319
424.331 310
425.332 193
426.331 338
427.331 285
428.331 339
429.331 284
430.331 344
431.331 303
432.33 352
433.763 192
434.762 323
435.762 298
436.762 295
437.762 294
438.762 288
439.762 360
440.762 248
441.762 257
442.765 370
443.762 237
444.761 344
445.761 291
446.762 348
448.144 291
449.143 258
450.141 331
451.141 320
452.151 348
453.15 319
454.149 333
455.149 335
456.15 365
457.149 78
458.149 345
459.149 338
460.149 331
461.174 354
462.173 322
463.227 165
464.252 344
465.248 306
466.249 364
467.248 280
468.248 383
469.254 273
470.252 265
471.254 391
472.252 423
473.253 494
474.252 355
475.253 380
476.252 313
477.253 341
478.253 277
479.798 318
480.796 68
481.797 287
482.798 286
483.796 223
484.795 302
485.795 328
486.795 350
487.856 368
488.856 337
489.886 411
490.959 219
491.959 355
492.959 383
493.959 291
494.959 396
495.959 99
496.96 383
497.959 343
498.96 321
500 423
500.999 227
501.999 371
503 343
503.999 443
505 272
505.999 393
507 311
508 405
508.999 321
509.999 399
511 194
511.999 337
512.999 359
514.002 354
514.999 378
516 350
516.999 412
517.998 285
519 395
519.999 311
521 417
522 362
522.998 333
523.999 415
524.998 324
525.998 418
526.998 387
527.999 364
529.014 431
530.014 284
531.015 403
532.014 309
533.014 400
534.048 397
535.046 356
536.046 395
537.048 325
538.048 400
539.046 334
540.047 421
541.046 316
542.047 431
543.047 319
544.046 442
545.046 292
546.047 432
547.208 194
548.206 411
549.206 326
550.206 380
551.206 341
552.206 431
553.206 355
554.206 380
555.206 450
556.206 352
557.205 344
558.206 409
559.206 434
560.206 354
561.206 414
562.251 341
563.249 500
564.25 410
565.251 254
566.251 439
567.25 227
568.249 479
569.251 334
570.249 381
571.25 419
572.249 398
573.291 439
574.29 394
575.291 425
576.29 327
577.289 405
578.289 394
579.289 334
580.301 426
581.301 387
582.302 426
583.303 399
584.302 400
585.302 414
586.302 408
587.301 404
588.301 344
589.315 428
590.314 401
591.314 385
592.314 416
593.314 333
594.314 406
595.32 389
596.319 424
597.318 413
598.317 393
599.317 403
600.317 413
601.317 386
602.366 360
603.365 423
604.365 318
605.366 339
606.366 426
607.365 386
608.365 426
609.366 424
610.366 411
611.365 426
612.37 449
613.37 455
614.369 361
615.371 300
616.37 326
617.392 354
618.506 462
619.505 368
620.506 411
621.506 398
622.506 404
623.505 400
624.505 418
625.505 366
626.508 344
627.505 412
628.505 411
629.505 423
630.505 396
631.506 432
632.505 410
633.505 417
634.505 437
635.506 407
636.505 400
637.505 344
638.506 418
639.506 354
640.505 434
641.505 350
642.613 433
643.613 427
644.613 322
645.613 383
646.614 423
647.617 361
648.621 421
649.622 419
650.626 431
651.629 434
652.634 430
653.637 438
654.687 402
655.691 422
656.693 348
657.697 323
658.701 423
659.705 325
660.778 418
661.788 422
662.789 433
663.794 400
664.798 404
665.801 367
666.805 442
667.81 345
668.813 431
669.817 421
670.821 420
671.825 428
672.829 447
673.833 412
674.838 437
675.841 413
677.029 421
678.033 411
679.037 429
680.041 424
681.046 313
682.05 322
683.053 413
684.23 463
685.238 417
686.242 359
687.246 432
688.249 407
689.253 424
690.257 422
691.261 393
692.266 405
693.27 421
694.274 439
695.277 444
696.282 433
697.285 369
698.324 428
699.325 421
700.329 452
701.334 415
702.337 436
703.341 437
704.345 422
705.35 346
706.353 426
707.358 432
708.361 408
709.372 477
710.374 404
711.377 395
712.381 404
713.385 387
714.39 439
715.394 453
716.398 459
717.401 432
718.406 444
719.41 445
720.414 422
721.418 325
722.432 387
723.433 459
724.437 430
725.441 351
726.446 385
727.451 388
728.453 413
729.457 390
730.513 442
731.578 436
732.581 428
733.585 421
734.59 441
735.593 432
736.597 436
737.625 449
738.765 460
739.765 421
740.769 318
741.774 337
742.831 370
743.873 466
744.882 446
746.031 439
747.093 430
748.104 445
749.107 447
750.109 360
751.113 395
752.118 444
753.121 443
754.126 387
755.13 453
756.133 454
757.138 441
758.143 446
759.147 449
760.15 428
761.155 452
762.158 440
763.161 349
764.167 456
765.232 382
766.234 438
767.238 365
768.241 394
769.246 407
770.251 441
771.254 345
772.258 454
773.263 435
774.301 445
775.332 460
776.354 472
777.358 414
778.363 440
779.366 478
780.37 443
781.374 450
782.379 427
783.381 381
784.386 351
785.438 425
786.442 474
787.447 312
788.45 446
789.454 416
790.458 467
791.462 379
792.466 425
793.47 428
794.475 426
795.478 481
796.513 444
797.514 440
798.518 374
799.522 455
800.528 445
801.531 429
802.534 455
803.538 457
804.543 439
805.546 377
806.791 489
807.795 425
808.798 323
809.804 316
810.806 447
811.81 465
812.814 388
813.827 455
814.951 461
815.954 428
816.958 375
817.963 450
818.966 414
819.971 474
820.975 428
821.979 440
822.984 475
823.986 469
824.991 452
825.995 393
826.999 377
828.002 341
829.029 433
830.035 442
831.039 367
832.042 335
833.046 469
834.051 377
835.054 468
836.059 412
837.062 419
838.066 463
839.17 466
840.258 463
841.276 459
842.298 466
843.302 430
844.307 419
845.312 461
846.314 462
847.379 451
848.384 418
849.387 373
850.391 386
851.394 454
852.398 462
853.402 354
854.406 425
855.417 488
856.42 382
857.424 446
858.428 396
859.431 388
860.435 470
861.439 457
862.443 400
863.446 455
864.45 441
865.462 471
866.463 437
867.467 473
868.472 460
869.474 399
870.505 491
871.664 444
872.667 462
873.671 342
874.675 350
875.679 485
876.684 481
877.688 434
878.691 450
879.695 567
880.699 619
881.703 617
882.707 640
883.731 633
884.735 595
885.739 681
886.743 661
887.747 620
888.751 669
889.755 389
890.759 676
892.035 646
893.339 657
894.459 652
895.583 660
896.704 637
897.794 617
898.83 660
899.831 545
900.835 456
901.839 460
902.844 466
903.847 490
904.851 436
905.856 393
906.859 469
907.865 444
909.033 497
910.036 443
911.04 350
912.043 462
913.047 409
914.051 419
915.096 482
916.101 458
917.103 469
918.108 466
919.112 429
920.115 477
921.121 432
922.124 476
923.128 461
924.131 477
925.136 464
926.141 480
927.144 473
928.148 465
929.236 438
930.241 471
931.244 414
932.248 361
933.253 487
934.256 387
935.26 429
936.278 461
937.309 500
938.4 474
939.405 458
940.41 479
941.413 427
942.416 457
943.421 429
944.425 464
945.425 451
946.428 488
947.432 494
948.436 453
949.441 469
950.445 403
951.531 467
952.533 454
953.537 475
954.542 392
955.546 402
956.549 381
957.562 431
958.661 446
959.689 485
960.737 516
961.752 492
962.753 460
963.757 435
964.762 471
965.765 445
966.77 459
967.773 470
968.778 499
969.782 476
970.786 437
971.79 443
972.794 436
973.816 431
974.969 496
975.973 457
976.977 381
977.981 378
978.985 482
979.989 422
980.993 408
982.031 500
983.049 467
984.178 492
985.189 473
986.195 452
987.199 468
988.202 476
989.207 452
990.21 459
991.214 476
992.218 472
993.223 484
994.227 433
995.23 406
996.235 487
997.342 492
998.346 452
999.351 471
1000.35 369
1001.36 365
1002.36 426
1003.37 494
1004.38 492
1005.43 471
1006.47 499
1007.47 455
1008.47 397
1009.48 480
1010.48 422
1011.49 470
1012.49 444
1013.49 478
1014.5 480
1015.5 463
1016.51 461
1017.52 464
1018.52 468
1019.53 404
1020.53 337
1021.53 489
1022.54 490
1023.54 484
1024.55 471
1025.55 430
1026.66 508
1027.66 479
1028.67 412
1029.67 421
1030.68 475
1031.68 488
1032.68 482
1033.69 480
1034.69 446
1035.7 470
1036.7 481
1037.7 506
1038.71 440
1039.86 500
1040.86 470
1041.86 397
1042.87 421
1043.87 494
1044.88 486
1045.88 381
1046.88 436
1048.02 507
1049.04 493
1050.04 442
1051.05 411
1052.05 465
1053.06 439
1054.06 417
1055.06 463
1056.07 468
1057.07 472
1058.1 501
1059.12 484
1060.15 532
1061.18 500
1062.18 458
1063.18 423
1064.19 395
1065.19 422
1066.2 500
1067.2 469
1068.2 431
1069.21 703
1070.21 697
1071.22 598
1072.26 650
1073.27 639
1074.27 688
1075.28 739
1076.29 734
1077.29 733
1078.3 741
1079.44 630
1080.44 695
1081.44 473
1082.45 751
1083.45 688
1084.46 709
1085.46 694
1086.46 606
1087.47 659
1088.47 713
1089.47 675
1090.48 724
1091.51 722
1092.51 664
1093.51 670
1094.52 486
1095.52 514
1096.52 591
1097.53 664
1098.53 699
1099.54 650
1100.54 702
1101.54 626
1102.55 732
1103.55 663
1104.57 692
1105.57 678
1106.57 255
1107.62 582
1108.99 741
1109.99 649
1111 687
1112 553
1113.01 643
1114.01 660
1115.01 706
1116.02 687
1117.03 578
1118.31 708
1119.31 712
1120.31 661
1121.32 549
1122.32 498
1123.33 534
1124.33 645
1125.35 681
1126.39 661
1127.39 731
1128.4 681
1129.4 638
1130.41 742
1131.41 770
1132.41 739
1133.42 703
1134.42 577
1135.43 676
1136.43 699
1137.43 648
1138.44 707
1139.44 686
1140.5 582
1141.57 714
1142.64 771
1143.66 765
1144.68 648
1145.68 684
1146.69 585
1147.69 640
1148.69 669
1149.7 693
1150.7 699
1151.71 735
1152.92 732
1153.93 677
1154.93 710
1155.93 532
1156.94 698
1157.94 642
1158.95 707
1159.95 686
1160.95 702
1161.96 481
1162.96 799
1163.97 600
1165 723
1166 718
1167.03 632
1168.03 623
1169.03 634
1170.04 650
1171.27 546
1172.29 690
1173.29 701
1174.3 695
1175.3 501
1176.3 704
1177.31 672
1178.31 752
1179.31 658
1180.32 691
1181.32 389
1182.37 589
1183.42 735
1184.68 743
1185.7 669
1186.7 694
1187.7 509
1188.71 617
1189.71 751
1190.71 667
1191.72 709
1192.73 745
1193.73 684
1194.73 425
1195.74 688
1196.74 647
1197.75 596
1198.75 667
1199.76 711
1200.76 759
