# timestamp	utilization (%) \n
4.93169 0
10.0002 0
15.2406 0
21.9069 0
29.6035 0
34.7335 0
40.5064 0
46.9218 0
54.3243 0
59.3815 0
65.318 0
72.0382 0
77.2671 0
83.3196 0
90.0374 0
96.8148 0
101.832 0
108.469 0
113.733 0
120.453 0
127.497 0
133.109 0
140.118 0
145.922 0
153.881 0
160.63 0
167.045 0
173.921 0
179.109 0
185.193 0
190.693 0
197.895 0
203.633 0
209.917 0
215.765 0
221.851 0
227.904 0
234.254 0
239.991 0
245.078 0
250.406 0
257.275 0
263.634 0
268.826 0
275.09 0
280.734 0
287.894 0
293.267 0
298.335 0
306.031 0
311.239 0
316.492 0
321.512 0
326.66 1
332.311 1
337.331 1
342.446 2
348.088 2
354.236 2
359.606 2
364.624 3
370.082 3
375.185 3
380.205 4
385.237 4
390.713 4
395.733 5
400.741 5
406.044 5
411.292 6
416.331 6
421.331 6
426.331 7
431.331 7
436.762 7
441.762 8
446.762 8
452.152 9
457.149 9
462.173 9
467.248 10
472.252 10
477.253 10
482.798 11
487.856 11
492.959 11
497.959 12
503 12
508 13
512.999 13
517.998 13
522.998 14
527.999 14
533.014 15
538.048 15
543.047 16
548.206 16
553.206 16
558.206 17
563.249 17
568.249 18
573.291 18
578.29 18
583.303 18
588.301 18
593.314 18
598.317 19
603.365 19
608.365 19
613.37 19
618.506 19
623.505 19
628.505 19
633.505 20
638.506 20
643.613 20
648.621 20
653.637 20
658.701 20
663.794 20
668.813 20
673.833 20
679.037 21
684.23 21
689.253 21
694.274 21
699.325 21
704.345 21
709.372 21
714.39 21
719.41 22
724.437 22
729.457 22
734.59 22
739.765 22
744.882 22
750.109 22
755.13 22
760.15 22
765.232 23
770.251 23
775.332 23
780.37 23
785.438 23
790.458 23
795.478 23
800.528 23
805.546 23
810.806 23
815.954 23
820.975 23
825.995 23
831.039 23
836.059 23
841.276 24
846.314 24
851.394 24
856.42 24
861.439 24
866.463 24
871.664 24
876.684 24
881.703 24
886.743 24
892.035 24
897.794 24
902.844 24
907.865 24
913.047 24
918.108 24
923.128 24
928.148 24
933.253 24
938.4 25
943.421 25
948.436 25
953.537 25
958.661 25
963.757 25
968.778 25
973.816 25
978.985 25
984.178 25
989.207 25
994.227 25
999.351 25
1004.38 25
1009.48 25
1014.5 25
1019.53 25
1024.55 25
1029.67 25
1034.69 25
1039.86 25
1044.88 25
1050.04 25
1055.06 25
1060.15 25
1065.19 25
1070.21 25
1075.28 26
1080.44 26
1085.46 26
1090.48 26
1095.52 26
1100.54 26
1105.57 26
1111 26
1116.02 26
1121.32 26
1126.39 26
1131.41 26
1136.43 26
1141.57 26
1146.69 26
1151.71 26
1156.94 26
1161.96 26
1167.03 26
1172.29 26
1177.31 26
1182.37 26
1187.7 26
1192.73 27
1197.75 26
