2.0	202.608
4.0	232.943
6.0	215.039
8.0	229.278
10.0	217.49
12.0	237.499
14.0	237.988
16.0	211.738
18.0	254.637
20.0	233.125
22.0	226.191
24.0	252.416
26.0	216.683
28.0	251.096
30.0	240.262
32.0	235.891
34.0	236.001
36.0	226.906
38.0	244.677
40.0	236.854
42.0	219.203
44.0	246.821
46.0	210.419
48.0	219.108
50.0	242.127
52.0	224.414
54.0	208.821
56.0	231.968
58.0	206.743
60.0	218.68
62.0	242.005
64.0	218.596
66.0	211.747
68.0	242.611
70.0	222.835
72.0	202.047
74.0	245.196
76.0	215.6
78.0	197.299
80.0	252.534
82.0	232.593
84.0	210.155
86.0	226.689
88.0	231.702
90.0	209.262
92.0	227.104
94.0	223.797
96.0	224.297
98.0	214.59
100.0	215.878
102.0	231.527
104.0	222.977
106.0	207.141
108.0	231.06
110.0	224.972
112.0	197.233
114.0	247.815
116.0	224.347
118.0	224.697
120.0	222.922
122.0	220.642
124.0	226.72
126.0	222.692
128.0	203.895
130.0	218.847
132.0	254.668
134.0	218.628
136.0	221.299
138.0	222.544
140.0	210.037
142.0	240.6
144.0	207.232
146.0	221.61
148.0	237.924
150.0	224.214
152.0	224.907
154.0	209.599
156.0	233.126
158.0	223.533
160.0	203.742
162.0	236.402
164.0	219.821
166.0	203.412
168.0	233.008
170.0	199.448
172.0	240.896
174.0	233.882
176.0	215.414
178.0	206.34
180.0	241.189
182.0	206.361
184.0	219.978
186.0	233.473
188.0	218.395
190.0	223.68
192.0	216.367
194.0	221.311
196.0	220.489
198.0	216.05
200.0	221.851
202.0	232.091
204.0	204.054
206.0	212.075
208.0	241.304
210.0	219.747
212.0	219.653
214.0	211.784
216.0	226.349
218.0	219.654
220.0	207.706
222.0	201.112
224.0	237.685
226.0	224.134
228.0	229.051
230.0	221.65
232.0	219.625
234.0	220.381
236.0	219.839
238.0	202.299
240.0	219.088
242.0	224.65
244.0	235.059
246.0	221.088
248.0	220.096
250.0	210.85
252.0	202.919
254.0	231.282
256.0	232.393
258.0	227.385
260.0	219.939
