# timestamp	utilization (%) \n
2.44862 0
7.58702 0
12.789 0
17.8193 0
23.1502 0
28.8745 0
33.9707 0
38.9908 0
44.0152 0
49.0507 0
54.0872 0
59.1091 0
64.2184 0
69.2524 0
74.278 0
79.2974 0
84.3663 0
89.3858 0
94.4674 0
99.5068 0
104.527 0
109.547 0
114.567 0
119.588 0
124.607 0
129.667 0
134.7 0
139.721 0
144.744 0
149.764 0
154.785 0
159.804 0
164.869 0
169.889 0
174.909 0
179.929 0
184.929 0
189.929 0
194.929 0
199.929 0
204.932 0
209.985 0
215.005 1
220.035 1
225.053 1
230.075 2
235.097 2
240.117 2
245.137 2
250.157 3
255.177 3
260.197 3
265.221 4
270.237 4
275.257 4
280.277 4
285.298 5
290.318 5
295.338 5
300.358 5
305.378 6
310.399 6
315.421 6
320.463 6
325.482 7
330.51 7
335.534 7
340.555 7
345.575 8
350.596 8
355.615 8
360.635 8
365.655 8
370.676 8
375.695 9
380.716 9
385.765 9
390.784 9
395.808 9
400.832 10
405.852 10
410.876 10
415.896 10
420.917 10
425.94 10
430.961 10
436.021 10
441.02 10
446.024 10
451.024 11
456.061 11
461.076 11
466.084 11
471.092 11
476.114 11
481.111 11
486.153 11
491.151 11
