# timestamp	GC Total Latency (msec)		Read Latency (msec)	Write Latency (msec)\n
309.489 11 0 0
310.527 8 0 0
312.33 7 0 0
313.436 5 0 0
314.434 3 0 0
315.434 2 0 0
316.48 2 0 0
317.946 2 0 0
318.945 2 0 0
319.945 283 126 157
320.945 844 375 474
321.946 1358 602 765
322.976 1754 775 989
323.973 2107 927 1193
324.973 2473 1088 1400
325.992 2754 1210 1560
326.989 2926 1283 1661
328.366 3108 1363 1764
329.365 3282 1439 1863
330.366 3403 1492 1932
331.365 3577 1568 2031
332.365 3687 1615 2095
333.365 3828 1677 2175
334.365 3940 1725 2239
335.365 3964 1735 2254
336.365 4076 1784 2317
337.371 4144 1813 2356
338.369 4204 1839 2391
339.369 4272 1869 2430
340.369 4326 1892 2461
341.369 4432 1937 2522
342.368 4473 1953 2548
343.369 4564 1992 2600
344.851 4598 2007 2620
345.849 4661 2034 2657
346.848 4704 2050 2683
347.849 4751 2069 2711
348.903 4789 2084 2735
349.9 4831 2102 2760
350.901 4868 2118 2781
351.901 4929 2144 2816
352.901 4963 2158 2836
354.462 4996 2172 2856
355.46 5023 2183 2872
356.46 5049 2194 2887
357.46 5085 2210 2908
358.519 5105 2218 2920
359.517 5118 2222 2928
360.561 5152 2237 2948
361.596 5166 2242 2957
362.592 5192 2253 2972
363.906 5215 2263 2985
364.904 5228 2267 2994
365.905 5246 2275 3004
366.905 5266 2284 3016
367.904 5286 2292 3028
368.904 5312 2303 3043
369.904 5330 2311 3053
370.905 5339 2314 3060
371.997 5364 2324 3074
373.345 5372 2327 3079
374.345 5388 2334 3089
375.345 5406 2340 3100
376.345 5417 2345 3106
377.345 5430 2349 3115
378.344 5451 2359 3127
379.407 5466 2365 3136
380.404 5471 2366 3140
381.451 5493 2376 3153
382.449 5492 2375 3152
383.448 5503 2379 3159
384.448 5515 2384 3167
385.448 5528 2388 3175
386.448 5541 2394 3183
387.448 5554 2399 3190
388.448 5571 2406 3201
389.494 5584 2411 3209
390.492 5583 2410 3209
391.493 5600 2417 3219
392.492 5609 2421 3224
393.493 5613 2421 3227
394.492 5624 2425 3235
395.492 5634 2429 3241
396.491 5644 2433 3248
397.492 5657 2438 3255
398.492 5671 2443 3264
399.829 5686 2450 3273
400.828 5687 2450 3275
401.829 5705 2457 3285
402.827 5709 2458 3288
403.828 5726 2465 3298
404.828 5734 2467 3304
405.827 5753 2475 3315
406.827 5756 2476 3317
407.827 5765 2479 3323
408.914 5777 2484 3331
409.912 5781 2485 3334
410.912 5790 2489 3339
411.911 5800 2492 3345
412.913 5801 2492 3346
413.912 5810 2496 3352
414.911 5814 2497 3354
415.911 5818 2498 3357
416.929 5829 2502 3364
417.928 5829 2502 3365
418.927 5839 2506 3370
419.927 5843 2508 3374
420.928 5847 2509 3376
421.928 5856 2512 3381
422.927 5855 2512 3382
425.37 5859 2513 3384
426.368 5868 2516 3389
427.367 5880 2521 3397
428.368 5879 2520 3398
429.367 5890 2524 3405
430.367 5895 2526 3408
431.368 5901 2528 3412
432.367 5912 2532 3419
433.367 5918 2534 3423
434.367 5921 2535 3425
435.367 5929 2538 3430
436.368 5935 2540 3434
437.368 5945 2544 3440
438.433 5955 2548 3447
439.431 5956 2547 3448
440.431 5967 2551 3454
441.431 5968 2552 3456
442.432 5977 2555 3462
443.431 5983 2557 3465
444.431 5989 2559 3470
445.431 5996 2561 3474
446.431 6001 2563 3478
447.431 6007 2565 3482
448.432 6018 2569 3489
449.431 6020 2569 3491
450.432 6029 2572 3497
451.431 6036 2575 3501
452.434 6043 2577 3506
453.476 6046 2578 3508
454.476 6054 2580 3513
455.475 6059 2581 3518
456.475 6065 2583 3522
457.724 6074 2587 3527
458.722 6080 2588 3532
459.723 6084 2589 3534
460.723 6090 2591 3539
461.723 6097 2594 3544
462.727 6104 2596 3549
463.726 6112 2598 3554
464.727 6120 2601 3559
465.726 6126 2603 3564
466.727 6130 2603 3567
467.727 6137 2606 3572
468.726 6143 2608 3576
469.742 6150 2610 3581
470.761 6158 2613 3586
471.759 6162 2614 3589
472.758 6168 2615 3594
473.759 6175 2618 3598
474.759 6182 2620 3603
475.758 6188 2621 3608
476.758 6196 2624 3613
477.758 6201 2625 3617
478.758 6208 2627 3622
479.758 6213 2629 3625
480.76 6222 2632 3631
481.758 6227 2634 3635
482.759 6232 2634 3638
483.758 6240 2637 3644
484.758 6243 2638 3647
485.759 6248 2640 3650
486.759 6253 2641 3654
487.792 6260 2643 3658
488.791 6266 2645 3662
489.79 6271 2646 3667
490.79 6277 2648 3671
491.79 6284 2650 3675
492.791 6289 2652 3679
493.79 6292 2652 3682
494.79 6299 2654 3687
495.79 6306 2656 3692
496.791 6313 2659 3696
497.79 6319 2660 3701
498.79 6323 2661 3704
499.791 6330 2664 3709
500.79 6338 2666 3714
501.79 6338 2666 3715
502.79 6346 2668 3720
503.79 6350 2669 3723
504.79 6357 2672 3728
505.79 6363 2673 3732
506.789 6367 2674 3735
507.79 6373 2676 3739
508.79 6376 2677 3742
509.789 6384 2679 3747
510.897 6390 2681 3751
511.893 6392 2681 3753
512.894 6400 2684 3759
513.894 6404 2685 3761
514.893 6411 2687 3767
515.894 6415 2688 3770
516.893 6421 2690 3774
517.893 6427 2692 3778
518.998 6434 2694 3783
519.998 6439 2696 3786
520.998 6445 2697 3791
521.998 6449 2698 3794
522.998 6454 2699 3798
523.997 6459 2701 3801
525.01 6465 2703 3806
526.011 6470 2704 3809
527.009 6476 2705 3814
528.009 6481 2707 3818
529.01 6487 2708 3822
530.013 6495 2711 3827
531.034 6500 2712 3831
532.033 6504 2713 3834
533.034 6509 2715 3838
534.034 6514 2716 3842
535.033 6518 2717 3845
536.035 6525 2719 3850
537.033 6531 2721 3854
538.035 6537 2722 3859
539.038 6543 2724 3863
540.041 6548 2725 3867
541.045 6554 2726 3871
542.049 6560 2728 3876
543.053 6566 2730 3880
544.058 6572 2731 3885
545.061 6577 2732 3888
546.066 6583 2734 3893
547.186 6589 2736 3898
548.19 6595 2737 3902
549.195 6598 2738 3905
550.198 6605 2740 3909
551.203 6610 2742 3913
552.207 6616 2743 3918
553.21 6622 2745 3922
554.214 6628 2746 3926
555.219 6634 2748 3931
556.218 6640 2750 3935
557.222 6646 2751 3939
558.227 6654 2753 3945
559.231 6658 2755 3948
560.235 6661 2755 3951
561.24 6667 2757 3956
562.244 6673 2758 3960
563.249 6680 2760 3965
564.253 6686 2762 3969
565.256 6692 2763 3974
566.263 6696 2764 3978
567.263 6703 2766 3983
568.314 6710 2768 3987
569.317 6716 2770 3992
570.32 6721 2771 3995
571.324 6727 2773 4000
572.328 6732 2774 4004
573.332 6738 2775 4008
574.336 6744 2777 4013
575.341 6748 2778 4016
576.429 6754 2779 4021
577.432 6760 2781 4025
578.436 6765 2782 4028
579.441 6769 2783 4032
580.444 6773 2784 4035
581.678 6779 2786 4039
582.681 6785 2787 4044
583.701 6792 2789 4048
584.705 6796 2790 4052
585.709 6802 2792 4057
586.733 6807 2793 4061
587.763 6814 2795 4065
588.779 6820 2796 4070
589.782 6825 2798 4074
590.786 6831 2799 4078
591.804 6836 2801 4082
592.805 6844 2803 4087
593.811 6848 2804 4091
594.814 6853 2805 4094
595.818 6858 2806 4098
596.822 6864 2808 4103
597.827 6868 2809 4105
598.831 6873 2810 4110
599.886 6879 2812 4113
600.905 6885 2814 4118
601.906 6889 2815 4121
602.91 6895 2816 4126
603.915 6899 2817 4129
604.919 6904 2819 4132
605.923 6909 2820 4136
606.93 6914 2821 4140
607.93 6920 2823 4144
608.935 6926 2825 4148
609.935 6931 2826 4152
610.963 6936 2827 4156
612.014 6942 2829 4160
613.017 6948 2830 4165
614.019 6952 2832 4168
615.023 6957 2833 4172
616.027 6963 2834 4176
617.032 6967 2835 4180
618.035 6972 2837 4183
619.039 6977 2838 4187
620.043 6981 2839 4190
621.112 6986 2840 4193
622.119 6992 2842 4198
623.123 6996 2843 4201
624.127 7000 2844 4204
625.132 7005 2845 4207
626.138 7009 2846 4211
627.141 7013 2847 4214
628.144 7018 2849 4217
629.188 7023 2850 4221
630.227 7028 2851 4225
631.275 7034 2853 4229
632.342 7039 2854 4233
633.346 7044 2856 4236
634.353 7048 2857 4240
635.356 7053 2858 4244
636.361 7058 2859 4247
637.365 7063 2861 4251
638.368 7067 2862 4254
639.372 7070 2862 4256
640.377 7074 2863 4260
641.419 7079 2865 4263
642.574 7084 2866 4267
643.598 7089 2867 4270
644.799 7094 2869 4274
645.813 7099 2870 4278
646.897 7104 2871 4281
647.948 7108 2872 4285
648.983 7113 2874 4288
649.985 7118 2875 4292
650.989 7122 2876 4295
651.993 7126 2877 4298
652.997 7130 2878 4301
654.001 7135 2879 4305
655.005 7139 2880 4308
656.009 7147 2882 4313
657.014 7152 2884 4318
658.018 7157 2885 4321
659.021 7162 2886 4325
660.026 7168 2888 4330
661.03 7173 2889 4334
662.034 7180 2891 4338
663.038 7185 2892 4342
664.091 7190 2894 4346
665.094 7195 2895 4350
666.098 7202 2897 4354
667.112 7207 2898 4359
668.114 7213 2900 4363
669.119 7220 2901 4368
670.122 7226 2903 4373
671.127 7231 2904 4376
672.13 7236 2906 4380
673.134 7242 2907 4385
674.139 7247 2909 4389
675.142 7253 2910 4393
676.147 7257 2911 4396
677.151 7263 2913 4401
678.158 7269 2914 4405
679.159 7275 2916 4409
680.159 7280 2917 4413
681.163 7286 2918 4418
682.167 7293 2920 4423
683.171 7296 2921 4426
684.192 7304 2923 4431
685.195 7308 2924 4435
686.199 7313 2925 4438
688.085 7319 2927 4443
689.087 7324 2928 4447
690.117 7327 2929 4449
691.119 7335 2931 4455
692.123 7334 2930 4455
693.127 7341 2932 4460
694.131 7343 2933 4462
695.136 7350 2935 4466
696.145 7352 2935 4468
697.147 7359 2937 4473
698.151 7363 2938 4476
699.156 7367 2939 4480
700.16 7375 2941 4485
701.163 7376 2941 4486
702.168 7382 2942 4491
703.172 7385 2943 4493
704.176 7390 2944 4497
705.227 7393 2945 4500
706.228 7395 2946 4501
707.232 7399 2947 4504
708.246 7403 2948 4507
709.248 7406 2948 4509
710.252 7410 2949 4512
711.317 7413 2950 4515
712.32 7417 2951 4518
713.325 7420 2952 4520
714.329 7422 2952 4522
715.708 7427 2953 4525
716.713 7430 2954 4528
717.716 7432 2955 4530
718.72 7435 2955 4532
719.882 7440 2956 4535
720.885 7443 2957 4538
721.888 7447 2958 4541
722.893 7450 2959 4543
723.896 7454 2960 4546
724.9 7458 2961 4549
725.905 7462 2962 4552
726.908 7465 2963 4555
727.912 7469 2963 4557
728.918 7472 2964 4560
729.921 7475 2965 4562
730.925 7478 2966 4565
732.018 7482 2967 4567
733.155 7485 2968 4570
734.211 7489 2969 4573
735.225 7493 2970 4576
736.229 7496 2971 4578
737.234 7499 2971 4580
738.238 7502 2972 4583
739.241 7505 2973 4585
740.246 7509 2974 4588
741.25 7512 2974 4590
742.253 7515 2975 4593
743.259 7519 2976 4595
744.261 7522 2977 4598
745.265 7526 2978 4601
746.319 7530 2979 4603
747.321 7533 2980 4606
748.326 7537 2981 4609
749.349 7540 2981 4611
750.383 7544 2982 4614
751.386 7547 2983 4617
752.391 7550 2984 4619
753.394 7553 2985 4621
754.397 7556 2985 4624
755.402 7560 2986 4626
756.406 7563 2987 4629
757.41 7566 2988 4631
758.46 7569 2989 4634
759.463 7572 2989 4635
760.466 7574 2990 4638
761.47 7577 2990 4639
762.475 7580 2991 4642
763.478 7583 2992 4644
764.482 7586 2993 4647
765.486 7590 2994 4649
766.494 7593 2994 4652
767.504 7596 2995 4654
768.506 7600 2996 4657
769.527 7603 2997 4659
770.561 7606 2998 4662
771.591 7610 2998 4664
772.596 7613 2999 4667
773.599 7616 3000 4669
774.603 7619 3001 4672
775.607 7621 3001 4674
776.611 7625 3002 4676
777.614 7628 3003 4678
778.618 7630 3003 4680
779.643 7633 3004 4683
780.647 7637 3005 4685
781.651 7640 3006 4688
782.656 7642 3006 4690
783.659 7645 3007 4692
784.659 7648 3008 4694
785.663 7651 3009 4696
786.667 7655 3009 4699
787.671 7658 3010 4701
788.676 7661 3011 4704
789.68 7664 3012 4706
790.683 7667 3012 4709
791.687 7671 3013 4711
792.691 7674 3014 4714
793.696 7677 3015 4716
794.7 7680 3016 4718
795.748 7683 3016 4721
796.929 7687 3017 4723
797.932 7690 3018 4726
798.935 7692 3019 4727
799.939 7695 3019 4729
800.944 7697 3020 4731
801.947 7700 3021 4734
802.951 7703 3021 4736
803.956 7707 3022 4739
805.009 7710 3023 4741
806.094 7713 3024 4743
807.096 7715 3024 4745
808.099 7718 3025 4747
809.103 7721 3026 4749
810.107 7723 3026 4751
811.112 7726 3027 4753
812.115 7729 3028 4756
813.119 7732 3028 4758
814.123 7735 3029 4761
815.127 7738 3030 4763
816.132 7742 3031 4766
817.176 7745 3032 4768
818.353 7748 3032 4770
819.627 7751 3033 4773
820.871 7755 3034 4776
821.921 7758 3035 4778
822.924 7761 3035 4780
824.06 7764 3036 4783
825.104 7767 3037 4785
826.107 7771 3038 4788
827.132 7774 3038 4790
828.174 7777 3039 4793
829.196 7781 3040 4796
830.201 7784 3041 4798
831.204 7787 3041 4800
832.209 7790 3042 4803
833.212 7793 3043 4805
834.216 7796 3043 4808
835.22 7799 3044 4810
836.224 7803 3045 4813
837.228 7807 3046 4816
838.232 7807 3046 4816
839.237 7810 3047 4819
840.24 7813 3047 4821
841.244 7816 3048 4823
842.248 7820 3049 4826
844.614 7821 3049 4828
845.617 7824 3050 4830
846.62 7827 3050 4832
847.625 7830 3051 4834
848.736 7833 3052 4837
849.74 7834 3052 4837
850.745 7838 3053 4840
851.749 7838 3053 4841
852.752 7842 3054 4843
853.757 7844 3054 4845
854.76 7847 3055 4847
855.764 7850 3056 4849
856.769 7853 3057 4852
857.772 7854 3057 4853
858.777 7857 3057 4855
859.781 7860 3058 4858
860.785 7862 3058 4859
861.788 7865 3059 4861
862.793 7868 3060 4863
863.796 7870 3060 4865
864.807 7873 3061 4868
865.809 7876 3062 4870
866.813 7879 3062 4872
867.818 7881 3063 4874
868.821 7884 3064 4876
869.824 7887 3064 4879
870.83 7890 3065 4881
871.833 7893 3066 4883
872.836 7896 3066 4885
873.841 7898 3067 4887
874.885 7901 3068 4889
875.889 7903 3068 4891
876.893 7906 3068 4893
877.898 7908 3069 4895
878.901 7911 3070 4897
879.905 7913 3070 4899
880.909 7916 3071 4901
881.943 7919 3072 4903
882.949 7922 3072 4906
883.958 7924 3073 4908
884.961 7927 3073 4910
885.965 7930 3074 4912
886.97 7933 3075 4914
887.974 7934 3075 4915
888.978 7937 3076 4918
889.981 7939 3076 4919
891.008 7942 3077 4922
892.009 7945 3077 4924
893.015 7947 3078 4925
894.018 7950 3079 4927
895.021 7952 3079 4929
896.032 7954 3080 4931
897.034 7957 3080 4933
898.038 7959 3081 4935
899.042 7961 3081 4937
900.047 7963 3082 4938
901.066 7966 3082 4940
902.069 7968 3083 4942
903.075 7971 3083 4944
904.079 7973 3084 4946
905.082 7975 3084 4947
906.085 7978 3085 4949
907.089 7980 3085 4951
908.093 7983 3086 4953
909.097 7985 3087 4955
910.102 7987 3087 4957
911.106 7989 3088 4959
912.111 7992 3088 4960
913.114 7994 3089 4962
914.118 7996 3089 4964
915.121 7999 3090 4966
916.163 8001 3090 4967
917.166 8003 3091 4969
918.17 8006 3091 4971
919.173 8008 3092 4973
920.178 8010 3092 4975
921.181 8013 3093 4977
922.186 8015 3093 4978
923.189 8017 3094 4980
924.195 8019 3094 4982
925.198 8021 3095 4983
926.202 8023 3095 4985
927.212 8026 3096 4987
928.218 8028 3096 4988
929.222 8030 3097 4990
930.225 8032 3097 4991
931.229 8034 3098 4993
932.235 8036 3098 4995
933.238 8039 3099 4997
934.242 8041 3099 4998
935.246 8043 3100 5000
936.25 8045 3100 5002
937.261 8047 3101 5003
938.285 8050 3102 5005
939.286 8051 3102 5006
940.29 8053 3102 5008
941.294 8055 3103 5009
942.298 8057 3103 5011
943.302 8059 3104 5013
944.305 8061 3104 5014
945.33 8064 3105 5016
946.333 8065 3105 5017
947.338 8067 3106 5019
948.343 8070 3106 5021
949.346 8072 3107 5022
950.351 8073 3107 5024
951.354 8076 3108 5025
952.358 8078 3108 5027
953.363 8080 3109 5029
954.366 8082 3109 5030
955.37 8085 3110 5032
956.374 8087 3110 5034
957.379 8089 3111 5036
958.382 8091 3111 5038
959.386 8094 3112 5039
960.39 8096 3112 5041
961.394 8098 3113 5043
962.398 8101 3113 5045
963.416 8103 3114 5047
964.418 8105 3114 5048
965.422 8106 3115 5049
966.426 8108 3115 5051
967.43 8110 3116 5052
968.435 8111 3116 5053
969.439 8113 3116 5055
970.442 8115 3117 5056
971.474 8117 3117 5058
972.478 8119 3118 5059
973.482 8121 3118 5060
974.486 8122 3118 5061
975.493 8123 3119 5062
976.514 8125 3119 5064
977.52 8127 3120 5065
978.523 8129 3120 5067
979.526 8131 3120 5068
980.531 8132 3121 5069
981.535 8134 3121 5071
982.538 8136 3122 5072
983.543 8139 3122 5074
984.547 8141 3123 5076
985.551 8143 3123 5077
986.555 8144 3124 5079
987.559 8147 3124 5080
988.563 8148 3124 5082
989.567 8150 3125 5083
990.571 8151 3125 5084
991.575 8153 3125 5085
992.747 8155 3126 5087
993.751 8157 3126 5088
994.755 8158 3127 5090
995.759 8161 3127 5091
996.763 8162 3128 5092
997.766 8164 3128 5094
998.854 8165 3128 5095
999.858 8167 3129 5097
1000.86 8170 3129 5098
1001.9 8172 3130 5100
1002.94 8174 3130 5102
1003.94 8175 3131 5103
1004.95 8177 3131 5104
1005.95 8179 3131 5106
1006.96 8181 3132 5107
1007.96 8183 3132 5109
1008.96 8184 3133 5110
1009.97 8186 3133 5112
1010.97 8189 3134 5113
1011.97 8191 3134 5115
1012.98 8192 3135 5116
1013.98 8195 3135 5118
1014.99 8197 3136 5119
1015.99 8199 3136 5121
1016.99 8201 3137 5122
1018 8202 3137 5124
1019 8204 3137 5126
1020.01 8206 3138 5127
1021.01 8208 3138 5128
1022.02 8210 3139 5130
1023.02 8212 3139 5131
1024.02 8214 3140 5133
1025.03 8216 3140 5134
1026.03 8218 3141 5136
1027.03 8220 3141 5137
1028.04 8222 3141 5139
1029.04 8223 3142 5140
1030.05 8225 3142 5141
1031.05 8227 3143 5143
1032.05 8229 3143 5144
1033.06 8231 3144 5146
1034.07 8233 3144 5147
1035.07 8235 3145 5149
1036.08 8237 3145 5151
1037.08 8239 3146 5152
1038.08 8242 3146 5154
1039.09 8244 3147 5156
1040.1 8246 3147 5158
1041.1 8248 3148 5159
1042.1 8251 3148 5161
1043.11 8253 3149 5163
1044.13 8255 3149 5165
1045.13 8258 3150 5167
1046.13 8260 3150 5168
1047.14 8262 3151 5170
1048.14 8264 3151 5171
1049.14 8266 3152 5173
1050.15 8268 3152 5175
1051.15 8270 3153 5177
1052.16 8273 3153 5178
1053.16 8275 3154 5180
1054.16 8278 3155 5182
1055.17 8280 3155 5184
1056.17 8282 3155 5186
1057.18 8285 3156 5188
1058.18 8287 3157 5189
1059.18 8288 3157 5191
1060.51 8291 3158 5193
1061.51 8292 3158 5194
1062.52 8294 3158 5195
1063.52 8295 3158 5196
1064.52 8297 3159 5198
1065.75 8299 3159 5199
1066.79 8301 3160 5201
1067.8 8303 3160 5202
1068.81 8307 3161 5205
1069.81 8308 3161 5206
1070.81 8311 3162 5209
1071.82 8313 3163 5210
1072.82 8316 3163 5213
1073.83 8317 3163 5213
1074.83 8320 3164 5215
1075.83 8322 3165 5217
1076.84 8323 3165 5218
1077.84 8325 3165 5219
1078.85 8327 3166 5221
1079.85 8328 3166 5222
1080.87 8331 3167 5224
1081.87 8332 3167 5225
1082.88 8334 3167 5226
1083.88 8336 3168 5228
1084.89 8338 3168 5229
1085.92 8340 3169 5231
1086.92 8342 3169 5232
1087.93 8344 3169 5234
1088.93 8346 3170 5235
1089.94 8347 3170 5237
1090.94 8349 3171 5238
1091.94 8351 3171 5240
1092.95 8353 3172 5241
1093.95 8355 3172 5243
1094.95 8357 3172 5244
1096 8359 3173 5246
1097.01 8361 3173 5247
1098.01 8362 3174 5248
1099.01 8364 3174 5250
1100.02 8365 3174 5251
1101.02 8367 3175 5252
1102.03 8369 3175 5254
1103.03 8371 3176 5255
1104.03 8373 3176 5257
1105.05 8375 3177 5258
1106.06 8376 3177 5259
1107.06 8378 3177 5261
1108.07 8380 3178 5262
1109.07 8381 3178 5263
1110.08 8383 3179 5265
1111.08 8385 3179 5266
1112.08 8386 3179 5267
1113.09 8388 3180 5268
1114.09 8390 3180 5270
1115.09 8391 3180 5271
1116.11 8393 3181 5273
1117.13 8395 3181 5274
1118.14 8396 3182 5275
1119.14 8398 3182 5276
1120.15 8400 3182 5277
1121.15 8401 3183 5279
1122.16 8403 3183 5280
1123.16 8404 3183 5281
1124.26 8406 3184 5282
1125.26 8407 3184 5283
1126.27 8409 3184 5285
1127.27 8410 3185 5286
1128.27 8412 3185 5287
1129.28 8413 3186 5288
1130.28 8415 3186 5290
1131.29 8417 3186 5291
1132.29 8418 3187 5292
1133.3 8419 3187 5293
1134.3 8421 3187 5294
1135.31 8423 3188 5296
1136.31 8424 3188 5297
1137.32 8426 3188 5298
1138.32 8427 3189 5299
1139.32 8429 3189 5300
1140.33 8431 3190 5302
1141.35 8433 3190 5303
1142.37 8434 3190 5304
1143.37 8435 3191 5305
1144.38 8437 3191 5307
1145.38 8439 3192 5308
1146.39 8440 3192 5309
1147.39 8441 3192 5310
1148.4 8443 3192 5311
1149.4 8444 3193 5312
1150.44 8446 3193 5313
1151.44 8447 3193 5314
1152.44 8449 3194 5316
1153.45 8450 3194 5317
1154.45 8452 3195 5318
1155.45 8453 3195 5319
1156.46 8455 3195 5320
1157.46 8457 3196 5322
1158.47 8458 3196 5323
1159.47 8460 3197 5324
1160.48 8461 3197 5325
1161.48 8463 3197 5326
1162.48 8464 3198 5328
1163.49 8466 3198 5329
1164.49 8467 3198 5330
1165.49 8469 3199 5331
1166.51 8471 3199 5332
1167.51 8472 3199 5334
1168.56 8474 3200 5335
1169.57 8475 3200 5336
1170.57 8477 3200 5337
1171.57 8478 3201 5338
1172.57 8479 3201 5339
1173.58 8481 3201 5341
1174.58 8483 3202 5342
1175.59 8484 3202 5343
1176.59 8486 3202 5344
1177.59 8487 3203 5345
1178.64 8489 3203 5347
1179.65 8490 3204 5348
1180.65 8492 3204 5349
1181.66 8493 3204 5350
1182.66 8495 3205 5351
1183.66 8496 3205 5352
1184.66 8498 3205 5353
1185.66 8499 3206 5355
1186.67 8501 3206 5356
1187.67 8502 3206 5357
1188.68 8504 3207 5358
1189.68 8505 3207 5359
1190.68 8507 3207 5360
1191.68 8508 3208 5361
1192.68 8509 3208 5362
1193.68 8511 3208 5364
1194.69 8512 3209 5365
1195.69 8514 3209 5366
1196.69 8515 3209 5367
1197.69 8517 3210 5368
1198.69 8518 3210 5369
1199.69 8520 3210 5371
1200.69 8521 3211 5372
