 3544
 3619
 3642
 3644
 3653
 3654
 3659
 3675
 3697
 3706
 3716
 3806
 3806
 3807
 3822
 3828
 3850
 3853
 3861
 3861
 3876
 3888
 3914
 3926
 3928
 3939
 3942
 3945
 3963
 3968
 3972
 3989
 3998
 4002
 4002
 4014
 4028
 4042
 4042
 4051
 4058
 4058
 4064
 4068
 4078
 4083
 4085
 4089
 4097
 4100
 4100
 4103
 4123
 4123
 4123
 4125
 4125
 4127
 4142
 4146
 4150
 4152
 4153
 4157
 4161
 4166
 4170
 4171
 4173
 4181
 4183
 4184
 4194
 4194
 4202
 4208
 4210
 4211
 4212
 4215
 4216
 4218
 4219
 4227
 4227
 4232
 4233
 4235
 4249
 4251
 4264
 4264
 4265
 4278
 4280
 4284
 4290
 4292
 4295
 4299
 4302
 4303
 4312
 4326
 4332
 4351
 4355
 4357
 4358
 4367
 4371
 4376
 4376
 4377
 4383
 4396
 4403
 4407
 4411
 4414
 4423
 4432
 4433
 4434
 4434
 4442
 4449
 4454
 4455
 4459
 4462
 4467
 4483
 4484
 4495
 4498
 4507
 4510
 4514
 4518
 4529
 4536
 4536
 4536
 4538
 4540
 4552
 4555
 4559
 4560
 4563
 4568
 4568
 4573
 4580
 4582
 4585
 4588
 4595
 4599
 4608
 4608
 4608
 4616
 4626
 4628
 4629
 4631
 4632
 4633
 4636
 4639
 4642
 4643
 4644
 4647
 4649
 4658
 4659
 4665
 4666
 4666
 4669
 4670
 4676
 4681
 4686
 4686
 4687
 4687
 4690
 4690
 4696
 4696
 4701
 4703
 4704
 4710
 4714
 4717
 4718
 4720
 4722
 4723
 4727
 4729
 4733
 4734
 4734
 4738
 4746
 4750
 4750
 4753
 4759
 4770
 4773
 4782
 4783
 4783
 4784
 4793
 4794
 4800
 4803
 4803
 4805
 4810
 4811
 4812
 4820
 4823
 4824
 4829
 4830
 4834
 4847
 4848
 4851
 4854
 4855
 4861
 4867
 4869
 4870
 4871
 4884
 4896
 4903
 4912
 4920
 4920
 4934
 4948
 4954
 4970
 4978
 4983
 4997
 5005
 5008
 5013
 5018
 5044
 5045
 5062
 5064
 5065
 5092
 5092
 5093
 5100
 5103
 5104
 5115
 5120
 5121
 5124
 5129
 5132
 5137
 5145
 5149
 5150
 5152
 5152
 5156
 5158
 5160
 5173
 5176
 5182
 5188
 5190
 5194
 5195
 5197
 5199
 5202
 5204
 5205
 5211
 5213
 5217
 5218
 5219
 5222
 5231
 5234
 5237
 5237
 5241
 5242
 5242
 5243
 5244
 5244
 5245
 5247
 5248
 5248
 5256
 5260
 5260
 5260
 5265
 5265
 5270
 5271
 5272
 5274
 5280
 5284
 5286
 5289
 5289
 5296
 5298
 5306
 5306
 5309
 5310
 5311
 5317
 5329
 5331
 5332
 5336
 5343
 5360
 5376
 5380
 5381
 5388
 5393
 5397
 5397
 5398
 5399
 5401
 5403
 5407
 5408
 5415
 5426
 5428
 5433
 5433
 5434
 5435
 5437
 5438
 5438
 5456
 5464
 5464
 5468
 5468
 5470
 5480
 5487
 5490
 5491
 5497
 5513
 5516
 5517
 5517
 5528
 5529
 5535
 5542
 5542
 5543
 5556
 5566
 5575
 5587
 5592
 5599
 5613
 5615
 5616
 5623
 5666
 5666
 5678
 5690
 5699
 5701
 5703
 5721
 5731
 5733
 5734
 5735
 5748
 5754
 5754
 5762
 5765
 5774
 5776
 5779
 5780
 5789
 5796
 5800
 5810
 5815
 5832
 5840
 5842
 5864
 5868
 5869
 5872
 5876
 5890
 5898
 5903
 5904
 5907
 5909
 5915
 5921
 5926
 5933
 5941
 5948
 5949
 5953
 5967
 5971
 5983
 6007
 6008
 6010
 6025
 6025
 6032
 6036
 6037
 6053
 6057
 6062
 6062
 6069
 6072
 6073
 6086
 6088
 6089
 6102
 6104
 6106
 6106
 6111
 6129
 6137
 6146
 6151
 6167
 6167
 6184
 6186
 6192
 6192
 6199
 6223
 6227
 6231
 6236
 6240
 6241
 6241
 6249
 6250
 6257
 6264
 6277
 6279
 6282
 6284
 6290
 6295
 6296
 6332
 6344
 6345
 6345
 6363
 6365
 6373
 6374
 6374
 6381
 6385
 6388
 6389
 6395
 6397
 6400
 6406
 6407
 6410
 6429
 6445
 6456
 6473
 6476
 6496
 6499
 6518
 6519
 6523
 6541
 6555
 6573
 6574
 6582
 6585
 6586
 6604
 6608
 6613
 6623
 6624
 6639
 6644
 6648
 6649
 6660
 6666
 6690
 6703
 6725
 6729
 6753
 6777
 6791
 6802
 6818
 6825
 6828
 6837
 6856
 6857
 6860
 6878
 6879
 6880
 6883
 6893
 6894
 6898
 6900
 6901
 6909
 6909
 6912
 6916
 6919
 6923
 6935
 6948
 6987
 6993
 6994
 6999
 6999
 7009
 7015
 7018
 7026
 7044
 7045
 7245
 7453
 7485
