# timestamp	command count (MB)\n
-287.975 0
-253.033 0
-251.451 0
-246.585 0
-245.56 0
-244.51 0
-243.504 0
-242.426 0
-241.406 0
-240.402 0
-239.373 0
-237.396 0
-236.278 0
-235.251 0
-234.249 0
-232.115 0
-231 0
-229.904 0
-228.896 0
-227.092 0
-226.069 0
-225.069 0
-221.197 0
-220.195 0
-219.181 0
-218.181 0
-217.175 0
-213.438 0
-212.434 0
-211.433 0
-210.432 0
-206.815 0
-205.817 0
-204.812 0
-202.363 0
-201.365 0
-200.362 0
-197.641 0
-196.633 0
-195.632 0
-194.623 0
-191.994 0
-190.987 0
-189.985 0
-188.986 0
-186.443 0
-185.429 0
-184.425 0
-183.421 0
-180.097 0
-179.1 0
-178.097 0
-177.099 0
-175.174 0
-174.173 0
-173.166 0
-172.16 0
-169.685 0
-168.686 0
-167.685 0
-165.062 0
-164.045 0
-160.999 0
-159.997 0
-158.997 0
-156.959 0
-155.952 0
-154.942 0
-153.94 0
-151.043 0
-150.042 0
-149.041 0
-148.041 0
-145.176 0
-144.176 0
-143.174 0
-142.175 0
-139.671 0
-138.464 0
-137.464 0
-134.685 0
-133.363 0
-132.363 0
-129.437 0
-128.436 0
-127.439 0
-126.439 0
-123.852 0
-122.855 0
-121.854 0
-120.855 0
-119.851 0
-115.926 0
-114.927 0
-113.919 0
-111.888 0
-110.891 0
-109.887 0
-108.887 0
-106.086 0
-105.084 0
-104.087 0
-103.084 0
-100.701 0
-99.6916 0
-98.6885 0
-95.1802 0
-94.1679 0
-93.1662 0
-92.158 0
-89.3564 0
-88.3496 0
-87.3444 0
-84.9441 0
-83.9423 0
-81.0259 0
-80.0216 0
-78.0939 0
-77.0874 0
-76.0857 0
-72.2488 0
-71.2405 0
-70.2361 0
-66.2695 0
-65.268 0
-64.2641 0
-63.2609 0
-60.2442 0
-59.2396 0
-58.2366 0
-55.1939 0
-54.1845 0
-53.1842 0
-50.0312 0
-49.0256 0
-48.0222 0
-47.0069 0
-43.2192 0
-42.2106 0
-41.2067 0
-39.1381 0
-38.1016 0
-37.098 0
-36.0953 0
-35.0591 0
-33.335 0
-32.3244 0
-28.7031 0
-27.6975 0
-26.6922 0
-25.6894 0
-22.6135 0
-21.6056 0
-20.6016 0
-17.6165 0
-16.6133 0
-15.6103 0
-14.6066 0
-13.5698 0
-12.5582 0
-11.5529 0
-10.5507 0
-9.54667 0
-8.54038 0
-6.9943 0
-5.99053 0
-4.98655 0
-3.98255 0
-2.97852 0
-1.86423 0
0.006132 0
1.00957 0
2.01363 0
3.01896 0
4.02167 0
5.02567 0
6.02995 0
7.03374 0
8.03783 0
9.04178 0
10.0458 0
11.0498 0
12.0538 0
13.0625 0
14.0659 0
15.0704 0
16.0744 0
17.078 0
18.0822 0
19.086 0
20.09 0
21.094 0
22.0981 0
23.1021 0
24.1071 0
25.1101 0
26.1142 0
27.1182 0
28.1222 0
29.1262 0
30.1303 0
31.1343 0
32.1383 0
33.1423 0
34.1463 0
35.1503 0
36.1544 0
37.1584 0
38.1624 0
39.1664 0
40.1704 0
41.1744 0
42.1788 0
43.1825 0
44.2025 0
45.2065 0
46.2132 0
47.2145 0
48.2186 0
49.2226 0
50.2267 0
51.2306 0
52.2346 0
53.2387 0
54.2427 0
55.2467 0
56.2507 0
57.2547 0
58.2621 0
59.2627 0
60.2668 0
61.2708 0
62.2748 0
63.2788 0
64.2828 0
65.2869 0
66.2908 0
67.2949 0
68.2989 0
69.3029 0
70.3069 0
71.3109 0
72.315 0
73.3189 0
74.3229 0
75.327 0
76.3311 0
77.335 0
78.339 1
79.3431 1
80.347 2
81.3511 3
82.3551 3
83.3591 3
84.3631 4
85.3671 5
86.3711 5
87.3751 7
88.3792 9
89.3835 11
90.3872 17
91.3912 21
92.3952 31
93.3992 52
94.4032 82
95.4072 60
96.4112 93
97.4153 133
98.4193 121
99.4233 135
100.431 131
101.431 127
102.435 124
103.439 134
104.443 130
105.447 125
106.454 126
107.455 148
108.459 128
109.463 118
110.467 130
111.471 132
112.475 130
113.479 108
114.483 127
115.487 127
116.491 135
117.496 129
118.503 129
119.504 150
120.508 133
121.512 122
122.516 114
123.52 127
124.524 132
125.528 135
126.532 133
127.536 127
128.544 118
129.548 135
130.552 131
131.556 122
132.56 120
133.564 122
134.568 135
135.572 121
136.576 127
137.58 122
138.584 113
139.588 134
140.588 122
141.592 114
142.596 125
143.6 138
144.604 110
145.608 133
146.612 138
147.619 123
148.62 125
149.624 126
150.628 126
151.632 125
152.636 116
153.64 132
154.644 124
155.648 125
156.664 130
157.664 119
158.664 119
159.664 126
160.664 116
161.664 130
162.665 142
163.664 105
164.664 127
165.664 127
166.664 125
167.664 124
168.664 123
169.67 133
170.672 116
171.672 127
172.672 132
173.672 117
174.672 117
175.672 128
176.672 117
177.672 126
178.672 127
179.672 111
180.672 139
181.672 125
182.678 121
183.676 131
184.676 123
185.676 119
186.676 122
187.676 125
188.676 121
189.676 129
190.676 140
191.676 107
192.676 143
193.675 113
194.676 131
195.675 116
196.675 137
197.675 111
198.675 125
199.676 148
200.675 123
201.676 133
202.675 113
203.675 143
204.675 126
205.675 134
206.675 123
207.676 152
208.675 128
209.675 128
210.675 131
211.675 129
212.675 122
213.68 127
214.679 127
215.679 120
216.679 126
217.679 120
218.679 131
219.679 137
220.679 123
221.68 137
222.679 129
223.679 128
224.679 131
225.679 131
226.679 148
227.679 139
228.679 131
229.679 127
230.679 148
231.679 125
232.679 148
233.679 117
234.679 140
235.679 136
236.679 139
237.679 136
238.679 112
239.679 143
240.679 138
241.679 137
242.679 126
243.679 139
244.679 132
245.689 150
246.687 128
247.687 146
248.687 138
249.687 159
250.687 135
251.687 154
252.687 132
253.687 133
254.687 146
255.687 136
256.687 128
257.687 147
258.687 133
259.687 139
260.687 109
261.687 145
262.687 138
263.687 140
264.687 150
265.693 112
266.691 138
267.691 150
268.691 128
269.691 143
270.691 160
271.691 112
272.691 149
273.691 147
274.691 143
275.691 151
276.691 123
277.691 155
278.691 143
279.691 151
280.691 178
281.691 130
282.691 154
283.691 169
284.691 153
285.691 141
286.691 159
287.691 144
288.691 163
289.691 157
290.691 157
291.691 139
292.691 146
293.691 178
294.691 123
295.695 150
296.695 166
297.695 143
298.699 142
299.699 166
300.703 160
301.703 138
302.707 164
303.707 179
304.711 130
305.715 158
306.719 177
307.719 169
308.723 145
309.727 168
310.731 190
311.735 126
312.739 169
313.743 173
314.747 150
315.751 165
316.755 173
317.759 175
318.763 155
319.767 145
320.771 163
321.775 182
322.779 147
323.783 168
324.787 171
325.791 164
326.795 171
327.799 193
328.805 166
329.807 151
330.811 206
331.817 159
332.819 166
333.823 199
334.827 158
335.831 178
336.835 174
337.839 195
338.843 156
339.847 160
340.853 176
341.855 174
342.863 175
343.863 176
344.867 176
345.871 200
346.875 169
347.879 169
348.883 181
349.887 199
350.893 172
351.895 174
352.899 158
353.903 192
354.907 185
355.911 159
356.915 198
357.919 178
358.923 196
359.927 184
360.931 171
361.935 187
362.939 213
363.943 178
364.947 178
365.951 185
366.955 207
367.959 188
368.963 161
369.967 191
370.971 190
371.975 204
372.979 184
373.983 195
374.987 153
375.991 184
376.995 218
377.999 201
379.003 155
380.007 186
381.011 209
382.015 191
383.019 196
384.023 227
385.027 149
386.031 209
387.035 226
388.039 194
389.043 234
390.047 190
391.051 203
392.055 216
393.059 182
394.063 208
395.067 244
396.071 212
397.075 239
398.087 202
399.091 208
400.095 215
401.099 199
402.103 215
403.107 257
404.121 205
405.123 207
406.127 238
407.131 224
408.135 233
409.139 210
410.143 216
411.147 221
412.151 211
413.155 203
414.159 211
415.163 223
416.167 234
417.171 192
418.175 235
419.179 219
420.183 239
421.187 230
422.191 199
423.195 246
424.199 274
425.203 218
426.207 280
427.211 205
428.215 280
429.219 209
430.223 289
431.227 286
432.231 288
433.235 258
434.24 394
435.243 257
436.255 481
437.255 261
438.259 290
439.263 281
440.267 404
441.271 550
442.275 104
443.279 247
444.283 352
445.287 533
446.291 98
447.295 265
448.299 276
449.304 675
450.307 106
451.311 296
452.315 362
453.32 374
454.323 275
455.328 490
456.331 311
457.336 290
458.34 333
459.343 380
460.347 312
461.351 323
462.355 382
463.36 519
464.367 203
465.372 359
466.376 305
467.38 429
468.384 622
469.387 84
470.391 254
471.395 346
472.4 225
473.404 681
474.408 255
475.412 310
476.416 211
477.42 434
478.424 775
479.428 136
480.432 85
481.436 237
482.44 266
483.444 295
484.448 736
485.452 224
486.456 149
487.46 245
488.464 287
489.468 533
490.472 155
491.476 496
492.48 245
493.484 344
494.488 634
495.492 108
496.496 267
497.5 268
498.504 363
499.508 351
500.512 882
501.516 444
502.52 31
503.524 172
504.528 230
505.532 236
506.536 246
507.54 656
508.544 810
509.548 21
510.555 90
511.556 230
512.56 233
513.564 241
514.568 265
515.572 589
516.576 814
517.58 409
518.584 24
519.588 99
520.592 224
521.596 245
522.6 225
523.604 306
524.608 279
525.612 385
526.617 818
527.62 836
528.625 10
529.628 27
530.632 111
531.632 222
532.636 223
533.64 252
534.644 256
535.648 331
536.652 796
537.656 845
538.66 155
539.664 17
540.668 114
541.672 216
542.676 230
543.68 206
544.684 270
545.688 220
546.692 634
547.696 857
548.7 291
549.704 18
550.708 89
551.712 238
552.716 265
553.72 240
554.724 261
555.729 340
556.732 712
557.736 70
558.74 222
559.744 270
560.748 335
561.752 456
562.757 290
563.76 349
564.764 925
565.768 157
566.772 72
567.776 208
568.78 240
569.784 285
570.788 727
571.797 132
572.8 170
573.804 246
574.809 405
575.812 222
576.817 725
577.821 964
578.824 463
579.828 103
580.832 40
581.836 107
582.84 236
583.844 226
584.848 233
585.852 263
586.861 276
587.864 410
588.868 567
589.872 121
590.876 236
591.88 286
592.884 729
593.888 56
594.892 218
595.896 244
596.901 723
597.904 253
598.908 192
599.912 262
600.916 447
601.92 371
602.925 252
603.928 277
604.932 513
605.936 277
606.954 526
607.956 174
608.962 530
609.964 235
610.968 424
611.977 325
612.98 324
613.984 419
614.988 255
616.002 508
617.004 401
618.008 357
619.012 335
620.016 325
621.02 438
622.024 423
623.028 438
624.032 284
625.036 497
626.041 281
627.046 407
628.048 894
629.063 261
630.064 81
631.068 254
632.072 245
633.076 758
634.08 82
635.085 253
636.088 305
637.093 844
638.097 922
639.1 28
640.104 68
641.108 242
642.112 192
643.116 272
644.12 255
645.125 660
646.129 857
647.132 175
648.136 83
649.14 218
650.144 255
651.148 274
652.153 470
653.156 988
654.16 720
655.164 351
656.168 24
657.172 136
658.178 213
659.18 292
660.184 148
661.189 512
662.207 871
663.208 41
664.213 199
665.216 242
666.221 353
667.224 1011
668.231 164
669.233 200
670.237 325
671.241 458
672.245 449
673.249 289
674.253 454
675.257 674
676.261 211
677.265 468
678.269 459
679.273 292
680.277 760
681.281 136
682.285 663
683.289 250
684.293 371
685.297 739
686.301 135
687.306 640
688.309 187
689.313 552
690.317 381
691.321 323
692.325 695
693.329 258
694.334 632
695.337 231
696.342 583
697.346 355
698.35 327
699.354 846
700.358 166
701.362 628
702.366 356
703.37 288
704.374 418
705.378 344
706.382 848
707.386 343
708.39 245
709.394 462
710.398 553
711.402 252
712.406 417
713.41 329
714.414 861
715.418 262
716.425 341
717.426 579
718.431 276
719.435 758
720.439 230
721.442 265
722.446 669
723.451 235
724.455 624
725.459 160
726.463 604
727.467 540
728.471 215
729.475 412
730.48 623
731.483 401
732.487 393
733.491 522
734.495 694
735.499 171
736.507 571
737.511 237
738.515 594
739.519 403
740.523 308
741.527 735
742.531 228
743.535 672
744.539 278
745.543 344
746.547 513
747.551 236
748.555 587
749.56 664
750.563 342
751.567 256
752.572 331
753.576 756
754.58 281
755.584 322
756.588 743
757.592 127
758.596 587
759.6 185
760.6 533
761.604 510
762.608 238
763.612 417
764.616 437
765.62 486
766.624 353
767.628 775
768.632 136
769.636 432
770.64 528
771.644 454
772.652 275
773.652 850
774.656 308
775.66 245
776.664 266
777.668 743
778.672 200
779.676 313
780.681 889
781.684 625
782.688 72
783.692 247
784.697 231
785.701 318
786.705 1044
787.71 832
788.713 215
789.717 88
790.721 221
791.725 235
792.729 239
793.733 360
794.737 1146
795.741 702
796.745 47
797.749 138
798.753 260
799.757 235
800.761 267
801.765 534
802.769 1230
803.773 139
804.777 59
805.781 175
806.785 315
807.789 225
808.794 442
809.797 1137
810.804 681
811.805 23
812.809 93
813.813 258
814.817 236
815.823 226
816.826 469
817.865 890
818.87 96
819.873 169
820.878 274
821.882 540
822.886 378
823.89 384
824.894 266
825.898 808
826.915 178
827.919 321
828.922 666
829.926 890
830.93 40
831.934 179
832.938 274
833.942 274
834.946 960
835.95 975
836.954 212
837.958 52
838.962 199
839.966 260
840.97 197
841.974 309
842.978 907
843.983 997
844.986 398
845.99 25
846.994 132
847.998 221
849.002 237
850.006 235
851.01 314
852.014 899
853.02 962
854.022 176
855.026 35
856.03 143
857.034 260
858.039 234
859.043 286
860.047 869
861.051 1024
862.055 17
863.059 73
864.063 239
865.067 223
866.071 272
867.075 762
868.079 431
869.083 113
870.087 287
871.091 226
872.095 429
873.099 1005
874.114 704
875.115 172
876.119 90
877.123 240
878.127 248
879.131 216
880.135 504
881.139 1110
882.143 280
883.147 43
884.151 189
885.155 238
886.159 312
887.164 440
888.167 1006
889.171 39
890.175 164
891.179 263
892.183 504
893.187 301
894.191 347
895.195 330
896.2 1084
897.203 690
898.207 51
899.211 187
900.215 252
901.219 276
902.224 761
903.228 88
904.232 304
905.236 626
906.24 288
907.249 789
908.252 92
909.256 228
910.26 614
911.264 775
912.268 67
913.268 219
914.272 270
915.276 279
916.28 897
917.284 182
918.288 274
919.292 242
920.296 470
921.3 593
922.306 399
923.308 292
924.312 456
925.327 686
926.328 139
927.332 504
928.336 489
929.34 247
930.344 297
931.348 942
932.352 220
933.356 225
934.36 260
935.364 445
936.368 735
937.373 425
938.377 138
939.38 242
940.384 357
941.388 571
942.392 256
943.396 624
944.401 875
945.404 66
946.408 176
947.412 257
948.417 475
949.421 505
950.425 475
951.429 218
952.433 355
953.437 800
954.446 168
955.449 298
956.453 312
957.458 1023
958.477 127
959.481 224
960.485 224
961.489 689
962.493 844
963.497 44
964.501 197
965.505 279
966.509 267
967.513 955
968.517 246
969.521 187
970.525 240
971.529 427
972.533 1065
973.537 210
974.541 115
975.545 280
976.549 235
977.553 413
978.557 1000
979.561 223
980.569 115
981.574 257
982.577 285
983.582 580
984.586 1042
985.589 515
986.597 36
987.601 166
988.606 293
989.609 177
990.614 475
991.617 452
992.621 190
993.625 359
994.63 720
995.634 941
996.637 26
997.641 158
998.645 222
999.65 251
1000.65 646
1001.66 565
1002.66 115
1003.67 260
1004.67 569
1005.67 315
1006.68 261
1007.68 565
1008.69 219
1009.69 569
1010.69 349
1011.7 368
1012.7 815
1013.71 130
1014.71 302
1015.71 600
1016.72 419
1017.72 221
1018.73 306
1019.73 967
1020.73 250
1021.74 178
1022.75 299
1023.75 274
1024.76 716
1025.76 985
1026.77 324
1027.77 71
1028.77 220
1029.78 225
1030.78 337
1031.79 585
1032.8 837
1033.81 41
1034.81 177
1035.81 229
1036.82 295
1037.82 816
1038.83 628
1039.83 60
1040.83 220
1041.84 221
1042.84 320
1043.85 956
1044.85 642
1045.85 45
1046.86 208
1047.86 289
1048.87 254
1049.87 414
1050.88 959
1051.88 361
1052.88 106
1053.89 252
1054.89 250
1055.89 361
1056.9 1047
1057.9 202
1058.91 101
1059.91 322
1060.92 253
1061.92 479
1062.92 1011
1063.93 549
1064.93 27
1065.93 152
1066.94 269
1067.94 204
1068.95 290
1069.95 1039
1070.96 68
1071.96 162
1072.96 259
1073.97 248
1074.97 667
1075.97 1018
1076.98 539
1077.98 19
1078.99 94
1080 261
1081 178
1082.01 281
1083.01 403
1084.01 373
1085.03 792
1086.03 109
1087.03 272
1088.04 412
1089.04 1062
1090.04 44
1091.05 131
1092.06 365
1093.06 164
1094.07 594
1095.07 1012
1096.08 278
1097.08 63
1098.08 216
1099.09 263
1100.09 312
1101.1 368
1102.1 739
1103.1 149
1104.11 260
1105.11 605
1106.12 286
1107.12 723
1108.12 148
1109.13 273
1110.13 684
1111.14 969
1112.14 47
1113.14 142
1114.15 230
1115.15 268
1116.16 655
1117.16 657
1118.16 96
1119.17 227
1120.17 236
1121.18 858
1122.18 172
1123.18 239
1124.19 293
1125.19 670
1126.2 207
1127.2 238
1128.2 743
1129.21 981
1130.21 516
1131.22 121
1132.22 94
1133.23 291
1134.23 205
1135.24 277
1136.24 375
1137.25 376
1138.25 1002
1139.25 68
1140.26 157
1141.27 302
1142.27 379
1143.27 402
1144.28 394
1145.28 749
1146.28 346
1147.29 219
1148.29 288
1149.3 549
1150.3 493
1151.3 196
1152.31 442
1153.31 424
1154.32 1002
1155.32 659
1156.32 32
1157.33 178
1158.33 226
1159.34 270
1160.34 327
1161.34 513
1162.35 537
1163.36 290
1164.36 350
1165.36 321
1166.37 1050
1167.37 658
1168.38 36
1169.38 189
1170.38 247
1171.39 264
1172.39 255
1173.4 1123
1174.4 131
1175.4 170
1176.41 259
1177.41 245
1178.42 875
1179.42 481
1180.42 109
1181.43 262
1182.43 241
1183.44 914
1184.44 641
1185.44 55
1186.45 182
1187.45 266
1188.46 312
1189.46 943
1190.46 358
1191.47 111
1192.47 248
1193.48 282
1194.48 439
1195.48 1132
1196.49 608
1197.49 128
1198.5 86
1199.5 229
1200.5 240
1201.51 250
1202.51 307
1203.52 1071
1204.52 755
1205.53 176
1206.54 50
1207.54 164
1208.54 284
1209.55 223
1210.55 522
1211.56 285
1212.56 313
1213.57 944
1214.57 570
1215.57 76
1216.58 157
1217.58 270
1218.59 238
1219.59 782
1220.59 987
1221.6 51
1222.61 56
1223.62 264
1224.63 260
1225.63 253
1226.63 477
1227.64 1119
1228.64 484
1229.65 308
1230.65 60
1231.65 187
1232.66 234
1233.66 241
1234.67 249
1235.67 519
1236.67 550
1237.68 386
1238.68 238
1239.69 317
1240.69 931
1241.69 947
1242.7 217
1243.7 45
1244.71 155
1245.71 279
1246.71 217
1247.72 284
1248.72 869
1249.73 1086
1250.73 157
1251.73 558
1252.74 45
1253.74 156
1254.75 234
1255.75 224
1256.76 354
1257.76 226
1258.77 538
1259.77 1105
1260.78 398
1261.78 672
1262.78 233
1263.79 49
1264.79 148
1265.79 262
1266.8 188
1267.8 274
1268.81 240
1269.81 704
1270.81 1142
1271.82 248
1272.82 38
1273.83 169
1274.83 196
1275.83 315
1276.84 301
1277.84 1112
1278.85 340
1279.85 63
1280.85 172
1281.86 264
1282.86 254
1283.87 647
1284.87 275
1285.87 263
1286.88 974
1287.88 1007
1288.89 224
1289.89 413
1290.89 86
1291.9 234
1292.9 197
1293.91 330
1294.91 214
1295.92 646
1296.92 1237
1297.93 164
1298.93 481
1299.93 512
1300.94 49
1301.94 185
1302.95 234
1303.95 217
1304.95 224
1305.96 254
1306.97 476
1307.97 479
1308.97 1082
1309.98 67
1311 152
1312 317
1313.01 199
1314.02 648
1315.02 1093
1316.02 306
1317.03 897
1318.03 16
1319.03 80
1320.04 223
1321.04 216
1322.05 270
1323.05 224
1324.05 303
1325.06 1074
1326.06 190
1327.07 145
1328.07 288
1329.07 300
1330.1 1079
1331.1 111
1332.1 207
1333.11 247
1334.11 323
1335.12 1235
1336.12 571
1337.12 579
1338.13 166
1339.13 67
1340.13 223
1341.14 216
1342.14 270
1343.15 222
1344.15 661
1345.15 1117
1346.16 420
1347.16 36
1348.17 99
1349.17 270
1350.17 205
1351.18 295
1352.18 576
1353.19 224
1354.19 682
1355.19 306
1356.2 893
1357.2 583
1358.21 47
1359.21 199
1360.21 215
1361.22 263
1362.22 965
1363.23 860
1364.23 19
1365.23 128
1366.24 258
1367.24 260
1368.25 256
1369.25 875
1370.25 1059
1371.26 60
1372.26 55
1373.27 190
1374.27 267
1375.27 251
1376.28 658
1377.28 1176
1378.29 255
1379.29 49
1380.3 232
1381.3 238
1382.3 377
1383.31 264
1384.31 624
1385.32 771
1386.32 896
1387.33 25
1388.34 100
1389.34 252
1390.34 223
1391.35 730
1392.35 464
1393.36 171
1394.36 215
1395.38 634
1396.38 285
1397.38 1094
1398.39 356
1399.39 85
1400.4 252
1401.4 236
1402.4 287
1403.41 520
1404.41 733
1405.42 1079
1406.42 139
1407.42 56
1408.43 191
1409.43 240
1410.44 270
1411.44 732
1412.44 1189
1413.45 465
1414.45 108
1415.46 93
1416.46 224
1417.46 244
1418.47 244
1419.47 254
1420.48 710
1421.48 198
1422.48 313
1423.49 767
1424.49 1084
1425.5 163
1426.5 811
1427.5 29
1428.51 144
1429.51 235
1430.52 292
1431.52 206
1432.52 336
1433.53 481
1434.53 283
1435.54 899
1436.54 985
1437.54 209
1438.55 62
1439.55 156
1440.56 327
1441.56 190
1442.56 369
1443.57 720
1444.57 164
1445.58 277
1446.58 824
1447.58 1156
1448.59 504
1449.59 17
1450.59 93
1451.6 228
1452.6 225
1453.6 238
1454.61 341
1455.61 1151
1456.62 115
1457.62 184
1458.62 249
1459.63 312
1460.65 1057
1461.65 148
1462.66 208
1463.66 367
1464.66 1110
1465.67 356
1466.67 101
1467.68 254
1468.68 245
1469.69 301
1470.69 1080
1471.69 774
1472.7 25
1473.7 99
1474.7 270
1475.71 197
1476.71 293
1477.74 928
1478.74 146
1479.75 959
1480.75 130
1481.76 146
1482.76 297
1483.76 207
1484.77 695
1485.77 1073
1486.78 499
1487.78 219
1488.78 102
1489.79 306
1490.79 182
1491.8 330
1492.8 497
1493.8 266
1494.81 650
1495.81 459
1496.82 814
1497.83 143
1498.83 213
1499.84 228
1500.84 434
1501.84 822
1502.85 215
1503.85 132
1504.86 428
1505.87 952
1506.89 102
1507.9 202
1508.91 291
1509.91 505
1510.92 1106
1511.92 440
1512.92 39
1513.93 189
1514.93 273
1515.94 190
1516.94 433
1517.94 1163
1518.95 514
1519.95 687
1520.96 22
1521.96 114
1522.96 218
1523.97 196
1524.97 226
1525.98 395
1526.98 445
1527.98 588
1528.99 581
1529.99 231
1531 260
1532 376
1533 644
1534.01 222
1535.02 611
1536.02 446
1537.02 1047
1538.03 457
1539.03 320
1540.04 107
1541.04 247
1542.04 198
1543.05 295
1544.05 297
1545.06 1102
1546.06 767
1547.06 419
1548.07 25
1549.07 139
1550.08 208
1551.08 262
1552.08 268
1553.09 786
1554.09 474
1555.1 129
1556.1 249
1557.11 295
1558.11 1099
1559.11 856
1560.12 456
1561.13 24
1562.13 119
1563.14 263
1564.14 213
1565.15 310
1566.15 292
1567.15 762
1568.16 1191
1569.17 84
1570.17 994
1571.18 11
1572.18 76
1573.19 199
1574.19 209
1575.19 268
1576.2 185
1577.2 318
1578.21 806
1579.21 1066
1580.21 201
1581.22 509
1582.22 34
1583.23 155
1584.23 236
1585.23 211
1586.24 255
1587.24 729
1588.25 151
1589.25 260
1590.25 496
1591.26 1135
1592.26 414
1593.27 724
1594.27 236
1595.27 55
1596.28 190
1597.28 227
1598.29 216
1599.29 273
1600.29 238
1601.3 372
1602.3 761
1603.31 1159
1604.31 35
1605.31 1064
1606.32 13
1607.32 48
1608.33 158
1609.33 290
1610.33 203
1611.34 278
1612.34 238
1613.35 514
1614.35 1073
1615.35 447
1616.36 647
1617.36 18
1618.37 97
1619.37 211
1620.37 249
1621.38 233
1622.38 272
1623.39 820
1624.39 244
1625.39 224
1626.4 288
1627.4 1162
1628.41 202
1629.41 168
1630.41 181
1631.42 237
1632.42 781
1633.43 770
1634.43 56
1635.43 184
1636.44 258
1637.44 547
1638.45 296
1639.45 300
1640.45 845
1641.46 187
1642.46 442
1643.47 244
1644.47 790
1645.47 400
1646.48 203
1647.48 252
1648.49 948
1649.49 495
1650.49 100
1651.5 236
1652.5 298
1653.51 918
1654.51 641
1655.51 47
1656.52 167
1657.52 242
1658.53 282
1659.53 810
1660.53 589
1661.54 97
1662.54 210
1663.55 260
1664.55 603
1665.55 280
1666.56 1104
1667.56 508
1668.57 62
1669.57 232
1670.57 242
1671.58 229
1672.58 379
1673.59 1158
1674.59 584
1675.59 659
1676.6 94
1677.6 92
1678.61 231
1679.61 204
1680.61 232
1681.62 246
1682.62 251
1683.63 841
1684.63 1166
1685.63 349
1686.64 29
1687.64 100
1688.65 257
1689.65 192
1690.65 271
1691.66 346
1692.66 1111
1693.67 773
1694.68 28
1695.69 70
1696.69 216
1697.69 256
1698.7 269
1699.7 471
1700.71 245
1701.71 524
1702.72 1094
1703.72 431
1704.72 52
1705.73 153
1706.73 249
1707.74 272
1708.74 637
1709.74 248
1710.75 288
1711.75 625
1712.76 1097
1713.76 319
1714.77 699
1715.77 26
1716.78 151
1717.78 220
1718.78 239
1719.79 216
1720.79 385
1721.8 514
1722.8 412
1723.8 873
1724.81 564
1725.81 43
1726.82 176
1727.82 245
1728.82 264
1729.83 289
1730.83 1007
1731.84 847
1732.84 355
1733.84 32
1734.85 111
1735.86 311
1736.87 230
1737.88 238
1738.89 455
1739.9 1047
1740.9 186
1741.91 117
1742.91 201
1743.92 244
1744.92 298
1745.92 1091
1746.93 748
1747.93 313
1748.94 45
1749.94 174
1750.94 223
1751.94 264
1752.95 289
1753.95 709
1754.96 1116
1755.96 213
1756.96 44
1757.97 148
1758.97 294
1759.98 191
1760.98 274
1761.98 752
1762.99 1222
1763.99 63
1765 910
1766 14
1767.01 85
1768.01 221
1769.02 211
1770.02 247
1771.02 291
1772.03 245
1773.03 569
1774.04 1144
1775.04 329
1776.06 740
1777.06 18
1778.06 102
1779.07 199
1780.07 219
1781.08 221
1782.08 263
1783.08 567
1784.09 183
1785.09 576
1786.1 627
1787.1 241
1788.1 215
1789.11 810
1790.11 1126
1791.12 453
1792.12 18
1793.12 89
1794.13 269
1795.13 210
1796.14 229
1797.14 424
1798.14 314
1799.15 1147
1800.15 307
1801.16 95
1802.16 217
1803.16 215
1804.17 286
1805.17 433
1806.19 625
1807.2 295
1808.21 934
1809.21 53
