# timestamp	GC Total Latency (msec)		Read Latency (msec)	Write Latency (msec)\n
78.0421 34 17 10
79.0461 63 35 22
80.0502 83 47 30
81.0543 100 57 38
82.0584 116 66 44
83.0624 130 75 50
84.0665 146 85 57
85.0706 163 95 64
86.0747 183 106 72
87.0788 204 119 81
88.0829 233 136 94
89.091 268 156 109
90.095 316 183 130
91.0991 378 217 158
92.1033 458 261 196
93.1073 568 317 250
94.1115 738 397 341
95.1154 963 499 464
96.1195 1147 562 587
97.1236 1359 649 713
98.1279 1583 739 849
99.1317 1738 802 944
100.136 1927 881 1055
101.14 2081 945 1147
102.144 2229 1005 1236
103.148 2353 1057 1308
104.152 2485 1109 1388
105.156 2603 1159 1459
106.16 2710 1203 1522
107.164 2804 1239 1580
108.168 2898 1277 1638
109.172 2993 1314 1696
110.177 3086 1352 1752
111.181 3158 1381 1795
112.185 3232 1411 1840
113.189 3303 1439 1883
114.194 3378 1470 1928
115.197 3439 1494 1965
116.197 3497 1516 2000
117.201 3553 1539 2035
118.205 3609 1562 2067
119.209 3663 1585 2100
120.213 3711 1605 2129
121.217 3759 1622 2158
122.221 3801 1638 2185
123.225 3844 1656 2211
124.229 3884 1672 2234
125.238 3923 1688 2259
126.241 3962 1704 2282
127.246 3997 1718 2302
128.25 4029 1732 2322
129.274 4068 1747 2345
130.278 4101 1760 2365
131.282 4132 1773 2384
132.286 4159 1783 2401
133.29 4190 1796 2419
134.294 4218 1808 2436
135.298 4246 1818 2454
136.302 4269 1827 2467
137.306 4290 1835 2481
138.31 4314 1845 2496
139.314 4340 1856 2511
140.318 4359 1864 2522
141.322 4379 1871 2534
142.326 4402 1881 2548
143.33 4420 1888 2559
144.334 4440 1897 2571
145.338 4459 1905 2582
146.343 4481 1914 2595
147.346 4497 1920 2604
148.351 4514 1927 2614
149.355 4532 1935 2625
150.359 4550 1942 2636
151.363 4561 1947 2643
152.367 4577 1953 2652
153.371 4593 1960 2662
154.375 4605 1965 2668
155.379 4620 1971 2677
156.383 4634 1977 2685
157.387 4648 1983 2693
158.391 4661 1989 2701
159.395 4676 1995 2709
160.399 4688 2000 2717
161.403 4700 2005 2723
162.407 4709 2009 2729
163.411 4722 2014 2737
164.415 4733 2018 2744
165.419 4743 2022 2750
166.423 4756 2027 2757
167.427 4765 2031 2763
168.431 4775 2035 2769
169.435 4785 2040 2775
170.439 4797 2044 2782
171.443 4806 2048 2788
172.447 4816 2052 2793
173.451 4825 2056 2799
174.455 4833 2059 2804
175.46 4844 2063 2810
176.463 4852 2067 2815
177.468 4859 2070 2819
178.472 4869 2074 2825
179.476 4877 2077 2830
180.496 4884 2080 2834
181.5 4893 2084 2839
182.504 4899 2087 2843
183.508 4907 2090 2847
184.512 4915 2093 2852
185.516 4921 2096 2856
186.52 4929 2099 2860
187.524 4936 2102 2865
188.528 4944 2105 2869
189.532 4951 2107 2873
190.539 4960 2111 2879
191.54 4966 2113 2882
192.544 4973 2116 2887
193.548 4981 2119 2892
194.552 4988 2122 2896
195.556 4993 2125 2899
196.56 5000 2127 2904
197.576 5008 2130 2908
198.58 5013 2133 2911
199.584 5020 2135 2915
200.588 5027 2138 2920
201.592 5033 2141 2923
202.596 5041 2144 2928
203.6 5047 2146 2932
204.606 5053 2148 2935
205.608 5058 2150 2939
206.612 5065 2153 2943
207.616 5070 2155 2947
208.622 5077 2157 2951
209.624 5081 2159 2954
210.632 5088 2162 2958
211.636 5094 2164 2961
212.648 5101 2167 2965
213.652 5107 2169 2969
214.664 5114 2172 2973
215.668 5118 2173 2976
216.672 5124 2176 2980
217.676 5130 2178 2983
218.68 5135 2180 2986
219.684 5141 2182 2990
220.69 5147 2185 2994
221.693 5152 2187 2997
222.696 5159 2190 3001
223.7 5163 2191 3003
224.704 5169 2194 3007
225.708 5173 2195 3010
226.712 5179 2198 3013
227.716 5184 2200 3016
228.721 5189 2202 3019
229.725 5193 2203 3021
230.729 5198 2205 3025
231.733 5203 2207 3028
232.737 5210 2210 3032
233.753 5214 2212 3035
234.757 5219 2213 3037
235.761 5223 2215 3040
236.765 5228 2217 3043
237.769 5233 2219 3046
238.773 5238 2221 3049
239.777 5243 2223 3053
240.781 5247 2224 3055
241.785 5253 2226 3059
242.789 5257 2228 3061
243.796 5263 2230 3065
244.797 5266 2231 3067
245.801 5271 2233 3070
246.805 5276 2235 3073
247.809 5280 2237 3076
248.813 5285 2238 3079
249.817 5288 2239 3081
250.821 5294 2241 3085
251.825 5299 2243 3088
252.829 5304 2245 3092
253.833 5307 2246 3094
254.837 5313 2247 3098
255.841 5317 2249 3101
256.845 5321 2250 3104
257.849 5328 2252 3108
258.853 5331 2253 3111
259.857 5335 2254 3114
260.861 5340 2255 3118
261.865 5344 2257 3120
262.869 5350 2259 3125
263.873 5355 2260 3128
264.877 5361 2262 3132
265.881 5367 2264 3135
266.885 5372 2266 3139
267.889 5378 2268 3143
268.893 5383 2270 3146
269.897 5389 2272 3150
270.901 5394 2273 3154
271.905 5399 2275 3157
272.91 5403 2276 3161
273.913 5410 2278 3165
274.917 5416 2280 3169
275.926 5422 2282 3173
276.929 5425 2283 3175
277.929 5430 2285 3179
278.933 5436 2287 3183
279.933 5441 2288 3187
280.933 5448 2291 3191
281.933 5453 2292 3194
282.933 5457 2294 3198
283.933 5465 2296 3203
284.933 5470 2297 3207
285.933 5476 2299 3210
286.933 5483 2302 3215
287.933 5489 2304 3219
288.933 5493 2305 3222
289.933 5499 2307 3226
290.933 5505 2309 3230
291.933 5509 2310 3234
292.933 5517 2312 3239
293.933 5520 2313 3241
294.933 5526 2315 3245
295.933 5532 2317 3250
296.941 5538 2318 3254
297.941 5542 2319 3257
298.941 5546 2321 3260
299.941 5553 2323 3265
300.941 5558 2324 3268
301.941 5564 2326 3272
302.948 5570 2328 3276
303.945 5576 2330 3280
304.945 5582 2332 3285
305.948 5588 2334 3289
306.945 5592 2335 3292
307.945 5599 2337 3297
308.945 5606 2339 3302
309.945 5610 2340 3305
310.945 5614 2342 3308
311.945 5621 2344 3313
312.945 5626 2345 3316
313.945 5632 2347 3320
314.945 5638 2349 3324
315.945 5643 2350 3328
316.945 5649 2352 3332
317.945 5655 2354 3336
318.945 5659 2355 3339
319.945 5666 2357 3344
320.945 5670 2358 3347
321.945 5675 2359 3351
322.945 5681 2361 3356
323.945 5686 2362 3359
324.945 5691 2364 3363
325.945 5698 2366 3368
326.945 5704 2367 3372
327.945 5707 2368 3375
328.944 5713 2369 3379
329.944 5720 2371 3384
330.944 5724 2372 3388
331.944 5730 2373 3392
332.944 5735 2375 3396
333.945 5742 2377 3401
334.953 5747 2378 3404
335.952 5754 2380 3410
336.952 5757 2381 3412
337.953 5764 2383 3417
338.953 5768 2384 3420
339.952 5775 2386 3425
340.952 5778 2387 3428
341.952 5785 2389 3432
342.952 5790 2390 3436
343.952 5798 2392 3442
344.952 5802 2393 3445
345.952 5807 2395 3449
346.953 5815 2397 3454
347.952 5821 2399 3459
348.952 5825 2400 3462
349.952 5830 2401 3466
350.952 5836 2403 3470
351.952 5843 2405 3475
352.957 5849 2406 3480
353.956 5854 2408 3483
354.956 5859 2409 3487
355.956 5865 2410 3492
356.956 5871 2412 3496
357.956 5879 2414 3502
358.956 5881 2415 3503
359.956 5886 2416 3507
360.956 5893 2418 3512
361.956 5898 2419 3516
362.957 5903 2420 3520
363.956 5909 2422 3524
364.956 5913 2423 3528
365.956 5920 2424 3533
366.956 5925 2426 3537
367.956 5932 2428 3542
368.956 5937 2429 3545
369.956 5942 2430 3549
370.956 5948 2432 3554
371.956 5954 2434 3558
372.956 5960 2435 3563
373.956 5964 2436 3566
374.956 5970 2438 3570
375.956 5976 2439 3575
376.956 5983 2441 3580
377.956 5990 2443 3585
378.956 5997 2444 3590
379.956 6001 2445 3594
380.957 6007 2447 3598
381.956 6014 2449 3603
382.956 6022 2451 3609
383.956 6027 2452 3613
384.956 6034 2454 3618
385.956 6042 2456 3624
386.956 6045 2457 3626
387.956 6051 2459 3631
388.956 6059 2461 3636
389.956 6065 2462 3641
390.956 6071 2464 3646
391.956 6079 2466 3652
392.956 6085 2467 3656
393.956 6090 2469 3660
394.956 6098 2471 3666
395.956 6105 2472 3671
396.956 6111 2474 3676
397.956 6121 2477 3683
398.956 6127 2479 3688
399.956 6135 2481 3693
400.956 6140 2482 3697
401.956 6148 2484 3703
402.956 6156 2486 3709
403.956 6162 2488 3714
404.956 6169 2490 3719
405.956 6177 2492 3725
406.956 6184 2493 3730
407.956 6192 2496 3736
408.956 6200 2497 3742
409.955 6207 2500 3747
410.958 6215 2501 3753
411.955 6219 2502 3756
412.956 6227 2505 3762
413.955 6237 2507 3769
414.956 6244 2509 3775
415.955 6252 2512 3781
416.956 6260 2514 3786
417.955 6268 2516 3793
418.955 6275 2518 3798
419.955 6281 2519 3802
420.955 6289 2521 3808
421.955 6297 2523 3814
422.955 6304 2525 3820
423.955 6312 2527 3826
424.955 6321 2529 3832
425.955 6327 2530 3838
426.955 6339 2533 3847
427.955 6346 2534 3853
428.955 6358 2537 3862
429.955 6367 2539 3870
430.955 6381 2542 3881
431.955 6392 2544 3889
432.955 6405 2547 3900
433.955 6426 2552 3916
434.955 6432 2553 3921
435.955 6458 2559 3940
436.955 6488 2566 3964
437.955 6478 2562 3957
438.955 6484 2564 3962
439.955 6490 2566 3967
440.955 6501 2568 3975
441.955 6511 2570 3983
442.956 6524 2573 3993
443.955 6544 2577 4009
444.955 6550 2579 4014
445.955 6572 2584 4031
446.955 6575 2585 4034
447.955 6599 2590 4052
448.955 6603 2590 4056
449.955 6613 2593 4064
450.955 6629 2596 4076
451.955 6644 2598 4089
452.955 6647 2599 4091
453.955 6655 2601 4098
454.955 6674 2605 4112
455.955 6711 2613 4142
456.955 6733 2618 4160
457.955 6721 2613 4152
458.955 6714 2611 4147
459.955 6716 2612 4149
460.955 6721 2613 4153
461.955 6727 2614 4157
462.955 6734 2616 4163
463.955 6747 2619 4173
464.954 6755 2620 4179
465.955 6784 2627 4202
466.954 6782 2626 4201
467.957 6791 2629 4208
468.955 6801 2631 4216
469.971 6832 2638 4240
470.97 6824 2635 4234
471.97 6829 2636 4238
472.97 6834 2638 4242
473.97 6847 2640 4252
474.97 6858 2643 4261
475.971 6893 2651 4288
476.97 6899 2651 4293
477.97 6894 2650 4290
478.97 6900 2652 4295
479.97 6907 2653 4300
480.97 6916 2655 4307
481.97 6932 2659 4320
483.001 6966 2666 4346
483.998 6956 2663 4339
484.998 6955 2663 4339
485.998 6961 2664 4343
486.998 6966 2665 4347
488 6987 2670 4364
488.998 6986 2670 4363
489.998 7007 2675 4380
490.998 7008 2674 4380
491.998 7012 2676 4384
492.999 7017 2677 4387
493.999 7042 2683 4407
495.026 7073 2690 4432
496.026 7061 2685 4423
497.026 7056 2684 4420
498.027 7061 2685 4424
499.026 7067 2687 4428
500.029 7070 2687 4431
501.026 7086 2691 4443
502.026 7120 2699 4469
503.026 7116 2696 4467
504.026 7107 2694 4462
505.026 7110 2695 4464
506.026 7115 2696 4467
507.026 7118 2697 4470
508.026 7127 2698 4477
509.027 7160 2706 4502
510.026 7178 2710 4517
511.026 7166 2705 4509
512.026 7159 2704 4504
513.026 7162 2704 4506
514.026 7164 2705 4508
515.025 7169 2706 4511
516.025 7174 2707 4516
517.026 7189 2711 4527
518.026 7206 2714 4541
519.025 7200 2713 4537
520.025 7204 2714 4539
521.025 7208 2715 4543
522.038 7235 2721 4563
523.037 7228 2719 4558
524.037 7232 2720 4561
525.037 7255 2725 4580
526.037 7251 2724 4576
527.037 7253 2724 4578
528.037 7258 2726 4582
529.038 7279 2731 4599
530.039 7311 2738 4623
531.037 7310 2736 4623
532.037 7298 2733 4616
533.038 7296 2732 4614
534.037 7299 2733 4616
535.037 7302 2734 4618
536.037 7307 2735 4622
537.037 7314 2737 4627
538.037 7320 2738 4632
539.037 7331 2741 4641
540.037 7363 2748 4666
541.037 7389 2753 4686
542.037 7376 2749 4678
543.046 7365 2745 4670
544.045 7361 2744 4668
545.045 7364 2745 4670
546.049 7366 2746 4671
547.049 7368 2746 4672
548.049 7371 2747 4675
549.049 7374 2748 4677
550.049 7393 2752 4692
551.049 7391 2751 4691
552.049 7397 2753 4695
553.05 7408 2756 4704
554.049 7423 2759 4715
555.049 7417 2757 4711
556.049 7422 2758 4715
557.049 7426 2759 4718
558.049 7436 2762 4725
559.049 7462 2768 4746
560.049 7482 2772 4762
561.048 7469 2767 4754
562.048 7461 2765 4748
563.048 7461 2765 4747
564.048 7463 2765 4749
565.048 7465 2766 4751
566.048 7468 2767 4753
567.048 7472 2768 4756
568.048 7483 2770 4765
569.048 7485 2771 4766
570.049 7503 2775 4780
571.048 7517 2777 4791
572.049 7509 2775 4786
573.048 7512 2776 4788
574.049 7514 2777 4790
575.054 7518 2778 4793
576.053 7532 2781 4803
577.054 7560 2787 4825
578.052 7568 2788 4833
579.052 7557 2784 4825
580.052 7551 2783 4821
581.052 7552 2783 4821
582.052 7553 2784 4822
583.052 7556 2784 4824
584.052 7558 2785 4825
585.052 7563 2786 4830
586.052 7585 2791 4847
587.052 7601 2794 4860
588.052 7591 2791 4853
589.052 7590 2790 4853
590.067 7594 2792 4855
591.068 7594 2792 4855
592.072 7604 2794 4863
593.076 7606 2794 4864
594.08 7617 2797 4873
595.084 7632 2800 4886
596.088 7627 2798 4882
597.093 7630 2799 4884
598.096 7640 2801 4892
599.102 7647 2803 4898
600.105 7649 2803 4899
601.109 7664 2806 4911
602.113 7666 2806 4914
603.117 7676 2809 4921
604.117 7681 2809 4926
605.121 7686 2810 4930
606.125 7696 2812 4938
607.129 7702 2813 4943
608.133 7712 2815 4952
609.137 7719 2816 4957
610.146 7724 2817 4961
611.149 7732 2819 4968
612.153 7739 2819 4974
613.157 7743 2821 4977
614.162 7756 2822 4988
615.166 7758 2823 4990
616.17 7771 2825 5001
617.174 7774 2826 5003
618.178 7779 2827 5007
619.182 7787 2828 5014
620.186 7792 2829 5018
621.19 7806 2831 5030
622.194 7808 2832 5031
623.198 7819 2835 5040
624.202 7833 2837 5052
625.206 7829 2836 5048
626.21 7830 2837 5049
627.214 7833 2837 5051
628.219 7854 2842 5068
629.222 7857 2842 5071
630.227 7853 2841 5068
631.231 7854 2841 5069
632.235 7857 2842 5070
633.239 7874 2846 5084
634.243 7888 2848 5096
635.247 7881 2846 5091
636.251 7883 2847 5092
637.255 7883 2847 5092
638.259 7888 2848 5096
639.263 7903 2851 5108
640.267 7899 2850 5106
641.271 7902 2851 5108
642.275 7922 2855 5123
643.279 7918 2854 5120
644.283 7920 2854 5122
645.287 7929 2856 5129
646.299 7932 2857 5132
647.3 7940 2859 5138
648.303 7947 2859 5144
649.308 7950 2860 5146
650.312 7970 2865 5163
651.316 7969 2864 5162
652.32 7971 2864 5163
653.324 7973 2865 5165
654.328 7984 2867 5174
655.332 8012 2873 5196
656.339 8006 2871 5192
657.34 8001 2870 5188
658.344 8002 2870 5189
659.348 8004 2871 5190
660.352 8006 2871 5192
661.356 8021 2874 5204
662.36 8027 2875 5209
663.364 8028 2876 5209
664.368 8030 2876 5211
665.372 8047 2880 5225
666.376 8046 2880 5224
667.381 8060 2883 5235
668.385 8061 2883 5236
669.389 8065 2884 5239
670.393 8079 2887 5251
671.397 8081 2887 5251
672.401 8096 2891 5264
673.405 8098 2891 5265
674.41 8105 2893 5271
675.413 8120 2896 5283
676.417 8119 2896 5282
677.423 8132 2898 5292
678.425 8135 2899 5294
679.429 8143 2901 5301
680.437 8151 2902 5308
681.437 8154 2903 5310
682.441 8169 2906 5322
683.445 8169 2906 5322
684.449 8181 2909 5331
685.453 8187 2910 5336
686.457 8190 2911 5338
687.462 8198 2912 5344
688.465 8216 2916 5359
689.469 8213 2916 5357
690.473 8219 2917 5361
691.478 8228 2919 5368
692.482 8235 2920 5374
693.486 8239 2921 5377
694.49 8259 2925 5393
695.494 8255 2924 5390
696.498 8258 2925 5392
697.502 8271 2928 5403
698.506 8278 2929 5409
699.51 8279 2929 5409
700.514 8280 2930 5410
701.518 8299 2934 5425
702.522 8298 2933 5424
703.527 8303 2935 5428
704.53 8307 2935 5431
705.534 8313 2937 5436
706.538 8326 2939 5446
707.542 8328 2940 5448
708.546 8343 2943 5460
709.553 8343 2943 5461
710.554 8347 2944 5463
711.558 8352 2945 5468
712.562 8369 2949 5480
713.566 8367 2948 5480
714.58 8379 2951 5489
715.582 8380 2951 5489
716.587 8388 2953 5496
717.591 8396 2954 5503
718.595 8398 2955 5504
719.599 8415 2959 5517
720.603 8413 2958 5516
721.61 8418 2959 5520
722.611 8424 2961 5525
723.615 8432 2962 5531
724.619 8433 2963 5532
725.623 8438 2963 5535
726.627 8457 2967 5551
727.631 8455 2967 5550
728.635 8461 2968 5554
729.639 8468 2970 5560
730.643 8470 2970 5561
731.647 8474 2971 5564
732.651 8493 2975 5580
733.655 8495 2975 5582
734.659 8495 2975 5581
735.663 8495 2976 5582
736.667 8501 2977 5586
737.672 8522 2981 5603
738.675 8517 2980 5599
739.679 8517 2980 5599
740.683 8521 2981 5602
741.687 8530 2983 5609
742.691 8534 2983 5613
743.695 8535 2984 5613
744.699 8548 2986 5624
745.703 8547 2986 5623
746.707 8558 2989 5632
747.712 8559 2989 5633
748.716 8563 2990 5635
749.72 8575 2992 5645
750.724 8573 2992 5644
751.728 8575 2992 5645
752.732 8590 2996 5657
753.736 8595 2996 5661
754.74 8594 2996 5661
755.744 8595 2997 5661
756.748 8599 2997 5664
757.752 8620 3002 5681
758.756 8626 3003 5686
759.76 8622 3002 5683
760.764 8623 3002 5684
761.774 8623 3002 5684
762.777 8631 3004 5691
763.78 8652 3008 5707
764.784 8657 3009 5712
765.788 8651 3007 5707
766.792 8649 3007 5705
767.796 8650 3007 5706
768.8 8650 3007 5706
769.804 8657 3009 5711
770.808 8672 3012 5723
771.812 8666 3010 5719
772.816 8665 3010 5718
773.82 8667 3011 5720
774.824 8675 3013 5726
775.828 8676 3013 5727
776.832 8695 3017 5742
777.836 8702 3018 5748
778.84 8695 3016 5743
779.844 8695 3016 5743
780.849 8695 3016 5742
781.853 8695 3016 5743
782.857 8701 3017 5748
783.861 8703 3018 5748
784.865 8717 3021 5760
785.869 8730 3024 5770
786.873 8724 3022 5766
787.877 8724 3022 5766
788.881 8724 3022 5766
789.885 8726 3023 5768
790.889 8745 3027 5783
791.893 8762 3030 5796
792.897 8757 3028 5793
793.901 8751 3027 5789
794.905 8751 3027 5788
795.909 8750 3027 5788
796.913 8750 3027 5788
797.913 8752 3028 5789
798.919 8766 3031 5800
799.921 8779 3033 5810
800.925 8772 3031 5806
801.929 8770 3031 5804
802.933 8770 3031 5803
803.937 8770 3031 5804
804.942 8785 3034 5816
805.945 8782 3033 5814
806.949 8782 3033 5813
807.953 8784 3034 5814
808.957 8802 3038 5829
809.961 8810 3039 5835
810.965 8803 3037 5830
811.969 8802 3037 5830
812.973 8801 3037 5829
813.977 8802 3037 5829
814.99 8814 3040 5839
815.993 8811 3039 5837
816.997 8812 3040 5838
818.002 8817 3041 5841
819.006 8834 3044 5855
820.011 8849 3048 5867
821.013 8841 3045 5861
822.017 8836 3044 5858
823.022 8836 3044 5857
824.025 8836 3044 5857
825.029 8836 3044 5857
826.034 8839 3045 5859
827.038 8856 3048 5873
828.041 8851 3047 5869
829.045 8848 3046 5867
830.055 8850 3047 5868
831.058 8849 3047 5868
832.062 8858 3049 5875
833.066 8876 3052 5889
834.11 8889 3055 5900
835.114 8881 3053 5894
836.123 8875 3051 5890
837.126 8874 3051 5889
838.142 8875 3051 5889
839.146 8874 3051 5889
840.15 8874 3051 5888
841.162 8877 3052 5891
842.166 8882 3053 5895
843.17 8902 3057 5910
844.174 8914 3060 5920
845.178 8906 3057 5914
846.182 8899 3055 5910
847.186 8898 3055 5908
848.19 8897 3055 5908
849.194 8898 3055 5908
850.198 8898 3055 5908
851.202 8899 3055 5909
852.206 8902 3056 5912
853.21 8920 3060 5926
854.214 8938 3064 5940
855.218 8939 3063 5941
856.222 8932 3061 5937
857.226 8927 3060 5933
858.23 8925 3059 5931
859.234 8925 3060 5931
860.238 8924 3059 5930
861.242 8925 3060 5931
862.246 8925 3060 5931
863.25 8936 3062 5940
864.254 8953 3066 5953
865.258 8962 3068 5961
866.262 8955 3065 5956
867.266 8948 3063 5951
868.27 8946 3063 5949
869.274 8946 3063 5949
870.279 8944 3063 5947
871.282 8944 3063 5947
872.286 8944 3063 5948
873.29 8948 3064 5950
874.296 8964 3067 5963
875.298 8981 3071 5977
876.302 8982 3071 5978
877.306 8976 3068 5974
878.31 8969 3067 5969
879.314 8966 3066 5967
880.318 8966 3066 5966
881.322 8965 3066 5966
882.326 8965 3066 5965
883.33 8966 3066 5966
884.334 8966 3066 5966
885.339 8972 3068 5971
886.342 8988 3071 5983
887.346 8993 3072 5988
888.35 8987 3070 5983
889.354 8983 3069 5980
890.358 8983 3069 5980
891.362 8982 3069 5980
892.366 8983 3069 5980
893.371 8984 3069 5981
894.374 8988 3070 5984
895.379 8996 3072 5990
896.382 8993 3071 5988
897.387 8998 3073 5992
898.391 9000 3073 5994
899.394 9011 3075 6002
900.399 9007 3074 5999
901.403 9007 3075 5999
902.407 9008 3075 6000
903.411 9018 3077 6008
904.415 9033 3080 6019
905.419 9037 3081 6023
906.423 9031 3079 6019
907.427 9028 3078 6016
908.431 9029 3079 6017
909.435 9027 3078 6016
910.439 9032 3080 6020
911.443 9032 3079 6019
912.447 9034 3080 6021
913.451 9049 3083 6033
914.455 9048 3083 6033
915.46 9044 3082 6029
916.463 9044 3082 6029
917.472 9044 3082 6029
918.475 9047 3083 6032
919.479 9054 3084 6037
920.483 9053 3084 6036
921.487 9053 3084 6036
922.5 9062 3086 6044
923.503 9065 3086 6046
924.507 9063 3086 6044
925.511 9064 3086 6045
926.515 9073 3088 6052
927.519 9070 3088 6050
928.523 9071 3088 6051
929.527 9081 3090 6058
930.531 9088 3091 6064
931.535 9084 3090 6061
932.54 9084 3091 6061
933.543 9084 3091 6061
934.547 9095 3093 6069
935.551 9095 3093 6070
936.555 9094 3093 6069
937.559 9094 3093 6069
938.563 9097 3093 6071
939.567 9100 3094 6074
940.571 9101 3094 6074
941.575 9111 3097 6082
942.579 9109 3096 6081
943.583 9115 3097 6085
944.587 9115 3098 6085
945.591 9117 3098 6087
946.601 9130 3101 6097
947.603 9126 3100 6094
948.607 9127 3100 6094
949.611 9133 3102 6099
950.615 9134 3102 6100
951.619 9135 3102 6101
952.623 9136 3102 6102
953.627 9149 3105 6112
954.631 9150 3105 6113
955.635 9148 3105 6111
956.639 9148 3105 6111
957.643 9149 3105 6112
958.647 9155 3106 6117
959.651 9154 3106 6116
960.655 9156 3107 6117
961.659 9161 3108 6122
962.663 9170 3110 6128
963.667 9166 3109 6125
964.671 9166 3109 6125
965.675 9173 3110 6131
966.679 9170 3110 6129
967.683 9174 3111 6132
968.687 9177 3111 6135
969.691 9177 3111 6134
970.695 9178 3111 6135
971.699 9189 3114 6144
972.703 9191 3114 6145
973.707 9189 3114 6144
974.711 9189 3114 6144
975.716 9190 3114 6144
976.72 9199 3116 6152
977.723 9196 3115 6149
978.727 9196 3115 6149
979.731 9197 3116 6150
980.736 9207 3118 6158
981.739 9213 3119 6163
982.743 9209 3118 6160
983.747 9209 3118 6159
984.751 9208 3118 6159
985.755 9218 3120 6166
986.759 9215 3119 6164
987.768 9216 3119 6165
988.772 9219 3120 6167
989.783 9230 3123 6177
990.787 9226 3121 6173
991.791 9223 3121 6171
992.795 9223 3121 6171
993.799 9227 3122 6174
994.803 9228 3122 6175
995.807 9230 3123 6177
996.811 9232 3123 6178
997.815 9243 3125 6186
998.819 9242 3125 6186
999.823 9242 3125 6185
1000.83 9242 3125 6186
1001.83 9244 3126 6188
1002.84 9256 3128 6197
1003.84 9259 3129 6199
1004.84 9255 3128 6197
1005.85 9255 3128 6196
1006.85 9255 3128 6196
1007.86 9258 3128 6199
1008.86 9259 3129 6199
1009.87 9266 3130 6205
1010.88 9264 3130 6203
1011.88 9271 3132 6209
1012.88 9277 3133 6214
1013.89 9274 3132 6211
1014.89 9274 3132 6211
1015.9 9282 3134 6217
1016.9 9283 3134 6219
1017.9 9281 3133 6217
1018.91 9282 3134 6217
1019.91 9281 3134 6217
1020.92 9285 3134 6220
1021.92 9297 3137 6229
1022.92 9300 3137 6232
1023.93 9294 3136 6228
1024.93 9294 3136 6227
1025.94 9293 3136 6227
1026.94 9294 3136 6227
1027.95 9303 3138 6235
1028.95 9301 3137 6233
1029.95 9300 3138 6232
1030.96 9300 3138 6232
1031.96 9303 3138 6234
1032.96 9312 3140 6242
1033.97 9311 3140 6241
1034.97 9310 3140 6240
1035.98 9310 3140 6240
1036.98 9311 3140 6241
1037.98 9322 3142 6249
1038.99 9324 3143 6252
1039.99 9321 3142 6249
1041 9321 3142 6249
1042 9320 3142 6248
1043 9321 3142 6248
1044.01 9332 3144 6258
1045.01 9328 3143 6255
1046.01 9328 3143 6254
1047.02 9328 3143 6254
1048.02 9329 3144 6255
1049.02 9339 3146 6263
1050.02 9336 3145 6261
1051.03 9337 3145 6261
1052.03 9338 3146 6262
1053.03 9349 3148 6271
1054.04 9346 3147 6269
1055.04 9345 3147 6268
1056.04 9346 3148 6269
1057.04 9356 3150 6276
1058.04 9351 3148 6273
1059.04 9351 3148 6272
1060.04 9351 3149 6273
1061.04 9356 3150 6276
1062.04 9362 3151 6281
1063.04 9359 3150 6279
1064.04 9359 3150 6279
1065.04 9361 3151 6280
1066.04 9361 3151 6281
1067.05 9370 3153 6287
1068.05 9379 3155 6295
1069.05 9377 3154 6293
1070.05 9373 3153 6290
1071.05 9372 3153 6290
1072.05 9372 3153 6289
1073.05 9375 3154 6292
1074.05 9376 3154 6293
1075.05 9376 3154 6292
1076.05 9376 3154 6292
1077.05 9386 3156 6301
1078.05 9394 3158 6307
1079.05 9388 3156 6303
1080.05 9386 3155 6301
1081.05 9385 3155 6300
1082.05 9385 3155 6300
1083.05 9385 3156 6300
1084.05 9396 3158 6309
1085.05 9400 3158 6312
1086.05 9395 3157 6308
1087.05 9393 3157 6307
1088.05 9392 3157 6306
1089.05 9392 3157 6306
1090.05 9392 3157 6306
1091.05 9401 3158 6313
1092.05 9398 3158 6311
1093.05 9398 3158 6310
1094.05 9399 3158 6311
1095.05 9410 3161 6320
1096.05 9419 3162 6327
1097.05 9413 3161 6323
1098.05 9409 3160 6320
1099.05 9408 3160 6319
1100.05 9407 3159 6318
1101.05 9406 3159 6318
1102.05 9407 3159 6318
1103.05 9410 3160 6320
1104.05 9415 3161 6325
1105.05 9426 3164 6333
1106.05 9433 3165 6339
1107.05 9427 3163 6335
1108.05 9422 3162 6331
1109.05 9420 3161 6330
1110.05 9419 3161 6329
1111.05 9419 3161 6328
1112.05 9418 3161 6328
1113.05 9418 3161 6328
1114.05 9420 3162 6329
1115.05 9427 3163 6335
1116.05 9426 3163 6334
1117.05 9425 3163 6334
1118.05 9425 3163 6333
1119.05 9435 3165 6341
1120.05 9436 3165 6342
1121.05 9432 3164 6339
1122.05 9432 3164 6339
1123.05 9432 3164 6338
1124.05 9432 3164 6339
1125.05 9442 3166 6346
1126.05 9452 3169 6355
1127.05 9454 3169 6356
1128.05 9448 3167 6352
1129.05 9444 3166 6349
1130.05 9444 3166 6349
1131.05 9442 3166 6348
1132.05 9442 3166 6347
1133.05 9441 3166 6347
1134.05 9447 3167 6352
1135.05 9457 3169 6359
1136.05 9451 3167 6355
1137.05 9448 3166 6352
1138.05 9447 3166 6352
1139.05 9446 3166 6351
1140.05 9446 3166 6351
1141.05 9453 3168 6356
1142.05 9463 3170 6364
1143.05 9458 3168 6361
1144.05 9454 3168 6358
1145.06 9454 3168 6357
1146.06 9453 3168 6357
1147.05 9454 3168 6358
1148.06 9456 3168 6359
1149.07 9463 3170 6365
1150.06 9460 3169 6362
1151.06 9460 3169 6362
1152.06 9464 3170 6365
1153.06 9466 3170 6367
1154.06 9465 3170 6366
1155.06 9465 3170 6366
1156.06 9471 3171 6370
1157.06 9470 3171 6370
1158.06 9471 3172 6370
1159.06 9474 3172 6373
1160.06 9474 3172 6373
1161.06 9479 3173 6377
1162.06 9480 3174 6378
1163.06 9480 3174 6378
1164.06 9488 3175 6384
1165.07 9485 3175 6382
1166.07 9486 3175 6382
1167.07 9489 3176 6385
1168.07 9489 3176 6384
1169.07 9489 3176 6385
1170.07 9498 3178 6392
1171.11 9506 3180 6398
1172.11 9501 3178 6394
1173.11 9499 3178 6393
1174.11 9498 3178 6392
1175.11 9501 3178 6394
1176.11 9500 3178 6393
1177.11 9503 3179 6396
1178.11 9513 3181 6404
1179.11 9515 3181 6406
1180.11 9511 3180 6403
1181.11 9509 3179 6401
1182.11 9508 3179 6400
1183.11 9507 3179 6400
1184.11 9507 3179 6400
1185.11 9517 3181 6407
1186.11 9521 3182 6411
1187.11 9516 3181 6407
1188.11 9513 3180 6405
1189.11 9513 3180 6404
1190.11 9512 3180 6404
1191.11 9512 3180 6404
1192.11 9523 3182 6412
1193.11 9527 3183 6416
1194.11 9522 3182 6412
1195.11 9519 3181 6410
1196.11 9519 3181 6409
1197.11 9518 3181 6409
1198.11 9518 3181 6409
1199.11 9526 3183 6415
1200.11 9535 3184 6422
1201.11 9531 3183 6419
1202.11 9527 3182 6416
1203.11 9526 3182 6416
1204.11 9525 3182 6415
1205.11 9525 3182 6415
1206.11 9526 3182 6416
1207.11 9532 3183 6420
1208.11 9541 3185 6427
1209.11 9536 3184 6424
1210.11 9533 3183 6422
1211.11 9534 3184 6422
1212.11 9533 3183 6421
1213.11 9535 3184 6423
1214.11 9540 3185 6427
1215.12 9538 3184 6426
1216.12 9537 3184 6425
1217.12 9538 3184 6425
1218.12 9542 3185 6429
1219.12 9552 3187 6437
1220.13 9559 3189 6442
1221.13 9555 3188 6439
1222.13 9550 3186 6436
1223.13 9549 3186 6435
1224.13 9548 3186 6434
1225.13 9547 3186 6433
1226.13 9547 3186 6433
1227.14 9552 3187 6437
1228.13 9551 3187 6436
1229.13 9552 3187 6437
1230.13 9561 3189 6444
1231.13 9559 3188 6443
1232.13 9557 3188 6441
1233.13 9557 3188 6441
1234.13 9557 3188 6441
1235.14 9566 3190 6448
1236.13 9576 3192 6456
1237.13 9575 3191 6455
1238.13 9570 3190 6452
1239.13 9567 3189 6450
1240.13 9566 3189 6449
1241.13 9566 3189 6448
1242.13 9565 3189 6448
1243.13 9565 3189 6448
1244.13 9571 3191 6453
1245.13 9581 3193 6461
1246.13 9589 3194 6467
1247.13 9584 3193 6464
1248.13 9580 3191 6461
1249.13 9576 3190 6458
1250.13 9575 3190 6457
1251.13 9574 3190 6456
1252.14 9573 3190 6455
1253.13 9572 3190 6455
1254.13 9572 3190 6454
1255.13 9579 3191 6460
1256.14 9590 3194 6468
1257.14 9587 3193 6467
1258.14 9582 3191 6463
1259.14 9579 3191 6461
1260.14 9579 3191 6460
1261.14 9578 3190 6460
1262.14 9577 3190 6459
1263.14 9577 3190 6459
1264.14 9578 3191 6460
1265.14 9587 3193 6467
1266.14 9592 3193 6471
1267.14 9587 3192 6468
1268.14 9584 3191 6465
1269.14 9583 3191 6465
1270.14 9583 3191 6464
1271.14 9583 3191 6464
1272.14 9588 3192 6468
1273.15 9596 3194 6475
1274.15 9592 3193 6471
1275.15 9590 3193 6470
1276.15 9590 3193 6470
1277.16 9590 3193 6470
1278.16 9593 3193 6472
1279.16 9601 3195 6479
1280.16 9597 3194 6476
1281.16 9596 3194 6475
1282.16 9596 3194 6475
1283.16 9597 3194 6475
1284.16 9606 3196 6483
1285.16 9605 3196 6482
1286.16 9603 3195 6480
1287.16 9603 3195 6480
1288.16 9602 3195 6479
1289.16 9604 3196 6481
1290.16 9613 3197 6488
1291.16 9620 3199 6494
1292.16 9615 3197 6491
1293.16 9612 3196 6488
1294.16 9611 3196 6487
1295.16 9610 3196 6487
1296.16 9610 3196 6486
1297.16 9610 3196 6486
1298.16 9619 3198 6494
1299.16 9623 3199 6497
1300.16 9619 3198 6494
1301.16 9616 3197 6492
1302.16 9616 3197 6491
1303.16 9615 3197 6491
1304.16 9615 3197 6491
1305.16 9625 3199 6499
1306.16 9629 3200 6502
1307.16 9625 3199 6499
1308.16 9622 3198 6497
1309.16 9621 3198 6496
1310.16 9621 3198 6496
1311.16 9626 3199 6500
1312.16 9624 3199 6498
1313.16 9624 3199 6498
1314.16 9625 3199 6499
1315.16 9635 3201 6507
1316.16 9643 3203 6514
1317.16 9640 3202 6511
1318.16 9635 3200 6508
1319.16 9634 3200 6507
1320.16 9633 3200 6506
1321.16 9633 3200 6505
1322.17 9632 3200 6505
1323.17 9632 3200 6505
1324.17 9639 3202 6511
1325.17 9649 3204 6518
1326.21 9656 3205 6524
1327.21 9651 3203 6520
1328.21 9646 3202 6518
1329.21 9644 3201 6515
1330.21 9643 3201 6515
1331.21 9642 3201 6514
1332.21 9641 3201 6513
1333.21 9641 3201 6513
1334.21 9641 3201 6513
1335.21 9648 3203 6518
1336.21 9646 3202 6517
1337.21 9645 3202 6516
1338.21 9645 3202 6516
1339.21 9646 3202 6517
1340.21 9653 3204 6523
1341.21 9662 3206 6529
1342.21 9658 3204 6527
1343.21 9654 3203 6524
1344.21 9653 3203 6523
1345.21 9653 3203 6523
1346.22 9652 3203 6522
1347.22 9653 3203 6523
1348.23 9662 3205 6530
1349.23 9659 3204 6528
1350.23 9657 3204 6527
1351.23 9658 3204 6526
1352.23 9657 3204 6526
1353.23 9665 3206 6532
1354.23 9668 3206 6535
1355.23 9664 3205 6532
1356.23 9663 3205 6531
1357.23 9663 3205 6531
1358.23 9662 3205 6530
1359.23 9668 3206 6535
1360.23 9677 3208 6542
1361.23 9679 3208 6544
1362.23 9674 3207 6541
1363.23 9672 3207 6539
1364.23 9672 3207 6539
1365.23 9671 3207 6538
1366.23 9671 3207 6538
1367.23 9672 3207 6539
1368.23 9677 3208 6542
1369.23 9675 3207 6541
1370.23 9674 3207 6540
1371.23 9677 3208 6542
1372.23 9685 3210 6549
1373.23 9687 3210 6551
1374.23 9683 3209 6548
1375.23 9682 3209 6547
1376.23 9681 3208 6546
1377.23 9681 3208 6546
1378.23 9684 3209 6548
1379.23 9683 3209 6547
1380.23 9684 3209 6548
1381.23 9686 3210 6550
1382.23 9695 3212 6557
1383.23 9703 3213 6563
1384.23 9702 3213 6563
1385.23 9698 3212 6560
1386.23 9695 3211 6558
1387.23 9694 3211 6557
1388.23 9694 3211 6557
1389.23 9693 3211 6556
1390.23 9694 3211 6556
1391.23 9694 3211 6557
1392.23 9700 3212 6562
1393.23 9699 3212 6561
1394.23 9699 3212 6561
1395.23 9698 3212 6560
1396.23 9698 3212 6560
1397.23 9705 3213 6566
1398.23 9704 3213 6565
1399.23 9703 3213 6564
1400.23 9703 3213 6564
1401.23 9708 3214 6568
1402.23 9707 3214 6567
1403.23 9706 3214 6566
1404.23 9709 3214 6569
1405.23 9718 3216 6576
1406.23 9719 3216 6577
1407.23 9715 3215 6574
1408.23 9715 3215 6573
1409.23 9714 3215 6573
1410.23 9714 3215 6573
1411.23 9715 3215 6574
1412.23 9723 3217 6580
1413.23 9733 3219 6588
1414.23 9733 3219 6588
1415.23 9728 3217 6585
1416.23 9725 3216 6583
1417.23 9723 3216 6581
1418.23 9724 3216 6581
1419.23 9722 3216 6580
1420.23 9722 3216 6580
1421.23 9722 3216 6580
1422.23 9722 3216 6580
1423.23 9731 3218 6587
1424.23 9738 3219 6593
1425.23 9734 3218 6590
1426.23 9730 3217 6587
1427.24 9729 3217 6586
1428.23 9728 3217 6585
1429.23 9727 3217 6585
1430.23 9728 3217 6585
1431.24 9735 3218 6591
1432.24 9732 3218 6588
1433.24 9731 3218 6588
1434.24 9731 3218 6587
1435.24 9732 3218 6588
1436.24 9740 3220 6595
1437.24 9744 3220 6598
1438.24 9740 3219 6595
1439.24 9738 3218 6593
1440.24 9737 3218 6593
1441.24 9736 3218 6592
1442.24 9736 3218 6592
1443.24 9741 3219 6596
1444.24 9750 3221 6603
1445.24 9754 3222 6606
1446.24 9749 3221 6603
1447.24 9746 3220 6601
1448.24 9746 3220 6600
1449.24 9745 3220 6599
1450.24 9744 3220 6599
1451.24 9744 3219 6598
1452.24 9748 3221 6602
1453.24 9747 3220 6601
1454.24 9748 3220 6602
1455.24 9748 3220 6602
1456.24 9752 3221 6604
1457.24 9755 3222 6607
1458.24 9754 3222 6607
1459.24 9754 3222 6607
1460.24 9754 3222 6606
1461.24 9758 3223 6609
1462.24 9759 3223 6610
1463.24 9767 3225 6617
1464.24 9765 3224 6615
1465.24 9762 3223 6613
1466.24 9762 3224 6613
1467.24 9762 3224 6612
1468.24 9762 3224 6613
1469.24 9771 3225 6620
1470.24 9777 3227 6625
1471.24 9775 3226 6624
1472.24 9772 3225 6621
1473.24 9770 3225 6620
1474.24 9770 3225 6619
1475.24 9769 3225 6619
1476.24 9771 3225 6620
1477.25 9778 3227 6626
1478.25 9774 3226 6623
1479.25 9772 3225 6622
1480.25 9772 3225 6621
1481.25 9771 3225 6621
1482.25 9775 3226 6623
1483.25 9783 3228 6630
1484.25 9782 3227 6629
1485.25 9779 3226 6627
1486.25 9778 3226 6626
1487.25 9777 3226 6625
1488.25 9777 3226 6625
1489.25 9777 3226 6625
1490.25 9784 3228 6631
1491.25 9792 3229 6637
1492.25 9795 3230 6640
1493.25 9791 3229 6637
1494.25 9788 3228 6635
1495.25 9787 3228 6634
1496.25 9786 3227 6633
1497.25 9785 3227 6632
1498.25 9785 3227 6632
1499.25 9786 3228 6633
1500.25 9793 3229 6639
1501.25 9796 3230 6641
1502.25 9792 3229 6638
1503.25 9790 3228 6637
1504.25 9789 3228 6636
1505.25 9789 3228 6635
1506.25 9788 3228 6635
1507.25 9795 3229 6640
1508.25 9802 3231 6646
1509.25 9805 3231 6648
1510.25 9801 3230 6646
1511.25 9798 3229 6643
1512.27 9797 3229 6643
1513.27 9796 3229 6642
1514.26 9796 3229 6642
1515.26 9796 3229 6641
1516.26 9796 3229 6642
1517.26 9802 3230 6646
1518.26 9799 3230 6644
1519.26 9799 3230 6644
1520.26 9799 3230 6644
1521.27 9806 3231 6649
1522.27 9803 3230 6647
1523.27 9802 3230 6646
1524.27 9803 3231 6647
1525.27 9811 3232 6653
1526.27 9808 3232 6652
1527.27 9807 3231 6650
1528.27 9807 3231 6650
1529.27 9806 3231 6650
1530.27 9808 3232 6651
1531.27 9813 3233 6655
1532.27 9821 3234 6662
1533.27 9820 3234 6661
1534.27 9816 3233 6658
1535.27 9814 3232 6657
1536.27 9815 3233 6657
1537.27 9813 3232 6656
1538.27 9813 3232 6655
1539.27 9815 3233 6657
1540.27 9823 3234 6663
1541.27 9830 3236 6669
1542.27 9828 3235 6667
1543.27 9824 3234 6665
1544.27 9821 3233 6662
1545.27 9820 3233 6662
1546.27 9819 3233 6661
1547.27 9818 3233 6660
1548.27 9818 3233 6660
1549.27 9819 3233 6661
1550.27 9820 3233 6661
1551.27 9823 3234 6664
1552.27 9822 3234 6663
1553.27 9822 3234 6663
1554.27 9826 3235 6666
1555.27 9834 3236 6672
1556.27 9841 3238 6678
1557.27 9839 3237 6677
1558.27 9835 3236 6674
1559.27 9832 3235 6672
1560.27 9831 3235 6671
1561.27 9830 3235 6670
1562.27 9830 3235 6670
1563.27 9830 3235 6670
1564.27 9832 3235 6671
1565.27 9832 3235 6671
1566.27 9832 3236 6672
1567.27 9833 3236 6672
1568.29 9839 3237 6677
1569.28 9846 3239 6682
1570.28 9852 3240 6688
1571.28 9850 3239 6686
1572.28 9846 3238 6683
1573.28 9843 3237 6681
1574.28 9841 3237 6680
1575.28 9841 3237 6679
1576.28 9840 3237 6678
1577.28 9840 3237 6678
1578.28 9840 3237 6678
1579.28 9842 3237 6680
1580.3 9850 3239 6686
1581.29 9858 3241 6692
1582.29 9855 3240 6691
1583.29 9851 3238 6688
1584.29 9848 3237 6685
1585.29 9846 3237 6684
1586.29 9845 3237 6683
1587.29 9845 3237 6683
1588.29 9844 3237 6682
1589.29 9844 3237 6682
1590.29 9846 3237 6683
1591.29 9846 3237 6684
1592.29 9846 3237 6684
1593.3 9847 3238 6684
1594.29 9853 3239 6689
1595.3 9860 3240 6695
1596.33 9865 3242 6699
1597.33 9861 3240 6696
1598.33 9858 3239 6694
1599.33 9855 3239 6691
1600.33 9854 3238 6691
1601.33 9853 3238 6690
1602.33 9853 3238 6689
1603.33 9852 3238 6689
1604.33 9855 3239 6691
1605.33 9854 3239 6691
1606.33 9856 3239 6692
1607.33 9856 3239 6692
1608.33 9859 3240 6695
1609.33 9859 3240 6694
1610.33 9865 3241 6699
1611.33 9873 3243 6706
1612.33 9873 3243 6705
1613.33 9869 3241 6703
1614.33 9866 3240 6700
1615.34 9864 3240 6699
1616.34 9864 3240 6698
1617.35 9863 3240 6698
1618.35 9862 3240 6697
1619.35 9862 3240 6697
1620.36 9864 3240 6699
1621.36 9864 3240 6698
1622.37 9866 3241 6700
1623.37 9873 3242 6706
1624.37 9872 3242 6705
1625.38 9869 3241 6703
1626.38 9868 3241 6702
1627.39 9868 3241 6702
1628.39 9867 3241 6701
1629.4 9872 3242 6705
1630.4 9875 3243 6708
1631.4 9872 3242 6706
1632.41 9871 3242 6704
1633.41 9871 3242 6704
1634.42 9873 3242 6706
1635.42 9872 3242 6705
1636.42 9873 3242 6706
1637.43 9878 3243 6710
1638.43 9878 3243 6710
1639.44 9877 3243 6709
1640.44 9877 3243 6709
1641.44 9880 3244 6712
1642.45 9882 3244 6713
1643.45 9880 3244 6712
1644.46 9880 3244 6711
1645.46 9883 3245 6714
1646.46 9882 3244 6713
1647.47 9882 3244 6713
1648.47 9888 3246 6717
1649.48 9886 3245 6716
1650.48 9886 3245 6716
1651.48 9886 3245 6716
1652.49 9889 3246 6718
1653.5 9889 3246 6718
1654.5 9890 3246 6719
1655.5 9895 3247 6723
1656.51 9896 3247 6724
1657.51 9894 3247 6722
1658.52 9894 3247 6722
1659.52 9895 3247 6723
1660.52 9895 3247 6723
1661.52 9895 3247 6723
1662.53 9898 3248 6726
1663.53 9905 3250 6731
1664.54 9909 3250 6734
1665.54 9906 3249 6732
1666.55 9903 3249 6730
1667.55 9902 3249 6729
1668.55 9901 3248 6728
1669.56 9900 3248 6727
1670.56 9900 3248 6727
1671.57 9901 3248 6728
1672.57 9908 3250 6733
1673.57 9914 3251 6738
1674.58 9915 3251 6739
1675.58 9912 3250 6737
1676.59 9908 3249 6734
1677.59 9906 3249 6733
1678.6 9906 3249 6732
1679.61 9905 3249 6732
1680.61 9903 3248 6731
1681.62 9904 3249 6731
1682.62 9904 3249 6731
1683.63 9905 3249 6732
1684.63 9911 3250 6737
1685.63 9918 3252 6742
1686.64 9918 3251 6742
1687.64 9914 3250 6739
1688.65 9911 3249 6737
1689.65 9910 3249 6736
1690.65 9910 3249 6736
1691.66 9908 3249 6735
1692.66 9908 3249 6735
1693.67 9908 3249 6734
1694.67 9908 3249 6735
1695.67 9914 3250 6740
1696.68 9921 3252 6745
1697.68 9917 3250 6742
1698.69 9914 3250 6740
1699.69 9912 3249 6738
1700.7 9912 3249 6738
1701.71 9911 3249 6737
1702.71 9911 3249 6737
1703.72 9912 3249 6738
1704.72 9919 3251 6743
1705.72 9922 3252 6746
1706.73 9919 3250 6744
1707.74 9916 3250 6742
1708.74 9915 3250 6741
1709.74 9914 3250 6740
1710.75 9913 3249 6739
1711.75 9913 3249 6739
1712.76 9915 3250 6741
1713.76 9921 3251 6746
1714.76 9921 3251 6745
1715.77 9918 3250 6744
1716.77 9917 3250 6742
1717.78 9916 3250 6742
1718.78 9916 3250 6741
1719.79 9919 3251 6744
1720.79 9918 3250 6743
1721.8 9923 3251 6747
1722.8 9921 3251 6745
1723.8 9920 3251 6745
1724.81 9920 3251 6744
1725.81 9920 3251 6745
1726.82 9927 3252 6750
1727.86 9932 3253 6754
1728.86 9929 3252 6752
1729.87 9925 3252 6749
1730.87 9925 3251 6749
1731.88 9924 3251 6748
1732.88 9923 3251 6747
1733.88 9923 3251 6747
1734.89 9926 3252 6750
1735.89 9933 3253 6755
1736.9 9931 3253 6754
1737.9 9928 3252 6752
1738.91 9927 3252 6751
1739.91 9927 3252 6751
1740.92 9927 3252 6750
1741.92 9927 3252 6750
1742.92 9928 3252 6752
1743.93 9932 3253 6755
1744.93 9938 3254 6759
1745.94 9938 3254 6759
1746.94 9935 3253 6757
1747.94 9933 3253 6756
1748.95 9932 3253 6755
1749.95 9931 3253 6754
1750.95 9931 3253 6754
1751.96 9932 3253 6755
1752.96 9932 3253 6755
1753.97 9936 3254 6758
1754.97 9943 3255 6763
1755.97 9940 3254 6762
1756.98 9937 3254 6759
1757.98 9936 3253 6759
1758.99 9936 3253 6758
1759.99 9935 3253 6758
1760.99 9935 3253 6757
1762 9939 3254 6761
1763 9944 3255 6765
1764.01 9941 3254 6762
1765.02 9939 3254 6761
1766.02 9938 3254 6760
1767.03 9937 3254 6760
1768.03 9939 3254 6761
1769.03 9939 3254 6761
1770.04 9939 3254 6761
1771.04 9942 3255 6763
1772.05 9943 3255 6763
1773.07 9948 3256 6768
1774.07 9945 3255 6766
1775.07 9943 3255 6764
1776.08 9943 3255 6764
1777.08 9942 3255 6763
1778.09 9946 3256 6766
1779.09 9951 3257 6771
1780.09 9952 3257 6771
1781.1 9949 3256 6769
1782.1 9948 3256 6768
1783.11 9947 3256 6768
1784.11 9946 3255 6767
1785.12 9947 3256 6767
1786.12 9947 3256 6768
1787.12 9951 3256 6770
1788.13 9950 3256 6770
1789.13 9952 3257 6771
1790.13 9951 3256 6770
1791.14 9951 3257 6770
1792.14 9952 3257 6771
1793.15 9957 3258 6775
1794.17 9955 3257 6773
1795.17 9954 3257 6773
1796.18 9954 3257 6772
1797.18 9955 3258 6774
1798.19 9959 3258 6776
1799.19 9960 3259 6778
1800.19 9958 3258 6776
1801.2 9958 3258 6775
1802.2 9957 3258 6775
1803.21 9961 3259 6778
1804.21 9960 3259 6778
1805.22 9960 3259 6777
1806.22 9960 3259 6777
1807.22 9965 3260 6781
1808.23 9970 3261 6785
1809.25 9967 3260 6783
