# timestamp	command count (MB)\n
-363.081 0
-250.619 0
-249.606 0
-248.52 0
-245.003 0
-243.954 0
-242.95 0
-241.877 0
-240.799 0
-239.698 0
-238.694 0
-237.69 0
-235.347 0
-234.203 0
-233.206 0
-232.193 0
-230.131 0
-228.973 0
-227.974 0
-226.974 0
-225.974 0
-221.944 0
-220.936 0
-219.937 0
-217.466 0
-216.461 0
-215.445 0
-214.436 0
-213.42 0
-210.036 0
-209.037 0
-208.027 0
-207.026 0
-205.077 0
-204.022 0
-203.015 0
-202.018 0
-201.018 0
-197.518 0
-196.518 0
-195.514 0
-194.515 0
-191.777 0
-190.778 0
-189.777 0
-188.774 0
-187.186 0
-186.17 0
-184.998 0
-183.996 0
-180.332 0
-179.331 0
-178.327 0
-176.943 0
-173.08 0
-172.072 0
-171.07 0
-167.461 0
-166.458 0
-165.446 0
-161.782 0
-160.775 0
-159.765 0
-158.754 0
-157.746 0
-155.74 0
-154.728 0
-153.721 0
-152.714 0
-151.127 0
-150.118 0
-149.109 0
-145.626 0
-144.621 0
-143.618 0
-142.613 0
-139.92 0
-138.917 0
-136.083 0
-134.4 0
-133.395 0
-132.392 0
-131.384 0
-130.375 0
-129.372 0
-128.361 0
-127.258 0
-123.444 0
-122.426 0
-121.423 0
-119.531 0
-118.522 0
-117.521 0
-116.515 0
-113.604 0
-112.59 0
-111.589 0
-110.585 0
-109.182 0
-108.18 0
-107.171 0
-106.169 0
-105.157 0
-104.149 0
-100.58 0
-99.5809 0
-98.5788 0
-96.5451 0
-95.5436 0
-94.5452 0
-93.5452 0
-92.5429 0
-89.0244 0
-88.0182 0
-87.0211 0
-86.0164 0
-82.9728 0
-81.9689 0
-79.3128 0
-78.3124 0
-77.3092 0
-76.3027 0
-73.6704 0
-72.6735 0
-71.6735 0
-70.6264 0
-67.8778 0
-66.8814 0
-65.8687 0
-64.8565 0
-60.9464 0
-59.9483 0
-58.9487 0
-56.8928 0
-55.8937 0
-54.8932 0
-51.769 0
-50.7674 0
-49.7672 0
-46.7253 0
-45.7216 0
-44.7123 0
-40.6821 0
-39.6821 0
-38.6476 0
-37.6455 0
-34.6003 0
-33.5925 0
-32.5926 0
-30.6317 0
-29.6224 0
-26.6372 0
-25.6348 0
-22.5168 0
-21.5181 0
-20.5159 0
-17.5077 0
-16.5037 0
-15.5042 0
-14.4545 0
-13.4545 0
-12.4545 0
-11.4547 0
-10.4551 0
-8.96787 0
-7.96774 0
-6.96768 0
-5.96718 0
-4.96718 0
-3.96714 0
-2.96706 0
-1.96694 0
-0.96727 0
0.032817 0
1.03262 0
2.03258 0
3.03274 0
4.03279 0
5.03249 0
6.03247 0
7.03243 0
8.03241 0
9.04036 0
10.0406 0
11.0403 0
12.0419 0
13.0407 0
14.0402 0
15.0401 0
16.0401 0
17.0401 0
18.0407 0
19.04 0
20.04 0
21.0399 0
22.0405 0
23.0399 0
24.0398 0
25.0398 0
26.0398 0
27.0397 0
28.0397 0
29.0397 0
30.0396 0
31.0396 0
32.0395 0
33.0395 0
34.0395 0
35.0395 0
36.0394 0
37.0394 0
38.0399 0
39.0393 0
40.0393 0
41.0392 0
42.0392 0
43.0392 0
44.0391 0
45.0391 0
46.0391 0
47.039 0
48.039 0
49.0389 0
50.0389 0
51.0389 0
52.0388 0
53.0388 0
54.0388 0
55.039 0
56.0387 0
57.0387 0
58.0386 0
59.0386 0
60.0386 0
61.0385 0
62.0385 0
63.0385 0
64.0385 0
65.0384 0
66.0383 0
67.0383 0
68.0383 0
69.0382 0
70.0382 0
71.0385 0
72.0381 0
73.0381 0
74.038 0
75.038 0
76.038 0
77.0379 0
78.0421 0
79.0461 1
80.0502 2
81.0543 2
82.0584 3
83.0625 3
84.0665 4
85.0706 4
86.0747 5
87.0788 6
88.0829 9
89.091 10
90.0951 14
91.0991 20
92.1033 26
93.1073 39
94.1115 67
95.1154 90
96.1195 55
97.1236 116
98.1279 138
99.1317 103
100.136 135
101.14 120
102.144 124
103.148 113
104.152 127
105.156 128
106.16 123
107.164 114
108.168 122
109.172 133
110.177 136
111.181 115
112.185 132
113.189 126
114.194 137
115.197 122
116.197 120
117.201 126
118.205 126
119.209 130
120.213 127
121.217 127
122.221 124
123.225 131
124.229 116
125.238 130
126.241 132
127.246 122
128.25 121
129.274 133
130.278 136
131.282 126
132.286 114
133.29 129
134.294 127
135.298 135
136.302 118
137.306 114
138.31 129
139.314 137
140.318 120
141.322 126
142.326 131
143.33 117
144.334 125
145.338 125
146.343 141
147.346 122
148.351 127
149.355 129
150.359 131
151.363 111
152.367 116
153.371 137
154.375 109
155.379 129
156.383 129
157.387 124
158.391 128
159.395 130
160.399 130
161.403 113
162.407 110
163.411 136
164.415 122
165.419 125
166.423 139
167.427 126
168.431 123
169.435 116
170.439 142
171.443 123
172.447 124
173.451 133
174.455 121
175.46 143
176.463 119
177.468 121
178.472 133
179.476 126
180.496 111
181.5 127
182.504 119
183.508 122
184.512 133
185.516 123
186.52 126
187.524 122
188.528 123
189.532 117
190.539 143
191.54 128
192.544 124
193.548 134
194.552 123
195.556 124
196.56 139
197.576 132
198.58 121
199.584 132
200.588 137
201.592 122
202.596 142
203.6 129
204.606 134
205.608 127
206.612 136
207.616 133
208.622 128
209.624 128
210.632 135
211.636 120
212.648 130
213.652 140
214.664 139
215.668 128
216.672 134
217.676 150
218.68 125
219.684 133
220.69 143
221.693 139
222.696 139
223.7 113
224.704 136
225.708 134
226.712 140
227.716 131
228.721 144
229.725 121
230.729 128
231.733 135
232.737 142
233.753 125
234.757 129
235.761 148
236.765 144
237.769 148
238.773 138
239.777 150
240.781 126
241.785 140
242.789 138
243.796 144
244.797 114
245.801 131
246.805 129
247.809 145
248.813 136
249.817 134
250.821 145
251.825 136
252.829 148
253.833 132
254.837 139
255.841 124
256.845 146
257.849 159
258.853 134
259.857 143
260.861 153
261.865 137
262.869 159
263.873 135
264.877 152
265.881 137
266.885 135
267.889 163
268.893 144
269.897 146
270.901 148
271.905 144
272.91 149
273.913 162
274.917 162
275.926 153
276.929 143
277.929 146
278.933 162
279.933 143
280.933 175
281.933 128
282.933 151
283.933 174
284.933 150
285.933 154
286.933 168
287.933 149
288.933 140
289.933 148
290.933 150
291.933 155
292.933 179
293.933 115
294.933 156
295.933 168
296.941 165
297.941 142
298.941 148
299.941 173
300.941 148
301.941 160
302.948 165
303.945 154
304.945 168
305.948 170
306.945 139
307.945 170
308.945 179
309.945 152
310.945 140
311.945 185
312.945 147
313.945 159
314.945 165
315.945 151
316.945 174
317.945 180
318.945 142
319.945 167
320.945 164
321.945 160
322.945 186
323.945 143
324.945 174
325.945 195
326.945 177
327.945 146
328.944 169
329.944 195
330.944 162
331.944 148
332.944 188
333.945 175
334.953 170
335.952 199
336.952 158
337.953 194
338.953 148
339.952 178
340.952 162
341.952 178
342.952 158
343.952 196
344.952 154
345.952 161
346.953 218
347.952 184
348.952 153
349.952 189
350.952 177
351.952 189
352.957 172
353.956 160
354.956 180
355.956 191
356.956 169
357.956 222
358.956 137
359.956 168
360.956 201
361.956 172
362.957 169
363.956 194
364.956 173
365.956 201
366.956 165
367.956 211
368.956 171
369.956 190
370.956 191
371.956 178
372.956 196
373.956 163
374.956 181
375.956 203
376.956 205
377.956 196
378.956 194
379.956 184
380.957 198
381.956 205
382.956 227
383.956 178
384.956 197
385.956 220
386.956 146
387.956 210
388.956 220
389.956 199
390.956 194
391.956 228
392.956 174
393.956 206
394.956 217
395.956 213
396.956 195
397.956 239
398.956 194
399.956 212
400.956 162
401.956 225
402.956 227
403.956 210
404.956 221
405.956 222
406.956 219
407.956 223
408.956 219
409.955 213
410.958 232
411.955 179
412.956 225
413.955 255
414.956 221
415.955 240
416.956 205
417.955 245
418.955 228
419.955 201
420.955 245
421.955 246
422.955 232
423.955 254
424.955 235
425.955 239
426.955 302
427.955 237
428.955 260
429.955 247
430.955 285
431.955 218
432.955 336
433.955 421
434.955 235
435.955 511
436.955 596
437.955 58
438.955 244
439.955 235
440.955 285
441.955 303
442.956 322
443.955 453
444.955 245
445.955 478
446.955 199
447.955 510
448.955 228
449.955 294
450.955 385
451.955 418
452.955 186
453.955 272
454.955 447
455.955 785
456.955 554
457.955 22
458.955 68
459.955 187
460.955 248
461.955 239
462.955 272
463.955 365
464.955 272
465.955 655
466.954 151
467.957 293
468.955 318
469.971 700
470.97 74
471.97 245
472.97 232
473.97 389
474.97 324
475.971 804
476.97 314
477.97 93
478.97 255
479.97 261
480.97 322
481.97 436
483.001 810
483.998 40
484.998 149
485.998 266
486.998 247
488 545
488.998 123
489.998 585
490.998 183
491.998 256
492.999 237
493.999 659
495.026 778
496.026 27
497.026 124
498.027 231
499.026 284
500.029 202
501.026 485
502.026 848
503.026 151
504.026 59
505.026 227
506.026 265
507.026 224
508.026 347
509.027 867
510.026 554
511.026 18
512.026 72
513.026 220
514.026 190
515.025 295
516.025 275
517.026 447
518.026 546
519.025 102
520.026 223
521.025 247
522.038 740
523.037 71
524.037 248
525.037 698
526.037 90
527.037 224
528.037 271
529.038 628
530.039 890
531.037 190
532.037 30
533.038 135
534.037 249
535.037 232
536.037 282
537.037 326
538.037 297
539.037 429
540.037 942
541.037 761
542.037 28
543.046 35
544.045 124
545.045 203
546.049 220
547.049 210
548.049 250
549.049 244
550.049 624
551.049 152
552.049 290
553.05 440
554.049 547
555.049 104
556.049 303
557.049 277
558.049 394
559.049 842
560.049 687
561.048 13
562.048 60
563.048 171
564.048 223
565.048 243
566.048 234
567.048 296
568.048 456
569.048 203
570.049 631
571.048 588
572.049 51
573.048 257
574.049 227
575.054 258
576.053 546
577.054 916
578.052 450
579.052 18
580.052 72
581.052 199
582.052 216
583.052 227
584.052 222
585.052 334
586.052 763
587.052 608
588.052 47
589.052 147
590.067 294
591.068 182
592.072 444
593.076 224
594.08 465
595.084 586
596.088 108
597.093 256
598.096 442
599.102 394
600.105 212
601.109 585
602.113 235
603.117 437
604.117 293
605.121 328
606.125 451
607.129 338
608.133 495
609.137 360
610.146 295
611.149 408
612.153 365
613.157 265
614.162 544
615.166 233
616.17 556
617.174 274
618.178 274
619.182 426
620.186 313
621.19 592
622.194 216
623.198 508
624.202 635
625.206 109
626.21 236
627.214 275
628.219 800
629.222 327
630.227 117
631.231 230
632.235 247
633.239 743
634.243 621
635.247 66
636.251 249
637.255 204
638.259 335
639.263 694
640.267 136
641.271 289
642.275 780
643.279 118
644.283 234
645.287 500
646.299 291
647.3 431
648.303 429
649.308 261
650.312 825
651.316 229
652.32 245
653.324 244
654.328 600
655.332 1066
656.339 75
657.34 79
658.344 210
659.348 259
660.352 257
661.356 662
662.36 412
663.364 214
664.368 278
665.372 727
666.376 158
667.381 627
668.385 244
669.389 298
670.393 649
671.397 231
672.401 699
673.405 226
674.41 447
675.413 626
676.417 192
677.423 579
678.425 327
679.429 476
680.437 444
681.437 325
682.441 667
683.445 204
684.449 567
685.453 409
686.457 284
687.462 500
688.465 766
689.469 136
690.473 366
691.478 504
692.482 444
693.486 322
694.49 872
695.494 106
696.498 290
697.502 664
698.506 478
699.51 204
700.514 276
701.518 856
702.522 169
703.527 381
704.53 360
705.534 403
706.538 646
707.542 287
708.546 717
709.553 209
710.554 308
711.558 421
712.562 750
713.566 201
714.58 618
715.582 214
716.587 503
717.591 493
718.595 289
719.599 783
720.603 176
721.61 392
722.611 458
723.615 500
724.619 271
725.623 374
726.627 943
727.631 126
728.635 426
729.639 523
730.643 254
731.647 356
732.651 941
733.655 333
734.659 207
735.663 229
736.667 433
737.672 1049
738.675 78
739.679 222
740.683 362
741.687 558
742.691 388
743.695 250
744.699 704
745.703 223
746.708 640
747.712 264
748.716 336
749.72 679
750.724 185
751.728 285
752.732 824
753.736 427
754.74 193
755.744 260
756.748 375
757.752 1073
758.756 425
759.76 119
760.764 312
761.774 233
762.777 574
763.78 1082
764.784 423
765.788 50
766.792 182
767.796 234
768.8 254
769.804 531
770.808 854
771.812 78
772.816 181
773.82 296
774.824 575
775.828 290
776.832 1030
777.836 492
778.84 64
779.844 256
780.849 218
781.853 243
782.857 501
783.861 256
784.865 876
785.869 751
786.873 57
787.877 207
788.881 260
789.885 336
790.889 1061
791.893 767
792.897 220
793.901 67
794.905 223
795.909 205
796.913 262
797.913 343
798.919 838
799.921 784
800.925 36
801.929 166
802.933 259
803.937 261
804.942 901
805.945 137
806.949 203
807.953 282
808.957 1064
809.961 583
810.965 47
811.969 203
812.973 203
813.977 263
814.99 762
815.993 160
816.997 248
818.002 443
819.006 1046
820.011 639
821.013 239
822.017 93
823.022 253
824.025 237
825.029 238
826.034 365
827.038 1053
828.041 100
829.045 110
830.055 320
831.058 220
832.062 669
833.066 1067
834.11 308
835.114 531
836.123 77
837.126 171
838.142 271
839.146 241
840.15 182
841.162 393
842.166 509
843.17 1210
844.174 344
845.178 435
846.182 52
847.186 209
848.19 201
849.194 276
850.198 237
851.202 324
852.206 358
853.21 1137
854.214 669
855.218 587
856.222 215
857.226 56
858.23 162
859.234 253
860.238 209
861.242 284
862.246 235
863.25 819
864.254 1118
865.258 122
866.262 536
867.266 35
868.27 164
869.274 292
870.279 182
871.282 246
872.286 268
873.29 379
874.296 1083
875.298 622
876.302 458
877.306 422
878.31 38
879.314 134
880.318 190
881.322 247
882.326 201
883.33 273
884.334 269
885.339 571
886.342 1056
887.346 542
888.35 21
889.354 125
890.358 256
891.362 214
892.366 293
893.371 279
894.374 488
895.379 609
896.382 136
897.387 444
898.391 384
899.394 777
900.399 98
901.403 280
902.407 246
903.411 809
904.415 996
905.419 472
906.423 33
907.427 140
908.431 303
909.435 178
910.439 562
911.443 229
912.447 358
913.451 1064
914.455 248
915.46 71
916.463 290
917.472 227
918.475 404
919.479 614
920.483 197
921.487 261
922.5 731
923.503 407
924.507 173
925.511 284
926.515 743
927.519 146
928.523 293
929.527 756
930.531 640
931.535 102
932.54 232
933.543 255
934.547 812
935.551 366
936.555 189
937.559 258
938.563 369
939.567 465
940.571 262
941.575 818
942.579 123
943.583 582
944.587 278
945.591 337
946.601 964
947.603 87
948.607 270
949.611 613
950.615 372
951.619 239
952.623 318
953.627 973
954.631 357
955.635 146
956.639 247
957.643 328
958.647 612
959.651 173
960.655 363
961.659 569
962.663 730
963.667 90
964.671 230
965.675 692
966.679 117
967.683 480
968.687 483
969.691 211
970.695 336
971.699 914
972.703 378
973.707 181
974.711 282
975.716 312
976.72 829
977.723 110
978.727 248
979.731 334
980.736 846
981.739 629
982.743 75
983.747 230
984.751 267
985.755 841
986.759 113
987.768 311
988.772 465
989.783 957
990.787 32
991.791 180
992.795 234
993.799 513
994.803 310
995.807 397
996.811 317
997.815 920
998.819 275
999.823 208
1000.83 270
1001.83 418
1002.84 1001
1003.84 423
1004.84 109
1005.85 241
1006.85 270
1007.86 430
1008.86 315
1009.87 656
1010.88 178
1011.88 702
1012.88 650
1013.89 98
1014.89 258
1015.9 745
1016.9 394
1017.9 125
1018.91 326
1019.91 239
1020.92 481
1021.92 999
1022.92 447
1023.93 81
1024.93 203
1025.94 242
1026.94 258
1027.95 898
1028.95 155
1029.95 251
1030.96 258
1031.96 415
1032.96 888
1033.97 210
1034.97 222
1035.98 221
1036.98 331
1037.98 984
1038.99 454
1039.99 87
1041 256
1042 227
1043 289
1044.01 1033
1045.01 79
1046.01 258
1047.02 233
1048.02 338
1049.02 860
1050.02 184
1051.03 268
1052.03 301
1053.03 986
1054.04 148
1055.04 200
1056.04 333
1057.04 883
1058.04 61
1059.04 207
1060.04 283
1061.04 607
1062.04 677
1063.04 102
1064.04 246
1065.04 440
1066.04 253
1067.05 867
1068.05 900
1069.05 139
1070.05 96
1071.05 257
1072.05 225
1073.05 519
1074.05 370
1075.05 219
1076.05 274
1077.05 991
1078.05 771
1079.05 27
1080.05 166
1081.05 212
1082.05 279
1083.05 246
1084.05 1097
1085.05 534
1086.05 37
1087.05 176
1088.05 220
1089.05 256
1090.05 259
1091.05 860
1092.05 163
1093.05 241
1094.05 317
1095.05 1011
1096.05 773
1097.05 113
1098.05 60
1099.05 250
1100.05 203
1101.05 224
1102.05 297
1103.05 454
1104.05 681
1105.05 1043
1106.05 257
1107.05 487
1108.05 45
1109.05 180
1110.05 204
1111.05 244
1112.05 245
1113.05 261
1114.05 422
1115.05 748
1116.05 309
1117.05 189
1118.05 241
1119.05 966
1120.05 392
1121.05 105
1122.05 270
1123.05 214
1124.05 335
1125.05 916
1126.05 965
1127.05 423
1128.05 60
1129.05 77
1130.05 220
1131.05 213
1132.05 232
1133.05 264
1134.05 747
1135.05 940
1136.05 45
1137.05 72
1138.05 244
1139.05 208
1140.05 265
1141.05 779
1142.05 1029
1143.05 21
1144.05 63
1145.06 273
1146.06 223
1147.05 341
1148.06 443
1149.07 765
1150.06 94
1151.06 273
1152.06 575
1153.06 485
1154.06 144
1155.06 275
1156.06 694
1157.06 290
1158.06 279
1159.06 561
1160.06 222
1161.06 614
1162.06 396
1163.06 285
1164.06 814
1165.07 133
1166.07 326
1167.07 544
1168.07 216
1169.07 346
1170.07 881
1171.11 886
1172.11 34
1173.11 158
1174.11 215
1175.11 472
1176.11 174
1177.11 552
1178.11 1016
1179.11 500
1180.11 29
1181.11 153
1182.11 239
1183.11 227
1184.11 269
1185.11 1050
1186.11 602
1187.11 32
1188.11 134
1189.11 255
1190.11 211
1191.11 293
1192.11 1120
1193.11 647
1194.11 42
1195.11 98
1196.11 257
1197.11 246
1198.11 281
1199.11 912
1200.11 993
1201.11 16
1202.11 65
1203.11 235
1204.11 220
1205.11 270
1206.11 363
1207.11 713
1208.11 991
1209.11 31
1210.11 92
1211.11 298
1212.11 220
1213.11 454
1214.11 759
1215.12 117
1216.12 252
1217.12 267
1218.12 670
1219.12 1057
1220.13 319
1221.13 468
1222.13 42
1223.13 193
1224.13 219
1225.13 214
1226.13 279
1227.14 611
1228.13 272
1229.13 348
1230.13 968
1231.13 209
1232.13 143
1233.13 252
1234.13 282
1235.14 1091
1236.13 859
1237.13 388
1238.13 22
1239.13 113
1240.13 237
1241.13 239
1242.13 251
1243.13 247
1244.13 762
1245.13 1119
1246.13 57
1247.13 829
1248.13 11
1249.13 74
1250.13 195
1251.13 228
1252.14 222
1253.13 222
1254.13 286
1255.13 882
1256.14 1041
1257.14 282
1258.14 25
1259.14 96
1260.14 246
1261.14 242
1262.14 223
1263.14 247
1264.14 386
1265.14 1072
1266.14 660
1267.14 33
1268.14 96
1269.14 242
1270.14 219
1271.14 270
1272.14 687
1273.15 932
1274.15 73
1275.15 162
1276.15 255
1277.16 321
1278.16 476
1279.16 996
1280.16 69
1281.16 183
1282.16 268
1283.16 338
1284.16 1086
1285.16 264
1286.16 102
1287.16 277
1288.16 187
1289.16 484
1290.16 1066
1291.16 571
1292.16 279
1293.16 81
1294.16 267
1295.16 218
1296.16 282
1297.16 253
1298.16 1113
1299.16 670
1300.16 37
1301.16 128
1302.16 252
1303.16 247
1304.16 273
1305.16 1178
1306.16 617
1307.16 30
1308.16 119
1309.16 213
1310.16 245
1311.16 751
1312.16 118
1313.16 295
1314.16 413
1315.16 1108
1316.16 618
1317.16 428
1318.16 43
1319.16 140
1320.16 227
1321.16 264
1322.17 231
1323.17 300
1324.17 897
1325.17 1044
1326.21 0
1327.21 970
1328.21 16
1329.21 89
1330.21 219
1331.21 238
1332.21 189
1333.21 256
1334.21 307
1335.21 929
1336.21 234
1337.21 178
1338.21 279
1339.21 451
1340.21 919
1341.21 945
1342.21 180
1343.21 60
1344.21 177
1345.21 290
1346.22 236
1347.22 360
1348.23 1141
1349.23 90
1350.23 149
1351.23 276
1352.23 265
1353.23 949
1354.23 591
1355.23 53
1356.23 191
1357.23 244
1358.23 220
1359.23 746
1360.23 1136
1361.23 492
1362.23 24
1363.23 113
1364.23 280
1365.23 195
1366.23 297
1367.23 419
1368.23 764
1369.23 168
1370.23 236
1371.23 484
1372.23 1085
1373.23 519
1374.23 42
1375.23 197
1376.23 221
1377.23 230
1378.23 611
1379.23 216
1380.23 312
1381.23 491
1382.23 1172
1383.23 486
1384.23 776
1385.23 38
1386.23 77
1387.23 225
1388.23 268
1389.23 212
1390.23 320
1391.23 386
1392.23 891
1393.23 227
1394.23 362
1395.23 216
1396.23 255
1397.23 926
1398.23 246
1399.23 207
1400.23 267
1401.23 822
1402.23 187
1403.23 234
1404.23 555
1405.23 1096
1406.23 412
1407.23 68
1408.23 247
1409.23 209
1410.23 274
1411.23 442
1412.23 1097
1413.23 537
1414.23 344
1415.23 576
1416.23 49
1417.23 150
1418.23 332
1419.23 133
1420.23 325
1421.23 267
1422.23 309
1423.23 1122
1424.23 686
1425.23 349
1426.23 37
1427.24 197
1428.23 233
1429.23 196
1430.23 404
1431.24 952
1432.24 107
1433.24 214
1434.24 256
1435.24 332
1436.24 1149
1437.24 662
1438.24 27
1439.24 113
1440.24 243
1441.24 221
1442.24 243
1443.24 808
1444.24 1121
1445.24 217
1446.24 443
1447.24 92
1448.24 196
1449.24 219
1450.24 258
1451.24 224
1452.24 738
1453.24 201
1454.24 473
1455.24 245
1456.24 626
1457.24 571
1458.24 270
1459.24 315
1460.24 248
1461.24 626
1462.24 426
1463.24 1146
1464.24 55
1465.24 103
1466.24 327
1467.24 205
1468.24 343
1469.24 1188
1470.24 632
1471.24 424
1472.24 39
1473.24 183
1474.24 240
1475.24 217
1476.24 456
1477.25 1022
1478.25 66
1479.25 134
1480.25 243
1481.25 244
1482.25 576
1483.25 1218
1484.25 183
1485.25 66
1486.25 217
1487.25 232
1488.25 251
1489.25 321
1490.25 1046
1491.25 893
1492.25 416
1493.25 444
1494.25 55
1495.25 226
1496.25 213
1497.25 242
1498.25 242
1499.25 377
1500.25 1090
1501.25 621
1502.25 25
1503.25 128
1504.25 232
1505.25 251
1506.25 261
1507.25 998
1508.25 964
1509.25 267
1510.25 409
1511.25 62
1512.27 241
1513.27 183
1514.26 278
1515.26 278
1516.26 316
1517.26 900
1518.26 188
1519.26 217
1520.26 283
1521.27 946
1522.27 122
1523.27 201
1524.27 351
1525.27 1174
1526.27 121
1527.27 142
1528.27 283
1529.27 263
1530.27 468
1531.27 852
1532.27 1015
1533.27 396
1534.27 30
1535.27 136
1536.27 310
1537.27 222
1538.27 217
1539.27 490
1540.27 1182
1541.27 370
1542.27 830
1543.27 13
1544.27 67
1545.27 250
1546.27 211
1547.27 242
1548.27 247
1549.27 414
1550.27 422
1551.27 683
1552.27 250
1553.27 256
1554.27 747
1555.27 1075
1556.27 225
1557.27 815
1558.27 163
1559.27 71
1560.27 234
1561.27 227
1562.27 233
1563.27 310
1564.27 487
1565.27 389
1566.27 272
1567.27 399
1568.29 897
1569.28 1020
1570.28 0
1571.28 1043
1572.28 12
1573.28 61
1574.28 206
1575.28 266
1576.28 205
1577.28 260
1578.28 356
1579.28 551
1580.3 1172
1581.29 283
1582.29 560
1583.29 393
1584.29 42
1585.29 138
1586.29 256
1587.29 236
1588.29 254
1589.29 262
1590.29 525
1591.29 392
1592.29 269
1593.3 333
1594.29 967
1595.3 908
1596.33 0
1597.33 998
1598.33 12
1599.33 83
1600.33 203
1601.33 220
1602.33 258
1603.33 219
1604.33 636
1605.33 245
1606.33 509
1607.33 236
1608.33 764
1609.33 222
1610.33 1014
1611.33 569
1612.33 574
1613.33 344
1614.33 41
1615.34 208
1616.34 237
1617.35 216
1618.35 304
1619.35 212
1620.36 569
1621.36 201
1622.37 551
1623.37 1179
1624.37 159
1625.38 102
1626.38 209
1627.39 224
1628.39 261
1629.4 884
1630.4 636
1631.4 79
1632.41 179
1633.41 309
1634.42 561
1635.42 264
1636.42 300
1637.43 946
1638.43 332
1639.44 200
1640.44 217
1641.44 722
1642.45 512
1643.45 113
1644.46 274
1645.46 659
1646.46 163
1647.47 302
1648.47 933
1649.48 161
1650.48 358
1651.48 252
1652.49 557
1653.5 398
1654.5 396
1655.5 905
1656.51 381
1657.51 129
1658.52 281
1659.52 531
1660.52 219
1661.52 302
1662.53 706
1663.53 1154
1664.54 201
1665.54 529
1666.55 68
1667.55 242
1668.55 175
1669.56 293
1670.56 233
1671.57 399
1672.57 1160
1673.57 557
1674.58 273
1675.58 698
1676.59 29
1677.59 152
1678.6 257
1679.61 287
1680.61 143
1681.62 373
1682.62 308
1683.63 392
1684.63 1081
1685.63 664
1686.64 628
1687.64 173
1688.65 54
1689.65 140
1690.65 293
1691.66 193
1692.66 278
1693.67 281
1694.67 328
1695.67 1113
1696.68 738
1697.68 330
1698.69 42
1699.69 128
1700.7 256
1701.71 235
1702.71 246
1703.72 477
1704.72 1136
1705.72 607
1706.73 147
1707.74 52
1708.74 183
1709.74 227
1710.75 219
1711.75 262
1712.76 461
1713.76 1113
1714.76 298
1715.77 78
1716.77 128
1717.78 243
1718.78 247
1719.79 728
1720.79 187
1721.8 826
1722.8 120
1723.8 240
1724.81 263
1725.81 358
1726.82 1137
1727.86 596
1728.86 294
1729.87 62
1730.87 216
1731.88 197
1732.88 263
1733.88 237
1734.89 689
1735.89 1157
1736.9 197
1737.9 50
1738.91 209
1739.91 236
1740.92 287
1741.92 286
1742.92 558
1743.93 795
1744.93 975
1745.94 330
1746.94 28
1747.94 132
1748.95 238
1749.95 232
1750.95 263
1751.96 438
1752.96 283
1753.97 818
1754.97 1121
1755.97 166
1756.98 48
1757.98 210
1758.99 231
1759.99 213
1760.99 278
1762 820
1763 868
1764.01 37
1765.02 87
1766.02 216
1767.03 266
1768.03 536
1769.03 271
1770.04 281
1771.04 666
1772.05 379
1773.07 1012
1774.07 43
1775.07 133
1776.08 260
1777.08 228
1778.09 803
1779.09 988
1780.09 413
1781.1 32
1782.1 147
1783.11 293
1784.11 200
1785.12 368
1786.12 374
1787.12 712
1788.13 205
1789.13 557
1790.13 165
1791.14 296
1792.14 415
1793.15 912
1794.17 73
1795.17 259
1796.18 252
1797.18 464
1798.19 727
1799.19 586
1800.19 92
1801.2 232
1802.2 296
1803.21 808
1804.21 195
1805.22 238
1806.22 310
1807.22 922
1808.23 974
1809.25 39
