# timestamp	memory footprint (MB)\n
-363.081 0
-250.619 0
-249.606 0
-248.52 0
-245.003 0
-243.954 0
-242.95 0
-241.877 0
-240.799 0
-239.698 0
-238.694 0
-237.69 0
-235.347 0
-234.203 0
-233.206 0
-232.193 0
-230.131 0
-228.973 0
-227.974 0
-226.974 0
-225.974 0
-221.944 0
-220.936 0
-219.937 0
-217.466 0
-216.461 0
-215.445 0
-214.436 0
-213.42 0
-210.036 0
-209.037 0
-208.027 0
-207.026 0
-205.077 0
-204.022 0
-203.015 0
-202.018 0
-201.018 0
-197.518 0
-196.518 0
-195.514 0
-194.515 0
-191.777 0
-190.778 0
-189.777 0
-188.774 0
-187.186 0
-186.17 0
-184.998 0
-183.996 0
-180.332 0
-179.331 0
-178.327 0
-176.943 0
-173.08 0
-172.072 0
-171.07 0
-167.461 0
-166.458 0
-165.446 0
-161.782 0
-160.775 0
-159.765 0
-158.754 0
-157.746 0
-155.74 0
-154.728 0
-153.721 0
-152.714 0
-151.127 0
-150.118 0
-149.109 0
-145.626 0
-144.621 0
-143.618 0
-142.613 0
-139.92 0
-138.917 0
-136.083 0
-134.4 0
-133.395 0
-132.392 0
-131.384 0
-130.375 0
-129.372 0
-128.361 0
-127.258 0
-123.444 0
-122.426 0
-121.423 0
-119.531 0
-118.522 0
-117.521 0
-116.515 0
-113.604 0
-112.59 0
-111.589 0
-110.585 0
-109.182 0
-108.18 0
-107.171 0
-106.169 0
-105.157 0
-104.149 0
-100.58 0
-99.5809 0
-98.5788 0
-96.545 0
-95.5436 0
-94.5452 0
-93.5452 0
-92.5428 0
-89.0244 0
-88.0182 0
-87.0211 0
-86.0164 0
-82.9728 0
-81.9689 0
-79.3128 0
-78.3124 0
-77.3092 0
-76.3027 0
-73.6704 0
-72.6735 0
-71.6735 0
-70.6264 0
-67.8777 0
-66.8814 0
-65.8687 0
-64.8565 0
-60.9464 0
-59.9483 0
-58.9487 0
-56.8928 0
-55.8937 0
-54.8932 0
-51.769 0
-50.7674 0
-49.7672 0
-46.7253 0
-45.7216 0
-44.7123 0
-40.6821 0
-39.6821 0
-38.6476 0
-37.6455 0
-34.6003 0
-33.5925 0
-32.5926 0
-30.6317 0
-29.6224 0
-26.6372 0
-25.6348 0
-22.5168 0
-21.5181 0
-20.5159 0
-17.5077 0
-16.5037 0
-15.5042 0
-14.4545 0
-13.4545 0
-12.4545 0
-11.4547 0
-10.455 0
-8.96787 0
-7.96774 0
-6.96768 0
-5.96718 0
-4.96718 0
-3.96714 0
-2.96706 0
-1.96694 0
-0.967268 0
0.032819 0
1.03262 0
2.03259 0
3.03275 0
4.0328 0
5.03249 0
6.03247 0
7.03244 0
8.03241 0
9.04036 0
10.0406 0
11.0403 0
12.0419 0
13.0407 0
14.0402 0
15.0401 0
16.0401 0
17.0401 0
18.0407 0
19.04 0
20.04 0
21.0399 0
22.0405 0
23.0399 0
24.0398 0
25.0398 0
26.0398 0
27.0397 0
28.0397 0
29.0397 0
30.0396 0
31.0396 0
32.0395 0
33.0395 0
34.0395 0
35.0395 0
36.0394 0
37.0394 0
38.0399 0
39.0393 0
40.0393 0
41.0393 0
42.0392 0
43.0392 0
44.0391 0
45.0391 0
46.0391 0
47.039 0
48.039 0
49.0389 0
50.0389 0
51.0389 0
52.0388 0
53.0389 0
54.0388 0
55.039 0
56.0387 0
57.0387 0
58.0386 0
59.0386 0
60.0386 0
61.0385 0
62.0385 0
63.0385 0
64.0385 0
65.0384 0
66.0384 0
67.0383 0
68.0383 0
69.0382 0
70.0382 0
71.0385 0
72.0381 0
73.0381 0
74.038 0
75.038 0
76.038 0
77.0379 0
78.0421 0
79.0461 0
80.0502 0
81.0543 0
82.0584 0
83.0625 0
84.0665 0
85.0706 0
86.0747 0
87.0788 0
88.0829 0
89.091 0
90.0951 0
91.0991 0
92.1033 0
93.1073 0
94.1115 0
95.1154 0
96.1195 0
97.1236 0
98.1279 0
99.1317 0
100.136 0
101.14 0
102.144 0
103.148 0
104.152 0
105.156 0
106.16 0
107.164 0
108.168 0
109.172 0
110.177 0
111.181 0
112.185 0
113.189 0
114.194 0
115.197 0
116.197 0
117.201 0
118.205 0
119.209 0
120.213 0
121.217 0
122.221 0
123.225 0
124.229 0
125.238 0
126.241 0
127.246 0
128.25 0
129.274 0
130.278 0
131.282 0
132.286 0
133.29 0
134.294 0
135.298 0
136.302 0
137.306 0
138.31 0
139.314 0
140.318 0
141.322 0
142.326 0
143.33 0
144.334 0
145.338 0
146.343 0
147.347 0
148.351 0
149.355 0
150.359 0
151.363 0
152.367 0
153.371 0
154.375 0
155.379 0
156.383 0
157.387 0
158.391 0
159.395 0
160.399 0
161.403 0
162.407 0
163.411 0
164.415 0
165.419 0
166.423 0
167.427 0
168.431 0
169.435 0
170.439 0
171.443 0
172.447 0
173.451 0
174.455 0
175.46 0
176.463 0
177.468 0
178.472 0
179.476 0
180.496 0
181.5 0
182.504 0
183.508 0
184.512 0
185.516 0
186.52 0
187.524 0
188.528 0
189.532 0
190.539 0
191.54 0
192.544 0
193.548 0
194.552 0
195.556 0
196.56 0
197.576 0
198.58 0
199.584 0
200.588 0
201.592 0
202.596 0
203.6 0
204.606 0
205.608 0
206.612 0
207.616 0
208.622 0
209.624 0
210.632 0
211.636 0
212.648 0
213.652 0
214.664 0
215.668 0
216.672 0
217.676 0
218.68 0
219.684 0
220.69 0
221.693 0
222.696 0
223.7 0
224.704 0
225.708 0
226.712 0
227.716 0
228.721 0
229.725 0
230.729 0
231.733 0
232.737 0
233.753 0
234.757 0
235.761 0
236.765 0
237.769 0
238.773 0
239.777 0
240.781 0
241.785 0
242.789 0
243.796 0
244.797 0
245.801 0
246.805 0
247.809 0
248.813 0
249.817 0
250.821 0
251.825 0
252.829 0
253.833 0
254.837 0
255.841 0
256.845 0
257.849 0
258.853 0
259.857 0
260.861 0
261.865 0
262.869 0
263.873 0
264.877 0
265.881 0
266.885 0
267.889 0
268.893 0
269.897 0
270.901 0
271.905 0
272.91 0
273.913 0
274.917 0
275.926 0
276.929 0
277.929 0
278.933 0
279.933 0
280.933 0
281.933 0
282.933 0
283.933 0
284.933 0
285.933 0
286.933 0
287.933 0
288.933 0
289.933 0
290.933 0
291.933 0
292.933 0
293.933 0
294.933 0
295.933 0
296.941 0
297.941 0
298.941 0
299.941 0
300.941 0
301.941 0
302.948 0
303.945 0
304.945 0
305.948 0
306.945 0
307.945 0
308.945 1
309.945 0
310.945 0
311.945 0
312.945 0
313.945 0
314.945 0
315.945 0
316.945 0
317.945 0
318.945 0
319.945 0
320.945 0
321.945 0
322.945 0
323.945 0
324.945 0
325.945 0
326.945 0
327.945 0
328.944 0
329.944 0
330.944 0
331.944 0
332.944 0
333.945 0
334.953 0
335.952 0
336.952 0
337.953 0
338.953 0
339.952 0
340.952 0
341.952 0
342.952 0
343.952 1
344.952 0
345.952 0
346.953 0
347.952 0
348.952 0
349.952 0
350.952 0
351.952 0
352.957 1
353.956 0
354.956 0
355.956 0
356.956 0
357.956 1
358.956 0
359.956 0
360.956 0
361.956 0
362.957 1
363.956 0
364.956 0
365.956 0
366.956 0
367.956 0
368.956 0
369.956 0
370.956 0
371.956 0
372.956 1
373.956 0
374.956 0
375.956 0
376.956 0
377.956 0
378.956 0
379.956 0
380.957 0
381.956 0
382.956 1
383.956 0
384.956 1
385.956 1
386.956 0
387.956 0
388.956 0
389.956 0
390.956 0
391.956 1
392.956 0
393.956 0
394.956 0
395.956 0
396.956 0
397.956 1
398.956 1
399.956 1
400.956 0
401.956 0
402.956 0
403.956 0
404.956 0
405.956 0
406.956 0
407.956 1
408.956 1
409.955 1
410.958 1
411.955 0
412.956 0
413.955 0
414.956 0
415.955 1
416.956 1
417.955 0
418.955 0
419.955 0
420.955 0
421.955 0
422.955 1
423.955 1
424.955 1
425.955 0
426.955 1
427.955 1
428.955 1
429.955 1
430.955 1
431.955 0
432.955 1
433.955 0
434.955 0
435.955 4
436.955 0
437.955 0
438.955 1
439.955 1
440.955 1
441.955 1
442.956 1
443.955 0
444.955 1
445.955 0
446.955 0
447.955 4
448.955 0
449.955 2
450.955 2
451.955 0
452.955 1
453.955 1
454.955 2
455.955 8
456.955 0
457.955 0
458.955 0
459.955 0
460.955 0
461.955 0
462.955 0
463.955 0
464.955 0
465.955 4
466.954 0
467.957 2
468.955 2
469.971 0
470.97 0
471.97 0
472.97 0
473.97 0
474.97 0
475.971 6
476.97 0
477.97 0
478.97 0
479.97 0
480.97 0
481.97 3
483.001 1
483.998 0
484.998 0
485.998 0
486.998 0
488 0
488.998 0
489.998 4
490.998 0
491.998 0
492.999 0
493.999 4
495.026 1
496.026 0
497.026 0
498.027 1
499.026 1
500.029 0
501.026 3
502.026 9
503.026 1
504.026 0
505.026 0
506.026 1
507.026 1
508.026 1
509.027 7
510.026 1
511.026 0
512.026 0
513.026 0
514.026 0
515.025 0
516.025 0
517.026 3
518.026 0
519.025 0
520.026 1
521.025 1
522.038 6
523.037 0
524.037 0
525.037 5
526.037 0
527.037 0
528.037 0
529.038 4
530.039 10
531.037 1
532.037 0
533.038 0
534.037 1
535.037 1
536.037 1
537.037 2
538.037 0
539.037 2
540.037 8
541.037 1
542.037 0
543.046 0
544.045 0
545.045 0
546.049 0
547.049 0
548.049 0
549.049 0
550.049 4
551.049 0
552.049 0
553.05 3
554.049 0
555.049 0
556.049 1
557.049 1
558.049 2
559.049 8
560.049 1
561.049 0
562.048 0
563.048 0
564.048 0
565.048 0
566.048 0
567.048 0
568.048 0
569.048 0
570.049 4
571.048 0
572.049 0
573.048 1
574.049 0
575.054 1
576.053 3
577.054 10
578.052 1
579.052 0
580.052 0
581.052 0
582.052 0
583.052 0
584.052 0
585.052 0
586.052 5
587.052 0
588.052 0
589.052 0
590.067 2
591.068 0
592.072 3
593.076 1
594.08 3
595.084 0
596.088 0
597.093 0
598.096 0
599.102 2
600.105 0
601.109 4
602.113 0
603.117 2
604.117 0
605.121 1
606.125 0
607.129 0
608.133 3
609.137 2
610.146 1
611.149 1
612.153 0
613.157 0
614.162 0
615.166 0
616.17 4
617.174 1
618.178 1
619.182 0
620.186 1
621.19 0
622.194 0
623.198 3
624.202 0
625.206 0
626.21 0
627.214 0
628.219 6
629.222 0
630.227 0
631.231 0
632.235 0
633.239 5
634.243 0
635.247 0
636.251 1
637.255 0
638.259 1
639.263 0
640.267 0
641.271 0
642.275 6
643.279 0
644.283 0
645.287 3
646.299 1
647.3 2
648.303 0
649.308 1
650.312 6
651.316 1
652.32 1
653.324 0
654.328 4
655.332 11
656.339 2
657.34 0
658.344 0
659.348 0
660.352 0
661.356 4
662.36 1
663.364 1
664.368 1
665.372 1
666.376 0
667.381 4
668.385 1
669.389 1
670.393 0
671.397 0
672.401 5
673.405 1
674.41 2
675.413 0
676.417 0
677.423 4
678.425 2
679.429 3
680.437 0
681.437 1
682.441 0
683.445 0
684.449 4
685.453 0
686.457 1
687.462 2
688.465 7
689.469 0
690.473 0
691.478 3
692.482 1
693.486 1
694.49 7
695.494 0
696.498 0
697.502 4
698.506 0
699.51 1
700.514 0
701.518 6
702.522 0
703.527 2
704.53 2
705.534 2
706.538 0
707.542 1
708.546 6
709.553 0
710.554 2
711.558 1
712.562 0
713.566 0
714.58 4
715.582 0
716.587 3
717.591 0
718.595 1
719.599 6
720.603 0
721.61 2
722.611 3
723.615 1
724.619 1
725.623 1
726.627 7
727.631 0
728.635 3
729.639 1
730.643 1
731.647 1
732.651 8
733.655 0
734.659 1
735.663 1
736.667 2
737.672 9
738.675 0
739.679 0
740.683 0
741.687 4
742.691 1
743.695 1
744.699 1
745.703 0
746.708 5
747.712 1
748.716 2
749.72 0
750.724 0
751.728 0
752.732 6
753.736 0
754.74 1
755.744 0
756.748 1
757.752 8
758.756 0
759.76 0
760.764 1
761.774 1
762.777 3
763.78 11
764.784 1
765.788 0
766.792 0
767.796 0
768.8 0
769.804 3
770.808 2
771.812 0
772.816 0
773.82 0
774.824 4
775.828 2
776.832 9
777.836 1
778.84 0
779.844 1
780.849 1
781.853 1
782.857 1
783.861 0
784.865 6
785.869 2
786.873 0
787.877 0
788.881 0
789.885 1
790.889 8
791.893 15
792.897 0
793.901 0
794.905 1
795.909 0
796.913 0
797.913 0
798.919 6
799.921 3
800.925 0
801.929 0
802.933 0
803.937 0
804.942 6
805.945 2
806.949 0
807.953 1
808.957 8
809.961 1
810.965 0
811.969 1
812.973 0
813.977 0
814.99 5
815.993 2
816.997 0
818.002 2
819.006 9
820.011 14
821.013 0
822.017 0
823.022 1
824.025 1
825.029 1
826.034 2
827.038 9
828.041 2
829.045 0
830.055 2
831.058 0
832.062 4
833.066 11
834.11 3
835.114 0
836.123 0
837.126 0
838.142 0
839.146 1
840.15 0
841.162 0
842.166 3
843.17 11
844.174 3
845.178 0
846.182 0
847.186 1
848.19 1
849.194 1
850.198 1
851.202 1
852.206 1
853.21 9
854.214 17
855.218 5
856.222 0
857.226 0
858.23 0
859.234 0
860.238 0
861.242 0
862.246 0
863.25 5
864.254 13
865.258 4
866.262 0
867.266 0
868.27 1
869.274 2
870.279 0
871.282 1
872.286 1
873.29 2
874.296 9
875.298 17
876.302 5
877.306 0
878.31 0
879.314 0
880.318 0
881.322 0
882.326 0
883.33 0
884.334 0
885.339 3
886.342 11
887.346 2
888.35 0
889.354 0
890.358 1
891.362 1
892.366 1
893.371 1
894.374 1
895.379 5
896.382 0
897.387 3
898.391 1
899.394 7
900.399 0
901.403 0
902.407 0
903.411 5
904.415 12
905.419 1
906.423 0
907.427 0
908.431 0
909.435 0
910.439 3
911.443 1
912.447 2
913.451 9
914.455 2
915.46 0
916.463 1
917.472 1
918.475 2
919.479 1
920.483 0
921.487 0
922.5 5
923.503 1
924.507 0
925.511 1
926.515 0
927.519 0
928.523 0
929.527 5
930.531 1
931.535 0
932.54 1
933.543 0
934.547 6
935.551 1
936.555 1
937.559 1
938.563 2
939.567 1
940.571 0
941.575 6
942.579 0
943.583 4
944.587 2
945.591 1
946.601 7
947.603 0
948.607 0
949.611 4
950.615 1
951.619 1
952.623 1
953.627 8
954.631 1
955.635 0
956.639 1
957.643 1
958.647 1
959.651 0
960.655 0
961.659 4
962.663 1
963.667 0
964.671 0
965.675 5
966.679 0
967.683 3
968.687 1
969.691 0
970.695 1
971.699 7
972.703 0
973.707 1
974.711 1
975.716 1
976.72 1
977.723 0
978.727 0
979.731 0
980.736 6
981.739 1
982.743 0
983.747 1
984.751 0
985.755 6
986.759 0
987.768 2
988.772 3
989.783 9
990.787 0
991.791 0
992.795 0
993.799 3
994.803 2
995.807 1
996.811 1
997.815 7
998.819 1
999.823 1
1000.83 1
1001.83 1
1002.84 8
1003.84 0
1004.84 0
1005.85 1
1006.85 1
1007.86 0
1008.86 0
1009.87 0
1010.88 0
1011.88 5
1012.88 0
1013.89 0
1014.89 1
1015.9 6
1016.9 0
1017.9 0
1018.91 2
1019.91 1
1020.92 2
1021.92 9
1022.92 1
1023.93 0
1024.93 1
1025.94 1
1026.94 0
1027.95 7
1028.95 2
1029.95 1
1030.96 1
1031.96 1
1032.96 7
1033.97 1
1034.97 1
1035.98 1
1036.98 1
1037.98 8
1038.99 1
1039.99 0
1041 1
1042 0
1043 1
1044.01 8
1045.01 2
1046.01 1
1047.02 1
1048.02 1
1049.02 2
1050.02 3
1051.03 1
1052.03 1
1053.03 8
1054.04 1
1055.04 1
1056.04 2
1057.04 8
1058.04 0
1059.04 0
1060.04 0
1061.04 4
1062.04 2
1063.04 0
1064.04 0
1065.04 0
1066.04 0
1067.05 6
1068.05 12
1069.05 0
1070.05 0
1071.05 0
1072.05 0
1073.05 3
1074.05 1
1075.05 0
1076.05 0
1077.05 7
1078.05 2
1079.05 0
1080.05 0
1081.05 0
1082.05 1
1083.05 1
1084.05 8
1085.05 3
1086.05 0
1087.05 0
1088.05 1
1089.05 0
1090.05 0
1091.05 6
1092.05 3
1093.05 1
1094.05 1
1095.05 8
1096.05 3
1097.05 0
1098.05 0
1099.05 1
1100.05 0
1101.05 0
1102.05 0
1103.05 0
1104.05 5
1105.05 12
1106.05 3
1107.05 0
1108.05 0
1109.05 1
1110.05 1
1111.05 1
1112.05 1
1113.05 1
1114.05 1
1115.05 6
1116.05 2
1117.05 1
1118.05 0
1119.05 7
1120.05 2
1121.05 0
1122.05 1
1123.05 0
1124.05 1
1125.05 7
1126.05 14
1127.05 3
1128.05 0
1129.05 0
1130.05 0
1131.05 0
1132.05 0
1133.05 0
1134.05 5
1135.05 3
1136.05 3
1137.05 0
1138.05 0
1139.05 0
1140.05 0
1141.05 5
1142.05 12
1143.05 3
1144.05 0
1145.06 1
1146.06 0
1147.05 2
1148.06 1
1149.07 5
1150.06 0
1151.06 0
1152.06 4
1153.06 1
1154.06 0
1155.06 0
1156.06 5
1157.06 2
1158.06 1
1159.06 1
1160.06 0
1161.06 4
1162.06 2
1163.06 1
1164.06 7
1165.07 2
1166.07 2
1167.07 1
1168.07 0
1169.07 1
1170.07 7
1171.11 1
1172.11 0
1173.11 0
1174.11 0
1175.11 0
1176.11 0
1177.11 3
1178.11 10
1179.11 3
1180.11 0
1181.11 0
1182.11 1
1183.11 0
1184.11 1
1185.11 8
1186.11 3
1187.11 0
1188.11 0
1189.11 1
1190.11 0
1191.11 1
1192.11 9
1193.11 4
1194.11 0
1195.11 0
1196.11 0
1197.11 0
1198.11 0
1199.11 7
1200.11 13
1201.11 0
1202.11 0
1203.11 0
1204.11 0
1205.11 1
1206.11 0
1207.11 5
1208.11 12
1209.11 3
1210.11 0
1211.11 2
1212.11 1
1213.11 2
1214.11 1
1215.12 0
1216.12 0
1217.12 0
1218.12 4
1219.12 11
1220.13 17
1221.13 3
1222.13 0
1223.13 0
1224.13 0
1225.13 0
1226.13 0
1227.14 2
1228.13 2
1229.13 2
1230.13 8
1231.13 3
1232.13 0
1233.13 0
1234.13 0
1235.14 8
1236.13 15
1237.13 3
1238.13 0
1239.13 0
1240.13 0
1241.13 0
1242.13 0
1243.13 0
1244.13 5
1245.13 13
1246.13 19
1247.13 5
1248.13 0
1249.13 0
1250.13 1
1251.13 0
1252.14 0
1253.13 0
1254.13 0
1255.13 6
1256.14 14
1257.14 4
1258.14 0
1259.14 0
1260.14 1
1261.14 1
1262.14 1
1263.14 1
1264.14 1
1265.14 8
1266.14 3
1267.14 0
1268.14 0
1269.14 0
1270.14 0
1271.14 0
1272.14 4
1273.15 3
1274.15 4
1275.15 0
1276.15 1
1277.16 2
1278.16 3
1279.16 10
1280.16 3
1281.16 1
1282.16 1
1283.16 2
1284.16 9
1285.16 3
1286.16 0
1287.16 1
1288.16 1
1289.16 3
1290.16 10
1291.16 4
1292.16 0
1293.16 0
1294.16 1
1295.16 1
1296.16 1
1297.16 1
1298.16 8
1299.16 4
1300.16 0
1301.16 0
1302.16 1
1303.16 0
1304.16 1
1305.16 9
1306.16 4
1307.16 0
1308.16 0
1309.16 0
1310.16 0
1311.16 5
1312.16 1
1313.16 2
1314.16 2
1315.16 9
1316.16 16
1317.16 3
1318.16 0
1319.16 0
1320.16 0
1321.16 0
1322.17 0
1323.17 0
1324.17 6
1325.17 14
1326.21 6
1327.21 6
1328.21 0
1329.21 0
1330.21 1
1331.21 1
1332.21 0
1333.21 0
1334.21 1
1335.21 7
1336.21 2
1337.21 0
1338.21 1
1339.21 1
1340.21 7
1341.21 14
1342.21 4
1343.21 0
1344.21 1
1345.21 2
1346.22 1
1347.22 2
1348.23 10
1349.23 3
1350.23 0
1351.23 1
1352.23 0
1353.23 7
1354.23 3
1355.23 0
1356.23 0
1357.23 0
1358.23 0
1359.23 5
1360.23 13
1361.23 2
1362.23 0
1363.23 0
1364.23 0
1365.23 0
1366.23 2
1367.23 2
1368.23 1
1369.23 0
1370.23 0
1371.23 3
1372.23 10
1373.23 4
1374.23 0
1375.23 1
1376.23 0
1377.23 1
1378.23 0
1379.23 0
1380.23 2
1381.23 2
1382.23 10
1383.23 17
1384.23 5
1385.23 0
1386.23 0
1387.23 0
1388.23 0
1389.23 0
1390.23 2
1391.23 2
1392.23 2
1393.23 4
1394.23 1
1395.23 1
1396.23 0
1397.23 7
1398.23 2
1399.23 0
1400.23 1
1401.23 1
1402.23 0
1403.23 0
1404.23 3
1405.23 11
1406.23 2
1407.23 0
1408.23 1
1409.23 1
1410.23 1
1411.23 2
1412.23 10
1413.23 18
1414.23 6
1415.23 1
1416.23 0
1417.23 0
1418.23 2
1419.23 0
1420.23 2
1421.23 1
1422.23 1
1423.23 9
1424.23 16
1425.23 6
1426.23 0
1427.24 0
1428.23 1
1429.23 0
1430.23 2
1431.24 2
1432.24 3
1433.24 1
1434.24 1
1435.24 1
1436.24 9
1437.24 4
1438.24 0
1439.24 0
1440.24 0
1441.24 0
1442.24 0
1443.24 5
1444.24 13
1445.24 3
1446.24 0
1447.24 0
1448.24 1
1449.24 0
1450.24 1
1451.24 0
1452.24 5
1453.24 2
1454.24 1
1455.24 0
1456.24 4
1457.24 2
1458.24 4
1459.24 1
1460.24 1
1461.24 1
1462.24 4
1463.24 12
1464.24 3
1465.24 0
1466.24 2
1467.24 1
1468.24 1
1469.24 9
1470.24 15
1471.24 3
1472.24 0
1473.24 0
1474.24 0
1475.24 0
1476.24 3
1477.25 2
1478.25 2
1479.25 0
1480.25 0
1481.25 0
1482.25 4
1483.25 12
1484.25 4
1485.25 0
1486.25 1
1487.25 0
1488.25 0
1489.25 0
1490.25 7
1491.25 15
1492.25 5
1493.25 0
1494.25 0
1495.25 1
1496.25 1
1497.25 1
1498.25 1
1499.25 2
1500.25 9
1501.25 3
1502.25 0
1503.25 0
1504.25 0
1505.25 0
1506.25 0
1507.25 7
1508.25 14
1509.25 4
1510.25 0
1511.25 0
1512.27 1
1513.27 0
1514.26 1
1515.26 1
1516.26 2
1517.26 2
1518.26 3
1519.26 1
1520.26 1
1521.27 7
1522.27 3
1523.27 1
1524.27 2
1525.27 10
1526.27 3
1527.27 0
1528.27 1
1529.27 1
1530.27 1
1531.27 7
1532.27 15
1533.27 4
1534.27 0
1535.27 0
1536.27 2
1537.27 1
1538.27 1
1539.27 3
1540.27 11
1541.27 18
1542.27 5
1543.27 0
1544.27 0
1545.27 0
1546.27 0
1547.27 0
1548.27 0
1549.27 2
1550.27 1
1551.27 1
1552.27 3
1553.27 1
1554.27 5
1555.27 12
1556.27 19
1557.27 6
1558.27 0
1559.27 0
1560.27 0
1561.27 0
1562.27 0
1563.27 0
1564.27 3
1565.27 2
1566.27 0
1567.27 0
1568.29 7
1569.28 14
1570.28 20
1571.28 7
1572.28 0
1573.28 0
1574.28 0
1575.28 0
1576.28 0
1577.28 0
1578.28 0
1579.28 4
1580.3 12
1581.29 20
1582.29 6
1583.29 0
1584.29 0
1585.29 0
1586.29 0
1587.29 0
1588.29 0
1589.29 0
1590.29 3
1591.29 1
1592.29 0
1593.3 1
1594.29 7
1595.3 15
1596.33 6
1597.33 6
1598.33 0
1599.33 0
1600.33 0
1601.33 0
1602.33 0
1603.33 0
1604.33 4
1605.33 2
1606.33 1
1607.33 0
1608.33 5
1609.33 3
1610.33 10
1611.33 18
1612.33 6
1613.33 0
1614.33 0
1615.34 1
1616.34 1
1617.35 1
1618.35 2
1619.35 1
1620.36 0
1621.36 0
1622.37 4
1623.37 12
1624.37 4
1625.38 0
1626.38 1
1627.39 0
1628.39 0
1629.4 6
1630.4 3
1631.4 0
1632.41 0
1633.41 0
1634.42 3
1635.42 2
1636.42 1
1637.43 7
1638.43 3
1639.44 0
1640.44 0
1641.44 5
1642.45 2
1643.45 0
1644.46 0
1645.46 4
1646.46 1
1647.47 1
1648.47 2
1649.48 3
1650.48 0
1651.48 0
1652.49 3
1653.5 3
1654.5 2
1655.5 8
1656.51 2
1657.51 0
1658.52 1
1659.52 1
1660.52 0
1661.52 0
1662.53 4
1663.53 12
1664.54 3
1665.54 0
1666.55 0
1667.55 1
1668.55 0
1669.56 1
1670.56 1
1671.57 2
1672.57 10
1673.57 17
1674.58 6
1675.58 0
1676.59 0
1677.59 0
1678.6 1
1679.61 1
1680.61 0
1681.62 2
1682.62 2
1683.63 2
1684.63 9
1685.63 17
1686.64 5
1687.64 0
1688.65 0
1689.65 0
1690.65 0
1691.66 0
1692.66 1
1693.67 1
1694.67 1
1695.67 8
1696.68 16
1697.68 5
1698.69 0
1699.69 0
1700.7 1
1701.71 1
1702.71 1
1703.72 3
1704.72 10
1705.72 4
1706.73 4
1707.74 0
1708.74 0
1709.74 0
1710.75 0
1711.75 0
1712.76 3
1713.76 10
1714.76 4
1715.77 0
1716.77 0
1717.78 0
1718.78 0
1719.79 5
1720.79 3
1721.8 8
1722.8 2
1723.8 1
1724.81 1
1725.81 2
1726.82 9
1727.86 5
1728.86 0
1729.87 0
1730.87 0
1731.88 0
1732.88 0
1733.88 0
1734.89 5
1735.89 12
1736.9 4
1737.9 0
1738.91 1
1739.91 1
1740.92 1
1741.92 1
1742.92 1
1743.93 7
1744.93 14
1745.94 5
1746.94 0
1747.94 0
1748.95 1
1749.95 0
1750.95 1
1751.96 0
1752.96 0
1753.97 6
1754.97 14
1755.97 4
1756.98 0
1757.98 1
1758.99 1
1759.99 1
1760.99 1
1762 7
1763 4
1764.01 4
1765.02 0
1766.02 0
1767.03 0
1768.03 3
1769.03 1
1770.04 1
1771.04 1
1772.05 4
1773.07 11
1774.07 3
1775.07 0
1776.08 0
1777.08 0
1778.09 5
1779.09 12
1780.09 3
1781.1 0
1782.1 0
1783.11 1
1784.11 0
1785.12 2
1786.12 1
1787.12 2
1788.13 3
1789.13 1
1790.13 0
1791.14 0
1792.14 2
1793.15 9
1794.17 2
1795.17 1
1796.18 1
1797.18 1
1798.19 6
1799.19 2
1800.19 0
1801.2 0
1802.2 0
1803.21 6
1804.21 2
1805.22 0
1806.22 1
1807.22 7
1808.23 14
