# timestamp	utilization (%) \n
-229.755 4
-213.87 9
-196.666 13
-180.146 18
-166.494 22
-151.111 26
-136.074 30
-118.596 35
-104.853 39
-89.0112 43
-73.159 48
-55.89 52
-39.6902 57
-25.6408 61
-15.0218 64
-9.83273 64
0.193965 64
5.33045 65
10.5377 66
15.832 67
20.9111 68
26.2429 69
31.3721 69
36.4006 70
41.4341 71
46.7363 72
51.8941 72
57.1361 73
62.3614 74
67.4438 75
72.5243 76
77.7186 76
82.932 77
87.9493 76
93.1182 76
98.3604 76
103.733 76
109.177 77
114.185 77
119.692 77
124.706 77
129.792 76
134.981 76
139.996 76
145.155 76
150.569 76
155.728 76
161.116 76
166.45 76
171.742 75
176.744 75
182.249 75
187.276 74
192.422 74
197.515 74
202.63 74
207.948 74
213.289 74
218.574 74
224.062 73
229.452 73
234.98 73
240.369 73
245.882 73
250.909 72
256.484 72
261.611 72
266.638 72
271.765 72
277.405 72
282.534 71
287.816 71
293.099 71
298.462 71
303.722 71
308.976 70
314.356 70
319.878 70
325.367 70
330.869 70
335.871 69
341.525 69
347.184 69
352.957 69
357.987 69
362.991 68
368.599 68
373.789 68
378.884 68
384.023 67
389.472 67
394.501 67
399.998 67
405.399 66
410.958 66
416.09 66
421.443 65
427.143 65
432.444 65
437.486 65
443.682 65
448.908 65
454.065 65
459.523 65
464.575 65
469.841 65
476.369 65
482.881 65
487.892 65
494.898 65
499.985 65
505.307 65
510.581 65
515.839 65
522.038 65
527.718 65
533.252 65
540.812 65
545.823 65
550.965 65
556.247 65
561.313 65
566.547 65
572.049 65
577.618 65
582.628 65
588.118 65
594.915 65
599.929 65
605.824 64
611.727 64
617.366 64
623.886 64
629.269 64
634.675 64
639.753 63
645.516 64
650.586 63
655.613 63
661.81 63
667.552 63
672.575 63
678.519 63
684.866 62
690.364 62
696.295 62
701.642 61
707.095 61
712.422 61
717.997 60
723.159 60
729.06 60
734.807 60
740.489 59
746.894 59
753.196 59
758.3 59
764.34 59
770.598 58
777.424 58
782.433 58
788.387 58
793.4 57
799.668 57
805.057 57
810.527 57
816.313 57
821.388 57
827.086 57
833.933 57
839.125 56
844.957 56
850.513 56
855.729 56
860.991 56
866.009 56
871.424 55
876.879 56
882.033 55
887.067 55
892.453 55
897.719 55
904.952 55
910.555 55
916.517 54
922.969 54
928.136 54
934.897 54
939.997 54
946.516 54
951.98 53
958.285 53
963.322 53
969.183 53
974.821 53
981.419 53
986.64 52
992.476 52
998.082 52
1003.35 52
1008.49 52
1014.25 52
1020.05 51
1025.18 51
1031.4 51
1038.45 51
1044.05 51
1050.09 51
1056.99 51
1062.62 50
1068.23 50
1073.4 50
1078.72 50
1084.57 50
1090.99 50
1096.9 50
1102.79 49
1108.23 49
1113.55 49
1119.49 49
1126.45 49
1131.69 49
1136.83 49
1142.05 49
1147.3 49
1152.63 49
1158.79 49
1164.11 49
1170.96 49
1175.96 48
1181.26 48
1186.75 48
1192.72 48
1200 48
1205.74 48
1211.18 48
1217.03 48
1222.66 48
1228.31 47
1233.64 47
1238.78 47
1246.04 47
1251.53 47
1257.64 47
1263.43 47
1268.63 47
1274.2 47
1279.21 47
1284.38 47
1290.92 47
1296.37 46
1301.42 46
1306.93 46
1312.14 46
1317.17 46
1322.74 46
1327.95 46
1333.58 45
1338.69 46
1344.18 46
1349.5 45
1354.84 45
1360.75 45
1366.2 45
1372.63 45
1377.95 45
1383.53 45
1389.05 45
1394.43 44
1399.49 44
1405.68 44
1413.59 44
1419.08 44
1424.16 44
1429.19 44
1434.4 44
1439.74 44
1444.92 44
1450.64 43
1456.84 43
1463.27 43
1470.42 43
1477.1 43
1483.52 43
1488.75 42
1494.36 42
1500.86 42
1505.87 42
1511.23 42
1517.11 42
1522.38 42
1527.41 42
1532.43 42
1538.25 41
1543.29 41
1549.61 41
1556.45 41
1561.99 41
1567 41
1572.34 41
1578.15 41
1583.46 41
1589.13 40
1596.13 40
1601.98 40
1607.05 40
1612.98 40
1618.52 40
1623.56 40
1630.01 40
1635.68 40
1641.92 40
1648.35 40
1653.72 40
1659.16 39
1664.29 39
1669.84 39
1675.31 39
1680.39 39
1685.98 39
1691.57 39
1696.64 39
1701.77 38
1706.79 38
1714.08 38
1719.9 38
1725 38
1730.38 38
1736.09 38
1741.12 38
1746.46 38
1751.5 38
1757.09 38
1762.78 38
1768.21 37
1774.04 37
1779.54 37
1785.33 37
1791.05 37
1796.59 37
1801.65 37
1808.29 37
