# timestamp	utilization (%) \n
-245.003 0
-239.698 0
-233.206 0
-226.974 0
-217.466 0
-210.036 0
-204.022 0
-196.518 0
-189.777 0
-183.996 0
-173.08 0
-165.446 0
-157.746 0
-151.127 0
-143.618 0
-134.4 0
-129.372 0
-121.423 0
-113.604 0
-108.18 0
-100.58 0
-94.5452 0
-87.0211 0
-78.3124 0
-71.6735 0
-64.8565 0
-55.8937 0
-46.7253 0
-38.6476 0
-30.6317 0
-21.5181 0
-14.4545 0
-8.96787 0
-3.96714 0
1.03262 0
6.03247 0
11.0403 0
16.0401 0
21.0399 0
26.0398 0
31.0396 0
36.0394 0
41.0393 0
46.0391 0
51.0389 0
56.0387 0
61.0385 0
66.0384 0
71.0385 0
76.038 0
81.0543 0
86.0747 0
91.0991 0
96.1195 0
101.14 0
106.16 0
111.181 0
116.197 0
121.217 0
126.241 0
131.282 1
136.302 1
141.322 1
146.343 1
151.363 1
156.383 1
161.403 1
166.423 1
171.443 2
176.463 2
181.5 2
186.52 2
191.54 2
196.56 2
201.592 2
206.612 2
211.636 3
216.672 3
221.693 3
226.712 3
231.733 3
236.765 3
241.785 3
246.805 3
251.825 4
256.845 4
261.865 4
266.885 4
271.905 4
276.929 4
281.933 4
286.933 5
291.933 5
296.941 5
301.941 5
306.945 5
311.945 5
316.945 6
321.945 6
326.945 6
331.944 6
336.952 6
341.952 6
346.953 7
351.952 7
356.956 7
361.956 7
366.956 7
371.956 8
376.956 8
381.956 8
386.956 8
391.956 8
396.956 9
401.956 9
406.956 9
411.955 9
416.956 10
421.955 10
426.955 10
431.955 10
436.955 10
441.955 10
446.955 10
451.955 10
456.955 10
461.955 10
466.954 10
471.97 10
476.97 10
481.97 11
486.998 10
491.998 10
497.026 10
502.026 11
507.026 10
512.026 10
517.026 11
522.038 11
527.037 10
532.037 10
537.037 10
542.037 10
547.049 10
552.049 10
557.049 10
562.048 10
567.048 10
572.049 10
577.054 11
582.052 10
587.052 10
592.072 11
597.093 11
602.113 11
607.129 11
612.153 11
617.174 11
622.194 11
627.214 12
632.235 12
637.255 12
642.275 12
647.3 12
652.32 12
657.34 12
662.36 12
667.381 12
672.401 12
677.423 13
682.441 13
687.462 13
692.482 13
697.502 14
702.522 14
707.542 14
712.562 14
717.591 14
722.611 15
727.631 15
732.651 15
737.672 16
742.691 15
747.712 16
752.732 16
757.752 16
762.777 16
767.796 17
772.816 17
777.836 17
782.857 17
787.877 17
792.897 17
797.913 17
802.933 17
807.953 18
812.973 18
818.002 18
823.022 18
828.042 18
833.066 19
838.142 18
843.17 19
848.19 19
853.21 19
858.23 19
863.25 19
868.27 19
873.29 19
878.31 19
883.33 19
888.35 19
893.371 20
898.391 20
903.411 20
908.431 20
913.451 20
918.475 20
923.503 20
928.523 20
933.543 21
938.563 21
943.583 21
948.607 21
953.627 21
958.647 21
963.667 21
968.687 21
973.707 22
978.727 22
983.747 22
988.772 22
993.799 22
998.819 22
1003.84 22
1008.86 23
1013.89 23
1018.91 23
1023.93 23
1028.95 23
1033.97 23
1038.99 23
1044.01 24
1049.02 24
1054.04 24
1059.04 24
1064.04 24
1069.05 24
1074.05 24
1079.05 24
1084.05 25
1089.05 24
1094.05 24
1099.05 24
1104.05 25
1109.05 25
1114.05 25
1119.05 25
1124.05 25
1129.05 25
1134.05 25
1139.05 25
1144.05 25
1149.07 25
1154.06 25
1159.06 25
1164.06 26
1169.07 26
1174.11 26
1179.11 26
1184.11 26
1189.11 26
1194.11 26
1199.11 26
1204.11 26
1209.11 26
1214.11 26
1219.12 27
1224.13 26
1229.13 27
1234.13 27
1239.13 27
1244.13 27
1249.13 27
1254.13 27
1259.14 27
1264.14 27
1269.14 27
1274.15 27
1279.16 28
1284.16 28
1289.16 27
1294.16 27
1299.16 28
1304.16 28
1309.16 28
1314.16 28
1319.16 28
1324.17 28
1329.21 28
1334.21 28
1339.21 28
1344.21 28
1349.23 29
1354.23 29
1359.23 29
1364.23 29
1369.23 29
1374.23 29
1379.23 29
1384.23 29
1389.23 29
1394.23 29
1399.23 29
1404.23 30
1409.23 30
1414.23 30
1419.23 30
1424.23 31
1429.23 30
1434.24 30
1439.24 30
1444.24 31
1449.24 30
1454.24 31
1459.24 31
1464.24 31
1469.24 31
1474.24 31
1479.25 31
1484.25 31
1489.25 31
1494.25 31
1499.25 32
1504.25 31
1509.25 32
1514.26 32
1519.26 32
1524.27 32
1529.27 32
1534.27 32
1539.27 32
1544.27 32
1549.27 32
1554.27 33
1559.27 32
1564.27 33
1569.28 33
1574.28 33
1579.28 33
1584.29 33
1589.29 33
1594.29 33
1599.33 33
1604.33 34
1609.33 34
1614.33 33
1619.35 34
1624.37 34
1629.4 34
1634.42 34
1639.44 34
1644.46 34
1649.48 34
1654.5 34
1659.52 34
1664.54 34
1669.56 34
1674.58 35
1679.61 35
1684.63 35
1689.65 35
1694.67 35
1699.69 35
1704.72 35
1709.74 35
1714.76 35
1719.79 35
1724.81 35
1729.87 35
1734.89 36
1739.91 35
1744.93 36
1749.95 36
1754.97 36
1759.99 36
1765.02 36
1770.04 36
1775.07 36
1780.09 36
1785.12 36
1790.13 36
1795.17 36
1800.19 36
1805.22 36
