# timestamp	utilization (%) \n
5.08166 0
11.9927 1
18.782 3
24.9495 4
30.3246 5
36.3709 7
41.7403 8
49.468 10
55.3585 11
62.365 13
68.7094 14
74.478 15
83.3916 17
89.3852 19
96.862 20
106.263 22
111.741 24
118.148 25
123.434 26
128.856 28
137.133 29
144.83 31
152.058 33
157.091 34
162.834 35
168.123 36
175.085 38
182.226 39
187.877 41
193.605 42
199.61 43
206.803 45
212.644 46
219.531 47
224.669 48
230.951 50
236.586 51
241.713 52
247.623 53
255.267 55
262.176 57
267.717 58
273.516 59
278.999 61
284.288 62
289.976 63
296.222 64
302.242 65
307.954 67
313.556 68
319.284 68
324.875 68
330.676 67
336.976 67
342.336 67
347.438 67
353.262 66
358.615 66
364.345 65
371.076 65
376.454 65
382.41 64
387.654 64
392.77 63
397.995 63
403.937 63
410.347 62
415.401 62
422.141 62
428.931 61
434.915 60
440.761 60
448.188 60
453.205 59
458.986 59
464.307 58
470.737 58
477.832 57
483.264 57
489.906 56
495.679 56
500.934 55
506.205 55
511.817 54
517.302 54
522.645 53
529.026 53
536.126 52
542.637 52
548.577 51
554.559 50
559.825 50
566.867 50
572.123 49
577.745 48
583.591 48
589.315 48
595.088 48
600.982 48
606.972 48
612.314 47
617.336 47
622.826 47
628.381 47
633.399 47
639.089 47
645.035 46
650.334 46
655.904 46
661.817 46
667.373 46
672.431 46
678.142 45
684.23 45
689.607 45
694.869 45
700.466 45
706.036 45
711.726 45
717.66 45
723.46 44
729.353 44
734.773 44
740.145 44
746.031 44
751.453 44
756.863 43
762.758 43
768.766 43
774.249 43
779.518 43
785.384 43
791.045 43
796.513 43
802.018 43
808.158 43
813.775 43
819.396 43
825.255 42
831.494 42
836.988 42
842.298 42
847.4 42
853.279 42
859.07 42
864.352 42
869.366 42
875.321 42
881.116 42
886.229 42
892.035 42
897.794 42
903.913 42
909.033 42
915.096 42
920.556 42
925.758 42
931.77 42
937.257 42
942.83 42
947.94 41
953.849 41
959.637 41
964.958 41
970.265 41
976.26 41
981.983 41
987.303 41
992.73 41
998.41 41
1004.18 41
1009.85 41
1015.24 41
1021.14 41
1026.66 40
1032.05 40
1037.44 40
1043.29 40
1049.04 40
1054.73 40
1060.1 40
1065.77 40
1071.31 40
1077.16 40
1082.69 40
1087.98 40
1093.9 40
1099.69 40
1106.23 40
1111.24 40
1116.96 40
1123.06 40
1128.79 39
1133.81 39
1139.13 39
1144.72 39
1150.56 40
1156.33 40
1161.63 39
1167.38 39
1173.42 39
1178.46 39
1184.68 39
1190.71 39
1196.26 39
