# timestamp	memory footprint (MB)\n
-297.222 0
-270.461 0
-268.909 0
-264.954 0
-263.925 0
-262.882 0
-261.885 0
-260.815 0
-259.817 0
-258.77 0
-257.654 0
-255.911 0
-254.852 0
-253.852 0
-252.854 0
-250.816 0
-249.72 0
-248.722 0
-247.661 0
-246.662 0
-244.64 0
-243.636 0
-242.638 0
-241.517 0
-237.575 0
-236.57 0
-235.567 0
-234.558 0
-230.679 0
-229.671 0
-228.67 0
-227.128 0
-226.131 0
-225.131 0
-221.017 0
-220.013 0
-219.015 0
-218.005 0
-216.124 0
-215.126 0
-214.125 0
-213.127 0
-209.896 0
-208.899 0
-207.899 0
-206.893 0
-205.88 0
-202.357 0
-201.36 0
-200.356 0
-198.461 0
-197.447 0
-196.438 0
-194.251 0
-193.241 0
-190.328 0
-189.319 0
-188.317 0
-186.297 0
-185.29 0
-184.285 0
-183.285 0
-180.338 0
-179.34 0
-178.332 0
-175.403 0
-174.402 0
-173.404 0
-172.395 0
-169.531 0
-168.528 0
-167.524 0
-164.53 0
-163.525 0
-162.518 0
-161.51 0
-158.761 0
-157.759 0
-156.752 0
-155.746 0
-152.959 0
-151.957 0
-150.951 0
-149.948 0
-147.214 0
-146.202 0
-145.195 0
-144.19 0
-143.19 0
-139.708 0
-138.704 0
-137.699 0
-135.546 0
-134.544 0
-133.539 0
-131.41 0
-130.408 0
-127.375 0
-126.363 0
-125.358 0
-123.244 0
-122.237 0
-121.234 0
-118.232 0
-117.226 0
-116.214 0
-113.205 0
-112.2 0
-111.199 0
-110.192 0
-109.03 0
-105.047 0
-104.043 0
-103.04 0
-100.994 0
-99.9827 0
-98.9758 0
-97.9734 0
-96.6694 0
-95.6637 0
-92.691 0
-91.6853 0
-90.6793 0
-89.6755 0
-86.1056 0
-85.0993 0
-84.0988 0
-81.9877 0
-80.9852 0
-79.9804 0
-76.9615 0
-75.9499 0
-74.9419 0
-71.8863 0
-70.8649 0
-69.8626 0
-67.3278 0
-66.326 0
-65.3225 0
-61.0015 0
-59.9966 0
-58.9888 0
-55.8823 0
-54.8707 0
-53.8703 0
-52.1888 0
-51.1783 0
-48.1542 0
-47.1486 0
-46.1385 0
-43.0977 0
-42.0855 0
-41.0812 0
-37.722 0
-36.716 0
-35.7091 0
-34.7047 0
-31.6992 0
-30.698 0
-29.693 0
-26.5854 0
-25.5805 0
-24.5744 0
-21.5465 0
-20.5445 0
-19.5336 0
-16.6234 0
-15.5768 0
-14.573 0
-13.5692 0
-12.5658 0
-11.5619 0
-10.063 0
-9.06179 0
-8.05784 0
-7.05382 0
-6.04985 0
-5.04584 0
-3.95254 0
-2.06221 0
-1.06179 0
7.30439 0
8.30622 0
9.31022 0
10.3142 0
11.3182 0
12.3222 0
13.3262 0
14.3302 0
15.3343 0
16.3382 0
17.3423 0
18.3463 0
19.3502 0
20.3542 0
21.3583 0
22.3623 0
23.3663 0
24.3703 0
25.3743 0
26.3783 0
27.3823 0
28.3863 0
29.3903 0
30.3943 0
31.3983 0
32.4026 0
33.4063 0
34.4103 0
35.4144 0
36.4183 0
37.4223 0
38.4263 0
39.4303 0
40.4343 0
41.4387 0
42.4423 0
43.4463 0
44.4503 0
45.4543 0
46.4583 0
47.4623 0
48.4703 0
49.4853 0
50.4863 0
51.4903 0
52.4944 0
53.4983 0
54.5023 0
55.5023 0
56.5063 0
57.5063 0
58.5104 0
59.5103 0
60.5143 0
61.5183 0
62.5184 0
63.5183 0
64.5223 0
65.5223 0
66.5264 0
67.5263 0
68.5263 0
69.5263 0
70.5263 0
71.5263 0
72.5264 0
73.5263 0
74.5263 0
75.5263 0
76.5263 0
77.5263 0
78.5263 0
79.5263 0
80.5263 0
81.5263 0
82.5263 0
83.5262 0
84.5262 0
85.5263 0
86.5262 0
87.5262 0
88.5262 0
89.5262 0
90.5262 0
91.5262 0
92.5262 0
93.5262 0
94.5262 0
95.5262 0
96.5262 0
97.5549 0
98.5541 0
99.5541 0
100.554 0
101.554 0
102.554 0
103.554 0
104.554 0
105.554 0
106.554 0
107.554 0
108.554 0
109.554 0
110.554 0
111.554 0
112.554 0
113.554 0
114.554 0
115.554 0
116.554 0
117.554 0
118.554 0
119.554 0
120.554 0
121.554 0
122.554 0
123.554 0
124.556 0
125.554 0
126.554 0
127.554 0
128.556 0
129.554 0
130.554 0
131.554 0
132.554 0
133.554 0
134.555 0
135.554 0
136.554 0
137.554 0
138.554 0
139.554 0
140.554 0
141.554 0
142.554 0
143.554 0
144.554 0
145.554 0
146.554 0
147.554 0
148.554 0
149.554 0
150.554 0
151.554 0
152.554 0
153.554 0
154.554 0
155.554 0
156.554 0
157.554 0
158.554 0
159.554 0
160.554 0
161.554 0
162.554 0
163.554 0
164.554 0
165.554 0
166.554 0
167.554 0
168.553 0
169.553 0
170.553 0
171.554 0
172.553 0
173.553 0
174.553 0
175.553 0
176.553 0
177.553 0
178.553 0
179.554 0
180.553 0
181.553 0
182.553 0
183.553 0
184.554 0
185.553 0
186.553 0
187.553 0
188.553 0
189.553 0
190.553 0
191.554 0
192.553 0
193.557 0
194.557 0
195.557 0
196.557 0
197.557 0
198.561 0
199.557 0
200.557 0
201.557 0
202.558 0
203.557 0
204.557 0
205.557 0
206.557 0
207.561 0
208.557 0
209.557 0
210.557 0
211.557 0
212.557 0
213.557 0
214.557 0
215.557 0
216.557 0
217.559 0
218.557 0
219.557 0
220.557 0
221.557 0
222.557 0
223.557 0
224.558 0
225.557 0
226.557 0
227.557 0
228.566 0
229.565 0
230.565 0
231.566 0
232.566 0
233.565 0
234.565 0
235.573 0
236.573 0
237.573 0
238.573 0
239.573 0
240.573 0
241.573 0
242.573 0
243.573 0
244.573 0
245.573 0
246.573 0
247.573 0
248.573 0
249.576 0
250.573 0
251.573 0
252.573 0
253.573 0
254.576 0
255.573 0
256.573 0
257.573 0
258.573 0
259.573 0
260.573 0
261.573 0
262.573 0
263.573 0
264.573 0
265.573 0
266.573 0
267.573 0
268.573 0
269.574 0
270.573 0
271.573 0
272.573 0
273.573 0
274.574 0
275.573 0
276.573 0
277.573 0
278.573 0
279.573 0
280.573 0
281.573 0
282.573 0
283.573 0
284.573 0
285.573 0
286.573 0
287.573 0
288.573 0
289.573 0
290.573 0
291.573 0
292.573 0
293.573 0
294.573 0
295.573 0
296.573 0
297.573 0
298.573 0
299.573 0
300.573 0
301.573 0
302.573 0
303.573 0
304.573 0
305.573 0
306.573 0
307.573 0
308.573 0
309.577 0
310.578 0
311.577 0
312.577 0
313.577 0
314.577 0
315.577 0
316.577 0
317.576 0
318.577 0
319.577 0
320.576 0
321.577 0
322.577 0
323.576 0
324.576 0
325.576 0
326.576 0
327.576 0
328.576 0
329.576 0
330.576 0
331.577 0
332.576 0
333.584 0
334.584 0
335.584 0
336.584 0
337.584 0
338.584 0
339.584 0
340.584 0
341.589 0
342.588 0
343.588 0
344.589 0
345.588 0
346.596 0
347.594 0
348.592 0
349.592 0
350.592 0
351.592 0
352.592 0
353.592 0
354.592 0
355.593 0
356.592 0
357.592 0
358.592 0
359.592 0
360.593 1
361.592 0
362.596 0
363.592 0
364.592 0
365.592 0
366.592 0
367.592 0
368.592 0
369.592 0
370.592 0
371.593 0
372.592 0
373.592 0
374.593 0
375.592 0
376.592 0
377.592 0
378.592 0
379.592 0
380.592 0
381.592 0
382.592 0
383.594 0
384.592 0
385.592 0
386.592 0
387.592 1
388.592 2
389.592 0
390.592 0
391.592 0
392.592 0
393.592 0
394.592 0
395.594 2
396.592 0
397.593 0
398.592 2
399.592 0
400.592 0
401.592 0
402.592 1
403.597 1
404.596 0
405.597 2
406.596 0
407.596 0
408.596 4
409.596 3
410.596 0
411.596 0
412.598 0
413.596 0
414.596 6
415.596 13
416.597 8
417.596 8
418.596 0
419.596 0
420.596 0
421.596 0
422.596 0
423.596 0
424.596 0
425.596 0
426.596 6
427.596 15
428.598 24
429.596 13
430.596 8
431.596 8
432.596 3
433.596 0
434.597 0
435.596 0
436.596 0
437.598 0
438.596 0
439.596 0
440.596 0
441.596 0
442.596 0
443.596 1
444.6 0
445.6 4
446.6 6
447.6 12
448.603 21
449.6 16
450.6 12
451.6 9
452.6 4
453.603 1
454.6 0
455.6 0
456.6 0
457.6 0
458.6 0
459.6 0
460.6 1
461.6 0
462.6 0
463.6 0
464.603 0
465.6 6
466.6 0
467.6 0
468.6 0
469.6 0
470.6 9
471.611 18
472.609 12
473.608 7
474.608 1
475.608 0
476.608 0
477.608 0
478.608 0
479.608 0
480.608 2
481.608 0
482.608 0
483.608 0
484.608 1
485.754 10
486.752 19
487.752 25
488.752 11
489.752 7
490.752 1
491.76 0
492.76 0
493.76 0
494.76 0
495.76 0
496.76 1
497.76 0
498.76 10
499.76 8
500.76 5
501.76 0
502.76 0
503.76 0
504.76 0
505.76 0
506.76 2
507.76 12
508.76 5
509.76 0
510.76 0
511.759 0
512.759 0
513.781 2
514.78 0
515.779 0
516.78 1
517.78 0
518.779 3
519.78 3
520.781 0
521.78 3
522.78 0
523.78 0
524.78 1
525.779 1
526.783 0
527.788 2
528.787 0
529.789 3
530.787 1
531.79 0
532.787 6
533.787 0
534.787 0
535.788 0
536.787 6
537.789 0
538.787 0
539.787 3
540.787 0
541.795 5
542.791 0
543.792 0
544.791 2
545.791 0
546.791 2
547.8 0
548.799 2
549.799 0
550.799 0
551.799 2
552.799 0
553.799 2
554.799 0
555.799 1
556.823 4
557.819 0
558.819 3
559.819 10
560.823 0
561.823 0
562.827 0
563.829 0
564.828 4
565.832 4
566.831 0
567.831 0
568.832 8
569.831 2
570.831 0
571.831 0
572.832 6
573.831 2
574.831 0
575.831 0
576.832 0
577.849 5
578.847 5
579.847 0
580.849 0
581.847 0
582.848 0
583.848 0
584.847 7
585.848 13
586.847 4
587.847 0
588.847 0
589.847 0
590.848 0
591.85 0
592.847 1
593.847 0
594.847 0
595.847 6
596.847 3
597.847 0
598.847 0
599.851 0
600.857 2
601.859 2
602.868 0
603.872 0
604.876 1
605.88 0
606.884 0
607.888 0
608.892 3
609.896 0
610.918 3
611.921 2
612.924 0
613.928 0
614.932 1
615.936 0
616.94 1
617.945 1
618.95 0
619.952 1
620.957 0
621.961 3
622.965 9
623.969 0
624.977 0
625.981 0
626.985 3
627.989 0
628.994 1
629.997 2
631.001 0
632.005 0
633.01 2
634.014 0
635.018 7
636.021 0
637.027 0
638.03 3
639.035 0
640.038 5
641.042 0
642.047 1
643.05 5
644.054 0
645.058 0
646.062 0
647.115 8
648.118 0
649.122 0
650.127 1
651.131 7
652.134 0
653.138 0
654.143 1
655.147 0
656.151 1
657.16 2
658.163 0
659.167 2
660.176 0
661.179 1
662.183 0
663.191 1
664.191 0
665.195 0
666.199 1
667.2 1
668.203 0
669.207 0
670.213 5
671.216 0
672.22 0
673.258 6
674.262 0
675.295 1
676.296 0
677.3 0
678.304 6
679.308 0
680.312 0
681.329 4
682.332 0
683.336 0
684.359 4
685.36 2
686.418 0
687.42 0
688.425 3
689.428 0
690.432 0
691.437 0
692.441 5
693.445 0
694.449 0
695.453 1
696.463 9
697.467 0
698.469 0
699.473 0
700.477 0
701.481 0
702.485 2
703.489 7
704.493 0
705.497 0
706.502 0
707.505 5
708.509 0
709.513 0
710.517 0
711.521 0
712.526 0
713.53 0
714.534 1
715.538 0
716.542 3
717.546 0
718.55 0
719.554 1
720.558 0
721.562 0
722.573 1
723.574 4
724.579 0
725.582 1
726.586 0
727.59 0
728.594 0
729.599 5
730.602 0
731.607 0
732.614 4
733.614 0
734.619 0
735.623 3
736.627 0
737.631 3
738.635 0
739.639 0
740.643 0
741.647 1
742.651 1
743.655 0
744.659 0
745.663 0
746.677 5
747.679 0
748.683 0
749.687 5
750.691 0
751.695 0
752.695 5
753.699 0
754.703 0
755.707 6
756.711 0
757.716 0
758.72 3
759.726 0
760.728 0
761.732 4
762.736 0
763.74 0
764.744 1
765.748 0
766.752 3
767.756 0
768.768 2
769.784 0
770.79 3
771.792 0
772.796 0
773.8 0
774.804 0
775.808 6
776.812 0
777.816 0
778.821 0
779.831 4
780.833 0
781.837 0
782.84 0
783.844 2
784.848 0
785.853 0
786.857 5
787.861 0
788.865 0
789.869 4
790.873 0
791.877 0
792.883 2
793.885 0
794.889 0
795.893 2
796.897 0
797.901 0
798.905 0
799.909 0
800.913 0
801.917 0
802.921 0
803.925 1
804.929 0
805.935 3
806.937 0
807.944 2
808.945 0
809.949 0
810.954 0
811.958 0
812.961 1
813.965 0
814.969 0
815.974 2
816.978 0
817.982 0
818.987 3
819.99 0
820.994 3
821.998 0
823.002 1
824.006 0
825.017 3
826.018 0
827.022 3
828.026 0
829.034 0
830.034 4
831.038 0
832.043 1
833.046 3
834.052 0
835.055 1
836.058 0
837.062 0
838.067 1
839.07 0
840.076 3
841.078 0
842.082 2
843.087 0
844.09 2
845.094 0
846.098 0
847.103 0
848.107 2
849.111 0
850.115 0
851.119 1
852.123 0
853.127 0
854.131 1
855.135 0
856.139 0
857.143 1
858.153 0
859.155 0
860.159 0
861.163 0
862.167 1
863.171 0
864.175 1
865.179 0
866.183 1
867.187 0
868.191 0
869.195 0
870.199 0
871.203 0
872.208 0
873.211 0
874.23 1
875.231 1
876.232 0
877.235 0
878.239 0
879.244 1
880.247 0
881.256 0
882.259 0
883.263 0
884.267 0
885.272 1
886.276 0
887.28 0
888.284 0
889.288 0
890.292 0
891.296 1
892.3 1
893.304 0
894.308 0
895.312 0
896.318 1
897.32 0
898.324 0
899.328 2
900.332 3
901.336 0
902.341 1
903.35 0
904.352 1
905.356 0
906.37 3
907.372 0
908.376 0
909.38 0
910.384 2
911.388 0
912.394 0
913.403 3
914.404 0
915.408 0
916.412 1
917.416 0
918.42 0
919.424 0
920.428 0
921.432 0
922.436 0
923.44 0
924.445 0
925.448 0
926.454 0
927.457 0
928.461 0
929.465 0
930.469 0
931.473 0
932.477 0
933.481 1
934.485 0
935.489 0
936.493 0
937.497 0
938.501 0
939.505 1
940.509 0
941.513 1
942.517 0
943.521 0
944.525 1
945.531 1
946.595 0
947.597 3
948.601 0
949.605 2
950.609 0
951.613 1
952.627 3
953.629 0
954.633 3
955.637 0
956.641 0
957.645 4
958.649 0
959.654 1
960.657 0
961.661 2
962.665 0
963.678 2
964.681 0
965.685 0
966.689 2
967.693 0
968.698 1
969.701 0
970.706 1
971.71 0
972.713 0
973.718 0
974.721 0
975.725 0
976.73 0
977.734 0
978.74 0
979.742 0
980.746 0
981.75 0
982.754 0
983.758 0
984.762 0
985.766 0
986.77 0
987.774 0
988.778 0
989.782 0
990.786 0
991.794 1
992.794 0
993.798 0
994.802 0
995.806 0
996.81 0
997.814 4
998.821 0
999.822 1
1000.83 0
1001.84 4
1002.84 0
1003.84 1
1004.85 0
1005.85 1
1006.85 0
1007.86 2
1008.86 0
1009.87 1
1010.87 1
1011.87 1
1012.88 1
1013.88 0
1014.89 0
1015.89 2
1016.89 0
1017.9 0
1018.91 1
1019.91 0
1020.91 0
1021.92 0
1022.92 0
1023.93 0
1024.94 0
1025.94 0
1026.94 1
1027.95 0
1028.95 0
1029.95 1
1030.96 0
1031.96 0
1032.97 0
1033.97 0
1034.97 0
1035.98 0
1036.98 0
1037.99 0
1038.99 0
1039.99 0
1041 0
1042 0
1043.01 0
1044.01 1
1045.01 0
1046.02 0
1047.02 0
1048.04 0
1049.04 2
1050.05 0
1051.05 1
1052.05 0
1053.06 1
1054.06 0
1055.07 0
1056.08 1
1057.08 1
1058.08 1
1059.09 0
1060.09 1
1061.09 0
1062.1 1
1063.1 0
1064.11 1
1065.11 0
1066.11 0
1067.12 0
1068.12 0
1069.13 1
1070.13 0
1071.14 0
1072.14 0
1073.14 0
1074.15 0
1075.15 2
1076.16 0
1077.16 2
1078.16 0
1079.17 0
1080.18 4
1081.18 0
1082.18 2
1083.19 0
1084.21 2
1085.21 0
1086.21 0
1087.22 1
1088.22 1
1089.22 0
1090.22 1
1091.24 0
1092.24 0
1093.24 0
1094.25 0
1095.25 0
1096.26 2
1097.26 0
1098.26 1
1099.27 0
1100.27 2
1101.28 0
1102.28 1
1103.28 0
1104.3 2
1105.3 0
1106.31 0
1107.31 2
1108.32 0
1109.32 1
1110.32 0
1111.33 0
1112.33 0
1113.34 4
1114.34 0
1115.35 0
1116.35 2
1117.36 0
1118.36 1
1119.36 0
1120.37 0
1121.37 0
1122.38 0
1123.38 0
1124.38 0
1125.39 0
1126.4 1
1127.4 1
1128.4 0
1129.41 0
1130.41 0
1131.42 1
1132.42 0
1133.42 0
1134.43 0
1135.43 0
1136.44 1
1137.44 0
1138.44 0
1139.45 0
1140.45 1
1141.46 0
1142.46 2
1143.46 1
1144.47 0
1145.47 1
1146.48 0
1147.49 2
1148.49 0
1149.49 1
1150.51 1
1151.51 0
1152.51 0
1153.52 0
1154.52 0
1155.52 0
1156.53 0
1157.53 0
1158.54 0
1159.54 0
1160.54 0
1161.55 0
1162.55 0
1163.56 0
1164.56 0
1165.56 1
1166.57 1
1167.57 1
1168.58 0
1169.58 0
1170.59 2
1171.59 0
1172.59 1
1173.6 1
1174.6 1
1175.61 1
1176.61 0
1177.62 0
1178.62 2
1179.62 0
1180.63 0
1181.63 0
1182.64 1
1183.64 0
1184.64 0
1185.65 0
1186.65 0
1187.66 0
1188.66 0
1189.66 0
1190.67 1
1191.67 2
1192.68 0
1193.69 1
1194.69 0
1195.7 1
1196.7 0
1197.7 1
1198.71 1
1199.72 1
1200.72 1
1201.73 1
1202.73 0
1203.74 1
1204.74 0
1205.77 2
1206.77 0
1207.78 0
1208.78 1
1209.78 0
1210.79 0
1211.79 0
1212.8 1
1213.8 0
1214.8 0
1215.81 0
1216.81 0
1217.82 0
1218.83 0
1219.83 0
1220.83 0
1221.84 0
1222.84 0
1223.84 0
1224.85 0
1225.85 1
1226.86 0
1227.87 1
1228.87 0
1229.88 0
1230.88 0
1231.88 2
1232.89 1
1233.89 0
1234.9 2
1235.9 0
1236.9 1
1237.91 0
1238.91 2
1239.92 1
1240.92 0
1241.93 1
1242.93 1
1243.94 1
1244.94 0
1245.95 0
1246.95 0
1247.95 1
1248.96 0
1249.96 1
1250.97 0
1251.97 0
1252.97 0
1253.98 0
1254.98 1
1255.99 0
1256.99 0
1258 0
1259 0
1260 0
1261.01 0
1262.02 0
1263.02 0
1264.03 1
1265.03 0
1266.03 0
1267.04 1
1268.04 0
1269.05 0
1270.05 0
1271.05 4
