# timestamp	utilization (%) \n
-250.455 3
-234.444 7
-215.3 11
-198.035 15
-183.966 19
-169.513 22
-155.725 26
-139.693 29
-125.509 33
-109.011 37
-92.1172 40
-76.9424 44
-60.9859 47
-46.3469 51
-29.8637 55
-16.1362 58
-10.7758 59
7.49903 59
12.5517 59
17.5904 60
22.6728 60
27.7541 61
32.7942 61
37.803 62
42.8261 63
47.9201 63
53.0265 64
58.0785 64
63.1886 65
68.2336 66
73.2705 66
78.2903 67
83.3969 67
88.4135 67
93.4681 67
98.4762 67
103.48 67
108.576 67
113.58 67
118.591 67
123.796 67
128.895 67
133.922 67
139.051 67
144.184 67
149.33 66
154.541 66
159.553 66
164.655 66
169.664 66
174.681 66
179.726 66
184.909 65
190.005 65
195.025 65
200.107 65
205.263 65
210.381 65
215.483 65
220.493 65
225.524 65
230.536 64
235.551 64
240.57 64
245.58 64
250.686 64
255.761 64
261.039 64
266.071 63
271.099 63
276.217 63
281.263 63
286.367 63
291.439 63
296.437 63
301.557 62
306.563 62
311.63 62
316.632 62
321.644 62
326.746 62
331.819 61
336.967 61
342.066 61
347.069 61
352.143 61
357.197 61
362.225 60
367.368 60
372.483 60
377.536 60
382.54 60
387.605 59
392.794 59
397.935 59
403.03 59
409.208 59
416.216 59
421.317 59
428.69 59
433.748 59
438.902 59
443.933 59
449.241 59
454.293 59
459.387 59
464.392 59
469.487 59
474.516 59
480.37 59
487.695 59
492.732 58
499.59 58
504.644 58
509.742 58
514.795 57
519.932 57
525.271 57
530.491 57
535.515 57
540.536 57
545.582 56
550.781 56
556.182 56
561.182 56
566.391 55
571.413 55
576.537 55
581.669 55
586.674 55
591.85 54
597.055 54
602.154 54
607.34 53
612.421 53
617.674 53
622.941 53
628.183 53
633.343 52
638.391 52
643.396 52
648.707 52
653.72 51
658.753 51
663.896 51
668.968 51
673.979 50
679.018 50
685.149 50
690.209 50
696.502 50
701.661 49
707.609 49
712.618 49
717.652 49
722.66 48
727.756 48
733.05 48
738.138 48
743.328 48
748.507 47
753.635 47
758.754 47
763.869 47
768.873 46
774.12 46
779.74 46
784.753 46
789.818 45
795.006 45
800.033 45
805.877 45
811.511 45
816.662 44
821.77 44
827.176 44
832.18 44
837.375 44
842.411 43
847.565 43
852.63 43
857.802 43
862.856 42
868.135 42
873.33 42
878.425 42
883.463 42
888.972 41
894.092 41
899.318 41
904.718 41
909.853 40
914.92 40
919.953 40
925.026 40
930.032 39
935.164 39
940.195 39
945.692 39
950.795 39
955.992 39
961.111 38
966.196 38
971.308 38
976.566 38
981.654 38
986.739 37
991.846 37
996.951 37
1002.08 37
1007.22 36
1012.45 36
1017.53 36
1022.57 36
1027.7 36
1032.88 35
1037.93 35
1042.94 35
1047.98 35
1053.09 35
1058.23 34
1063.32 34
1068.98 34
1074.05 34
1079.19 34
1084.23 33
1089.44 33
1094.67 33
1099.82 33
1104.83 33
1109.87 33
1115 32
1120.25 32
1125.26 32
1130.36 32
1135.38 32
1140.71 31
1145.78 31
1151.09 31
1156.09 31
1161.25 31
1166.55 30
1171.74 30
1176.97 30
1181.97 30
1187.13 30
1192.14 30
1197.34 29
1202.58 29
1207.6 29
1212.61 29
1217.76 29
1222.78 28
1227.87 28
1233.13 28
1238.27 28
1243.38 28
1248.54 28
1253.61 28
1258.63 27
1263.84 27
1268.96 27
