# timestamp	command count (MB)\n
-428.826 0
-292.116 0
-290.579 0
-286.625 0
-285.578 0
-284.534 0
-283.535 0
-282.447 0
-281.449 0
-280.449 0
-279.379 0
-277.453 0
-276.341 0
-275.337 0
-274.336 0
-272.035 0
-270.993 0
-269.877 0
-268.877 0
-265.018 0
-264.012 0
-263.007 0
-258.387 0
-257.384 0
-256.368 0
-255.362 0
-252.566 0
-251.562 0
-250.554 0
-247.02 0
-246.02 0
-245 0
-243.869 0
-241.92 0
-239.532 0
-238.528 0
-237.5 0
-233.951 0
-232.953 0
-231.951 0
-229.738 0
-228.735 0
-227.729 0
-224.984 0
-223.976 0
-222.978 0
-221.971 0
-219.072 0
-218.07 0
-215.171 0
-214.169 0
-213.153 0
-209.617 0
-208.616 0
-207.602 0
-206.599 0
-205.596 0
-203.535 0
-202.487 0
-201.472 0
-200.47 0
-199.467 0
-196.252 0
-195.241 0
-194.239 0
-192.05 0
-191.043 0
-190.039 0
-189.027 0
-186.142 0
-185.142 0
-180.663 0
-179.659 0
-178.656 0
-174.355 0
-173.353 0
-172.349 0
-171.338 0
-168.333 0
-167.327 0
-166.324 0
-161.999 0
-160.992 0
-159.985 0
-158.984 0
-157.971 0
-156.94 0
-155.935 0
-154.896 0
-153.873 0
-152.864 0
-149.874 0
-148.864 0
-147.864 0
-144.034 0
-143.024 0
-142.014 0
-141.009 0
-140.004 0
-138.682 0
-137.667 0
-136.658 0
-135.655 0
-134.444 0
-130.008 0
-129.005 0
-127.965 0
-126.685 0
-125.391 0
-124.384 0
-123.384 0
-120.436 0
-119.43 0
-118.427 0
-117.42 0
-116.413 0
-115.405 0
-111.254 0
-110.244 0
-108.903 0
-107.897 0
-106.646 0
-105.64 0
-104.632 0
-103.634 0
-102.529 0
-97.9362 0
-96.9395 0
-95.8313 0
-94.827 0
-93.8134 0
-92.8121 0
-91.8155 0
-87.4545 0
-86.4538 0
-85.4428 0
-84.4295 0
-83.1347 0
-79.0242 0
-78.0263 0
-76.7307 0
-75.7284 0
-74.4824 0
-73.4825 0
-72.4756 0
-69.6047 0
-68.2453 0
-67.2461 0
-63.9951 0
-62.9955 0
-61.9959 0
-60.9948 0
-59.9932 0
-58.6878 0
-57.6867 0
-56.6857 0
-55.6779 0
-54.6754 0
-53.6623 0
-52.6641 0
-47.8636 0
-46.8617 0
-45.8571 0
-42.656 0
-41.6549 0
-40.6554 0
-38.2477 0
-37.2471 0
-36.2462 0
-33.1895 0
-32.1911 0
-31.1925 0
-28.0864 0
-27.0853 0
-26.0815 0
-22.8289 0
-21.8307 0
-20.8302 0
-17.6469 0
-16.6483 0
-15.6487 0
-14.649 0
-13.649 0
-12.648 0
-11.6489 0
-9.88453 0
-8.68773 0
-7.68759 0
-6.68757 0
-5.68764 0
-4.68758 0
-3.68742 0
-2.68751 0
-1.68746 0
-0.687138 0
0.312641 0
7.42214 0
8.41841 0
9.41838 0
10.4184 0
11.4183 0
12.4183 0
13.4183 0
14.4182 0
15.4182 0
16.4182 0
17.4182 0
18.4181 0
19.4181 0
20.4181 0
21.418 0
22.418 0
23.418 0
24.4179 0
25.4179 0
26.4179 0
27.4178 0
28.4178 0
29.4178 0
30.4178 0
31.4178 0
32.4218 0
33.4259 0
34.4299 0
35.434 0
36.4381 0
37.4422 0
38.4463 0
39.4503 0
40.4543 0
41.4584 0
42.4625 0
43.4665 0
44.4706 0
45.4747 0
46.4787 0
47.4828 0
48.4868 0
49.499 0
50.5029 0
51.507 0
52.5111 0
53.5151 0
54.5192 0
55.5232 0
56.5273 0
57.5313 0
58.5354 0
59.5394 0
60.5515 0
61.5556 0
62.5596 0
63.5648 0
64.5705 0
65.5717 0
66.5758 0
67.5798 0
68.5839 0
69.5879 0
70.592 0
71.596 0
72.6002 0
73.6041 0
74.6084 0
75.6122 0
76.6168 0
77.6203 0
78.6243 0
79.6284 0
80.6324 0
81.6405 0
82.6445 0
83.6485 0
84.6526 0
85.6566 1
86.6606 0
87.6647 1
88.6687 1
89.6895 1
90.6928 2
91.697 4
92.7008 8
93.7049 17
94.7049 13
95.709 10
96.7131 30
97.717 56
98.721 63
99.7251 84
100.729 70
101.733 83
102.737 73
103.741 89
104.745 87
105.749 76
106.756 87
107.757 92
108.761 95
109.766 119
110.769 96
111.773 100
112.777 110
113.781 111
114.786 103
115.79 117
116.794 115
117.798 108
118.802 110
119.806 113
120.81 128
121.814 112
122.818 134
123.822 109
124.826 125
125.83 116
126.834 122
127.838 118
128.842 120
129.846 101
130.85 132
131.854 129
132.858 120
133.862 116
134.867 131
135.87 115
136.874 136
137.878 116
138.882 119
139.886 128
140.89 121
141.894 126
142.9 139
143.902 121
144.906 118
145.91 130
146.914 126
147.918 125
148.922 112
149.926 138
150.93 127
151.934 107
152.938 139
153.945 121
154.946 132
155.95 135
156.954 120
157.958 121
158.962 124
159.966 129
160.97 149
161.974 110
162.978 146
163.982 124
164.986 139
165.99 136
166.994 130
167.998 117
169.002 139
170.006 120
171.01 121
172.015 129
173.018 118
174.025 130
175.026 118
176.03 127
177.034 132
178.038 121
179.042 136
180.046 122
181.051 136
182.054 132
183.058 118
184.062 134
185.066 112
186.071 129
187.074 129
188.079 130
189.082 126
190.087 130
191.091 124
192.095 116
193.099 143
194.103 116
195.107 129
196.115 139
197.119 131
198.123 121
199.127 132
200.131 118
201.135 139
202.139 127
203.143 120
204.147 141
205.151 125
206.155 122
207.159 132
208.163 144
209.168 128
210.171 125
211.171 131
212.175 131
213.175 137
214.175 143
215.178 143
216.175 142
217.175 131
218.175 137
219.175 134
220.175 144
221.175 129
222.176 142
223.175 156
224.175 142
225.176 153
226.175 133
227.175 118
228.175 140
229.175 141
230.174 138
231.175 124
232.175 148
233.174 114
234.174 151
235.174 150
236.174 130
237.174 145
238.175 143
239.174 127
240.174 133
241.175 154
242.178 141
243.174 149
244.174 133
245.174 147
246.175 137
247.174 133
248.174 147
249.174 133
250.174 135
251.174 145
252.174 126
253.174 149
254.174 121
255.175 151
256.174 151
257.174 138
258.174 132
259.178 143
260.178 144
261.178 143
262.178 146
263.178 136
264.178 166
265.179 125
266.178 131
267.178 154
268.178 129
269.178 149
270.178 131
271.178 141
272.178 156
273.178 135
274.178 155
275.19 161
276.19 134
277.19 142
278.223 150
279.222 132
280.222 169
281.222 134
282.222 149
283.222 158
284.222 150
285.222 130
286.222 156
287.222 150
288.222 162
289.222 160
290.222 141
291.222 147
292.222 150
293.222 147
294.222 123
295.223 148
296.222 150
297.222 150
298.222 141
299.222 154
300.222 151
301.222 153
302.222 154
303.222 156
304.222 159
305.222 160
306.222 134
307.222 165
308.224 157
309.222 156
310.224 146
311.222 157
312.222 165
313.222 144
314.222 152
315.222 169
316.222 149
317.222 153
318.222 169
319.222 143
320.222 183
321.224 150
322.222 175
323.222 163
324.222 155
325.222 149
326.222 150
327.222 173
328.222 157
329.222 171
330.222 173
331.222 146
332.222 165
333.221 203
334.221 120
335.221 166
336.221 179
337.221 177
338.221 190
339.222 164
340.222 167
341.221 190
342.221 189
343.237 172
344.237 174
345.241 207
346.243 182
347.241 181
348.241 173
349.241 207
350.241 155
351.243 190
352.241 198
353.241 175
354.241 203
355.241 184
356.241 225
357.241 189
358.241 199
359.241 218
360.241 197
361.241 187
362.243 214
363.241 174
364.241 259
365.241 167
366.241 251
367.241 210
368.241 206
369.241 236
370.241 182
371.245 265
372.25 253
373.249 207
374.249 230
375.249 277
376.249 174
377.249 202
378.249 265
379.249 276
380.249 241
381.249 250
382.249 328
383.249 154
384.249 271
385.249 201
386.249 311
387.249 205
388.249 296
389.249 234
390.249 307
391.249 276
392.249 544
393.257 110
394.257 130
395.257 228
396.256 268
397.256 363
398.256 227
399.264 374
400.26 303
401.26 280
402.26 270
403.261 437
404.26 233
405.261 416
406.261 586
407.26 57
408.26 201
409.26 238
410.26 483
411.26 503
412.26 107
413.26 251
414.26 277
415.262 785
416.26 483
417.26 262
418.26 90
419.26 222
420.26 274
421.26 454
422.26 535
423.26 149
424.26 340
425.261 836
426.26 157
427.26 238
428.26 301
429.263 780
430.263 302
431.26 193
432.261 517
433.262 568
434.26 1301
435.26 350
436.26 445
437.26 30
438.26 9
439.26 51
440.26 156
441.26 232
442.262 245
443.26 243
444.26 359
445.26 742
446.26 368
447.26 98
448.259 241
449.259 327
450.261 785
451.26 596
452.259 1229
453.26 0
454.26 63
455.259 475
456.26 700
457.26 831
458.259 4
459.259 3
460.263 17
461.263 87
462.264 148
463.263 188
464.263 231
465.263 249
466.263 252
467.263 250
468.263 533
469.263 619
470.263 94
471.263 261
472.265 579
473.263 360
474.263 269
475.263 736
476.263 992
477.263 798
478.263 0
479.263 39
480.263 462
481.263 807
482.263 1132
483.263 9
484.263 24
485.263 98
486.263 155
487.263 218
488.263 212
489.263 267
490.263 230
491.263 624
492.263 1463
493.263 408
494.264 13
495.263 20
496.267 69
497.267 140
498.266 234
499.266 234
500.267 284
501.266 468
502.266 257
503.276 960
504.275 1304
505.277 5
506.274 220
507.275 867
508.274 598
509.277 81
510.274 204
511.274 193
512.274 274
513.274 229
514.275 306
515.274 347
516.274 592
517.275 183
518.274 502
519.286 952
520.312 761
521.311 385
522.31 74
523.311 227
524.31 228
525.31 340
526.31 852
527.31 872
528.314 53
529.314 202
530.314 282
531.314 611
532.314 219
533.318 615
534.318 898
535.318 290
536.318 175
537.328 359
538.326 609
539.326 271
540.326 764
541.326 737
542.326 174
543.326 370
544.33 626
545.334 447
546.338 280
547.342 744
548.346 819
549.35 201
550.354 279
551.358 294
552.362 910
553.366 197
554.37 354
555.375 917
556.379 133
557.383 287
558.387 936
559.391 184
560.395 308
561.4 835
562.403 169
563.407 400
564.411 843
565.415 187
566.427 401
567.431 579
568.438 479
569.44 610
570.444 382
571.448 641
572.452 426
573.458 710
574.46 474
575.464 404
576.473 628
577.484 499
578.489 307
579.497 654
580.5 572
581.504 337
582.509 707
583.512 808
584.517 124
585.521 270
586.552 1018
587.553 75
588.557 301
589.562 297
590.565 1012
591.565 606
592.569 67
593.574 205
594.579 327
595.581 737
596.586 543
597.589 176
598.593 479
599.598 849
600.601 271
601.606 533
602.61 330
603.614 579
604.618 744
605.622 181
606.626 369
607.639 672
608.642 346
609.646 788
610.652 219
611.655 366
612.658 908
613.662 149
614.667 357
615.67 844
616.674 176
617.68 476
618.683 462
619.688 274
620.691 881
621.702 240
622.703 267
623.707 525
624.734 778
625.735 239
626.739 407
627.743 555
628.747 423
629.755 531
630.755 489
631.762 500
632.763 636
633.769 581
634.772 347
635.776 584
636.783 385
637.784 548
638.79 387
639.792 705
640.796 337
641.8 565
642.805 582
643.808 422
644.812 471
645.816 610
646.82 275
647.824 789
648.828 256
649.832 670
650.836 328
651.842 599
652.845 438
653.848 312
654.852 709
655.856 299
656.86 389
657.931 655
658.933 490
659.937 562
660.941 368
661.945 365
662.949 784
663.953 211
664.957 614
665.961 535
666.961 194
667.965 408
668.972 535
669.973 268
670.977 686
671.981 257
672.986 536
673.989 404
675.013 883
676.017 135
677.022 285
678.026 724
679.029 218
680.035 601
681.038 365
682.042 269
683.046 480
684.05 696
685.054 384
686.076 526
687.078 326
688.082 576
689.086 581
690.09 385
691.094 579
692.099 429
693.102 477
694.106 507
695.11 549
696.114 277
697.118 544
698.122 501
699.126 500
700.13 720
701.134 267
702.138 663
703.142 261
704.147 600
705.152 452
706.155 498
707.159 293
708.163 574
709.167 570
710.173 421
711.175 571
712.179 286
713.183 675
714.188 380
715.198 295
716.199 695
717.204 533
718.207 291
719.223 672
720.227 435
721.232 482
722.235 452
723.239 593
724.243 428
725.248 441
726.26 531
727.263 421
728.267 574
729.274 633
730.275 312
731.279 691
732.283 275
733.287 579
734.294 519
735.296 391
736.3 519
737.308 531
738.312 267
739.317 461
740.32 502
741.324 469
742.328 449
743.332 561
744.336 346
745.34 608
746.349 402
747.352 664
748.356 203
749.36 726
750.364 369
751.368 877
752.372 223
753.376 620
754.38 214
755.384 491
756.388 576
757.392 471
758.396 476
759.4 464
760.404 550
761.408 533
762.412 428
763.416 634
764.42 506
765.429 347
766.432 627
767.436 367
768.44 667
769.444 480
770.448 387
771.453 609
772.464 572
773.465 282
774.473 626
775.477 442
776.482 425
777.485 519
778.489 467
779.493 356
780.497 572
781.501 347
782.505 572
783.509 334
784.514 630
785.518 514
786.521 526
787.525 636
788.529 441
789.533 430
790.533 575
791.538 344
792.541 325
793.545 486
794.549 514
795.553 512
796.557 533
797.562 401
798.565 764
799.569 227
800.573 491
801.577 504
802.581 628
803.585 287
804.589 565
805.594 369
806.601 569
807.605 345
808.609 661
809.613 260
810.617 730
811.621 250
812.638 600
813.641 593
814.645 225
815.649 550
816.653 279
817.657 577
818.662 468
819.666 360
820.67 644
821.674 264
822.678 626
823.682 296
824.687 609
825.69 327
826.695 421
827.698 483
828.702 499
829.706 527
830.71 497
831.714 385
832.718 601
833.722 575
834.726 315
835.73 476
836.734 586
837.738 474
838.742 459
839.746 589
840.75 335
841.754 807
842.758 205
843.762 428
844.766 468
845.77 579
846.774 317
847.784 669
848.786 276
849.79 537
850.795 513
851.798 360
852.803 452
853.806 612
854.81 477
855.814 409
856.818 469
857.822 422
858.827 462
859.83 377
860.834 585
861.838 669
862.842 404
863.846 378
864.855 606
865.858 447
866.862 422
867.867 610
868.871 306
869.876 552
870.883 520
871.887 415
872.89 560
873.898 535
874.903 430
875.91 500
876.91 419
877.915 578
878.918 420
879.922 493
880.938 588
881.938 452
882.943 437
883.947 507
884.951 441
885.96 476
886.963 492
887.967 513
888.971 482
889.975 445
890.979 452
891.983 494
892.987 532
893.991 502
894.995 405
895.999 479
897.003 532
898.007 464
899.011 466
900.015 548
901.019 536
902.023 482
903.027 475
904.031 501
905.035 631
906.039 269
907.043 473
908.047 527
909.051 368
910.055 578
911.059 343
912.063 670
913.067 236
914.071 627
915.075 254
916.079 624
917.091 285
918.098 583
919.099 314
920.103 506
921.108 512
922.111 394
923.117 568
924.119 285
925.127 647
926.127 291
927.131 561
928.135 423
929.139 474
930.148 317
931.152 626
932.155 428
933.159 458
934.163 551
935.167 397
936.171 482
937.175 430
938.179 440
939.183 356
940.187 554
941.191 471
942.195 433
943.199 438
944.203 525
945.208 455
946.211 698
947.215 302
948.219 493
949.223 451
950.227 517
951.231 490
952.235 358
953.239 588
954.243 505
955.247 336
956.251 478
957.255 556
958.259 432
959.263 495
960.275 626
961.279 452
962.283 384
963.287 458
964.291 638
965.295 237
966.301 545
967.304 479
968.308 544
969.311 370
970.315 499
971.319 502
972.323 376
973.328 458
974.331 529
975.335 562
976.347 464
977.347 402
978.351 626
979.355 548
980.359 231
981.363 589
982.367 375
983.371 405
984.376 495
985.379 472
986.383 243
987.389 479
988.391 356
989.398 430
990.399 587
991.403 297
992.408 270
993.411 671
994.415 268
995.419 556
996.423 257
997.438 799
998.44 165
999.443 267
1000.45 589
1001.45 272
1002.46 426
1003.46 502
1004.46 500
1005.47 455
1006.47 550
1007.48 332
1008.48 533
1009.48 428
1010.49 373
1011.49 591
1012.5 430
1013.5 484
1014.5 553
1015.51 542
1016.51 322
1017.52 588
1018.52 385
1019.52 421
1020.53 524
1021.53 404
1022.54 493
1023.54 432
1024.55 429
1025.55 576
1026.56 285
1027.56 334
1028.56 554
1029.57 336
1030.57 400
1031.58 557
1032.58 382
1033.58 402
1034.59 534
1035.59 437
1036.6 447
1037.6 579
1038.6 414
1039.61 495
1040.62 439
1041.62 485
1042.63 517
1043.63 433
1044.64 412
1045.64 451
1046.64 410
1047.65 494
1048.65 556
1049.66 419
1050.66 488
1051.66 502
1052.67 408
1053.67 501
1054.68 300
1055.68 579
1056.68 547
1057.69 301
1058.69 540
1059.7 459
1060.7 344
1061.7 565
1062.71 258
1063.71 485
1064.72 355
1065.72 651
1066.72 318
1067.72 497
1068.73 470
1069.73 437
1070.73 451
1071.74 488
1072.74 409
1073.74 456
1074.75 472
1075.75 448
1076.75 356
1077.75 494
1078.75 452
1079.75 425
1080.75 549
1081.75 395
1082.75 474
1083.75 388
1084.75 465
1085.75 485
1086.75 440
1087.75 528
1088.75 467
1089.75 393
1090.75 468
1091.75 505
1092.75 356
1093.75 506
1094.75 472
1095.75 558
1096.75 235
1097.75 545
1098.76 414
1099.76 345
1100.76 515
1101.76 444
1102.76 516
1103.76 437
1104.76 458
1105.76 473
1106.76 350
1107.76 425
1108.76 580
1109.76 478
1110.76 395
1111.76 468
1112.76 445
1113.76 467
1114.76 392
1115.76 553
1116.76 323
1117.76 553
1118.76 286
1119.76 449
1120.76 557
1121.76 409
1122.76 452
1123.76 406
1124.77 537
1125.77 424
1126.77 455
1127.77 543
1128.77 334
1129.77 517
1130.77 479
1131.77 421
1132.77 454
1133.77 334
1134.77 552
1135.78 281
1136.78 465
1137.78 334
1138.78 478
1139.78 488
1140.78 345
1141.78 476
1142.78 597
1143.78 272
1144.78 447
1145.78 449
1146.78 533
1147.79 411
1148.78 425
1149.78 403
1150.78 388
1151.78 475
1152.78 328
1153.78 460
1154.79 476
1155.79 417
1156.79 455
1157.79 410
1158.79 464
1159.79 373
1160.79 423
1161.79 418
1162.8 524
1163.8 352
1164.8 425
1165.8 466
1166.8 294
1167.81 485
1168.8 445
1169.8 478
1170.8 311
1171.8 558
1172.8 348
1173.8 456
1174.8 332
1175.8 641
1176.8 267
1177.8 421
1178.8 576
1179.8 214
1180.8 511
1181.8 403
1182.8 402
1183.8 535
1184.8 265
1185.8 595
1186.8 250
1187.8 430
1188.81 512
1189.81 354
1190.81 544
1191.81 361
1192.81 465
1193.81 370
1194.81 472
1195.81 403
1196.81 386
1197.82 526
1198.82 396
1199.82 384
1200.82 312
1201.82 567
1202.82 341
1203.82 427
1204.82 358
1205.82 470
1206.82 404
1207.82 328
1208.82 520
1209.82 460
1210.81 432
1211.82 477
1212.82 468
1213.82 423
1214.82 452
1215.82 565
1216.82 258
1217.82 366
1218.82 481
1219.82 454
1220.82 496
1221.82 350
1222.82 495
1223.82 400
1224.82 385
1225.82 566
1226.82 486
1227.83 309
1228.82 591
1229.82 328
1230.82 420
1231.82 489
1232.82 341
1233.82 548
1234.82 258
1235.82 449
1236.82 459
1237.82 357
1238.82 477
1239.82 306
1240.82 517
1241.82 316
1242.82 424
1243.82 441
1244.82 490
1245.82 243
1246.82 396
1247.82 461
1248.83 473
1249.83 350
1250.83 456
1251.83 432
1252.83 442
1253.83 432
1254.83 531
1255.83 311
1256.83 409
1257.83 568
1258.83 377
1259.83 457
1260.83 505
1261.83 330
1262.83 547
1263.83 223
1264.83 561
1265.83 307
1266.83 393
1267.83 422
1268.83 494
1269.83 400
1270.83 312
1271.83 517
1272.83 366
1273.84 491
1274.83 359
1275.83 432
1276.83 442
1277.84 369
1278.83 523
1279.83 427
1280.83 379
1281.84 426
1282.85 398
1283.85 414
1284.85 399
1285.85 384
1286.85 689
1287.85 163
1288.85 431
1289.85 379
1290.85 445
1291.85 429
1292.85 434
1293.85 610
1294.85 207
1295.85 328
1296.85 498
1297.85 355
1298.85 524
1299.85 395
1300.85 506
1301.85 403
1302.85 391
1303.85 406
1304.85 307
1305.85 456
1306.85 328
