# timestamp	memory footprint (MB)\n
-428.826 0
-292.116 0
-290.579 0
-286.625 0
-285.578 0
-284.534 0
-283.535 0
-282.447 0
-281.449 0
-280.449 0
-279.379 0
-277.453 0
-276.341 0
-275.337 0
-274.336 0
-272.035 0
-270.993 0
-269.877 0
-268.877 0
-265.018 0
-264.012 0
-263.007 0
-258.387 0
-257.384 0
-256.368 0
-255.362 0
-252.566 0
-251.562 0
-250.554 0
-247.02 0
-246.02 0
-245 0
-243.869 0
-241.92 0
-239.532 0
-238.528 0
-237.5 0
-233.951 0
-232.953 0
-231.951 0
-229.738 0
-228.735 0
-227.729 0
-224.984 0
-223.976 0
-222.978 0
-221.971 0
-219.072 0
-218.07 0
-215.171 0
-214.169 0
-213.153 0
-209.617 0
-208.616 0
-207.602 0
-206.599 0
-205.596 0
-203.535 0
-202.487 0
-201.472 0
-200.47 0
-199.467 0
-196.252 0
-195.241 0
-194.239 0
-192.05 0
-191.043 0
-190.039 0
-189.027 0
-186.142 0
-185.142 0
-180.663 0
-179.659 0
-178.656 0
-174.355 0
-173.353 0
-172.349 0
-171.338 0
-168.333 0
-167.327 0
-166.324 0
-161.999 0
-160.992 0
-159.985 0
-158.984 0
-157.971 0
-156.94 0
-155.935 0
-154.896 0
-153.873 0
-152.864 0
-149.874 0
-148.864 0
-147.864 0
-144.034 0
-143.024 0
-142.014 0
-141.009 0
-140.004 0
-138.682 0
-137.667 0
-136.658 0
-135.655 0
-134.444 0
-130.008 0
-129.005 0
-127.965 0
-126.685 0
-125.391 0
-124.384 0
-123.384 0
-120.436 0
-119.43 0
-118.427 0
-117.42 0
-116.413 0
-115.405 0
-111.254 0
-110.244 0
-108.903 0
-107.897 0
-106.646 0
-105.64 0
-104.632 0
-103.634 0
-102.529 0
-97.9362 0
-96.9395 0
-95.8313 0
-94.827 0
-93.8134 0
-92.8121 0
-91.8155 0
-87.4545 0
-86.4538 0
-85.4428 0
-84.4295 0
-83.1347 0
-79.0242 0
-78.0263 0
-76.7307 0
-75.7284 0
-74.4824 0
-73.4825 0
-72.4756 0
-69.6047 0
-68.2453 0
-67.2461 0
-63.9951 0
-62.9955 0
-61.9959 0
-60.9948 0
-59.9932 0
-58.6878 0
-57.6867 0
-56.6857 0
-55.6779 0
-54.6754 0
-53.6623 0
-52.6641 0
-47.8636 0
-46.8617 0
-45.8571 0
-42.656 0
-41.6549 0
-40.6554 0
-38.2477 0
-37.2471 0
-36.2462 0
-33.1895 0
-32.1911 0
-31.1925 0
-28.0864 0
-27.0853 0
-26.0815 0
-22.8289 0
-21.8307 0
-20.8302 0
-17.6469 0
-16.6483 0
-15.6487 0
-14.649 0
-13.649 0
-12.648 0
-11.6489 0
-9.88453 0
-8.68772 0
-7.68759 0
-6.68757 0
-5.68764 0
-4.68758 0
-3.68742 0
-2.68751 0
-1.68746 0
-0.687133 0
0.312643 0
7.42214 0
8.41841 0
9.41838 0
10.4184 0
11.4183 0
12.4183 0
13.4183 0
14.4182 0
15.4182 0
16.4182 0
17.4182 0
18.4181 0
19.4181 0
20.4181 0
21.418 0
22.418 0
23.418 0
24.418 0
25.4179 0
26.4179 0
27.4178 0
28.4178 0
29.4178 0
30.4178 0
31.4178 0
32.4218 0
33.4259 0
34.43 0
35.434 0
36.4381 0
37.4422 0
38.4463 0
39.4503 0
40.4543 0
41.4584 0
42.4625 0
43.4665 0
44.4706 0
45.4747 0
46.4787 0
47.4828 0
48.4868 0
49.499 0
50.503 0
51.507 0
52.5111 0
53.5151 0
54.5192 0
55.5232 0
56.5273 0
57.5313 0
58.5354 0
59.5395 0
60.5516 0
61.5556 0
62.5596 0
63.5648 0
64.5705 0
65.5718 0
66.5758 0
67.5798 0
68.5839 0
69.5879 0
70.592 0
71.596 0
72.6002 0
73.6041 0
74.6084 0
75.6122 0
76.6168 0
77.6203 0
78.6243 0
79.6284 0
80.6324 0
81.6405 0
82.6445 0
83.6485 0
84.6526 0
85.6566 0
86.6606 0
87.6647 0
88.6687 0
89.6895 0
90.6928 0
91.697 0
92.7008 0
93.7049 0
94.7049 0
95.709 0
96.7131 0
97.717 0
98.721 0
99.7251 0
100.729 0
101.733 0
102.737 0
103.741 0
104.745 0
105.749 0
106.756 0
107.757 0
108.761 0
109.766 0
110.769 0
111.773 0
112.777 0
113.781 0
114.786 0
115.79 0
116.794 0
117.798 0
118.802 0
119.806 0
120.81 0
121.814 0
122.818 0
123.822 0
124.826 0
125.83 0
126.834 0
127.838 0
128.842 0
129.846 0
130.85 0
131.854 0
132.858 0
133.862 0
134.867 0
135.87 0
136.874 0
137.878 0
138.882 0
139.886 0
140.89 0
141.894 0
142.9 0
143.902 0
144.906 0
145.91 0
146.914 0
147.918 0
148.922 0
149.926 0
150.93 0
151.934 0
152.938 0
153.945 0
154.946 0
155.95 0
156.954 0
157.958 0
158.962 0
159.966 0
160.97 0
161.974 0
162.978 0
163.982 0
164.986 0
165.99 0
166.994 0
167.998 0
169.002 0
170.006 0
171.01 0
172.015 0
173.018 0
174.025 0
175.026 0
176.03 0
177.034 0
178.038 0
179.042 0
180.046 0
181.051 0
182.054 0
183.058 0
184.062 0
185.066 0
186.071 0
187.074 0
188.079 0
189.082 0
190.087 0
191.091 0
192.095 0
193.099 0
194.103 0
195.107 0
196.115 0
197.119 0
198.123 0
199.127 0
200.131 0
201.135 0
202.139 0
203.143 0
204.147 0
205.151 0
206.155 0
207.159 0
208.163 0
209.168 0
210.171 0
211.171 0
212.175 0
213.175 0
214.175 0
215.178 0
216.175 0
217.175 0
218.175 0
219.175 0
220.175 0
221.175 0
222.176 0
223.175 0
224.175 0
225.176 0
226.175 0
227.175 0
228.175 0
229.175 0
230.174 0
231.175 0
232.175 0
233.174 0
234.174 0
235.174 0
236.174 0
237.174 0
238.175 0
239.174 0
240.174 0
241.175 0
242.178 0
243.174 0
244.174 0
245.174 0
246.175 0
247.174 0
248.174 0
249.174 0
250.174 0
251.174 0
252.174 0
253.174 0
254.174 0
255.175 0
256.175 0
257.174 0
258.174 0
259.178 0
260.178 0
261.178 0
262.178 0
263.178 0
264.178 0
265.179 0
266.178 0
267.178 0
268.178 0
269.178 0
270.178 0
271.178 0
272.178 0
273.178 0
274.178 0
275.19 0
276.19 0
277.19 0
278.223 0
279.222 0
280.222 0
281.222 0
282.222 0
283.222 0
284.222 0
285.222 0
286.222 0
287.222 0
288.222 0
289.222 0
290.222 0
291.222 0
292.222 0
293.222 0
294.222 0
295.223 0
296.222 0
297.222 0
298.222 0
299.222 0
300.222 0
301.222 0
302.222 0
303.222 0
304.222 0
305.222 0
306.222 0
307.222 0
308.224 0
309.222 0
310.224 0
311.222 0
312.222 0
313.222 0
314.222 0
315.222 0
316.222 0
317.222 0
318.222 0
319.222 0
320.222 0
321.224 0
322.222 0
323.222 0
324.222 0
325.222 0
326.222 0
327.222 0
328.222 0
329.222 0
330.222 0
331.222 0
332.222 0
333.221 0
334.221 0
335.221 0
336.221 0
337.221 0
338.221 0
339.222 0
340.222 0
341.221 0
342.221 0
343.237 0
344.237 0
345.241 0
346.243 0
347.241 0
348.241 0
349.241 0
350.241 0
351.243 0
352.241 0
353.241 0
354.241 0
355.241 0
356.241 0
357.241 0
358.241 0
359.241 0
360.241 0
361.241 0
362.243 0
363.241 0
364.241 0
365.241 0
366.241 0
367.241 0
368.241 0
369.241 0
370.241 0
371.245 0
372.25 0
373.249 0
374.249 0
375.249 1
376.249 0
377.249 0
378.249 0
379.249 0
380.249 0
381.249 0
382.249 0
383.249 0
384.249 0
385.249 0
386.249 0
387.249 0
388.249 0
389.249 0
390.249 0
391.249 0
392.249 3
393.257 0
394.257 0
395.257 0
396.256 0
397.256 0
398.256 0
399.264 1
400.26 0
401.26 0
402.26 0
403.261 2
404.26 0
405.261 2
406.261 1
407.26 0
408.26 0
409.26 0
410.26 2
411.26 2
412.26 0
413.26 0
414.26 0
415.262 2
416.26 5
417.26 0
418.26 0
419.26 0
420.26 0
421.26 1
422.26 2
423.26 0
424.26 0
425.261 2
426.26 0
427.26 0
428.26 0
429.263 3
430.263 0
431.26 0
432.261 2
433.262 4
434.26 12
435.26 10
436.26 10
437.26 4
438.26 0
439.26 0
440.26 0
441.26 0
442.262 0
443.26 0
444.26 0
445.26 4
446.26 0
447.26 0
448.259 0
449.259 0
450.261 4
451.26 5
452.259 14
453.26 24
454.26 15
455.259 13
456.26 9
457.26 5
458.259 2
459.259 0
460.263 0
461.263 0
462.264 0
463.263 0
464.263 0
465.263 0
466.263 0
467.263 0
468.263 2
469.263 2
470.263 0
471.263 0
472.265 3
473.263 0
474.263 0
475.263 3
476.263 8
477.263 16
478.263 25
479.263 19
480.263 15
481.263 11
482.263 7
483.263 2
484.263 0
485.263 0
486.263 0
487.263 0
488.263 0
489.263 0
490.263 0
491.263 3
492.263 13
493.263 8
494.264 4
495.263 0
496.267 0
497.267 0
498.266 0
499.266 0
500.267 0
501.266 0
502.266 0
503.276 5
504.275 13
505.277 23
506.274 10
507.275 5
508.274 0
509.277 0
510.274 0
511.274 0
512.274 1
513.274 0
514.275 0
515.274 0
516.274 3
517.275 0
518.274 1
519.286 6
520.312 8
521.311 3
522.31 0
523.311 0
524.31 0
525.31 0
526.31 5
527.31 5
528.314 0
529.314 0
530.314 0
531.314 1
532.314 0
533.318 2
534.318 8
535.318 0
536.318 0
537.328 0
538.326 0
539.326 0
540.326 3
541.326 2
542.326 0
543.326 0
544.33 3
545.334 2
546.338 0
547.342 3
548.346 7
549.35 0
550.354 0
551.358 0
552.362 4
553.366 0
554.37 0
555.375 2
556.379 0
557.383 0
558.387 3
559.391 0
560.395 0
561.4 2
562.403 0
563.407 0
564.411 5
565.415 0
566.427 1
567.431 1
568.438 1
569.44 1
570.444 0
571.448 2
572.452 0
573.458 1
574.46 2
575.464 0
576.473 3
577.484 0
578.489 0
579.497 3
580.5 1
581.504 1
582.509 3
583.512 3
584.517 0
585.521 0
586.552 7
587.553 0
588.557 0
589.562 0
590.565 6
591.565 5
592.569 0
593.574 0
594.579 0
595.581 3
596.586 0
597.589 0
598.593 0
599.598 4
600.601 0
601.606 0
602.61 0
603.614 0
604.618 4
605.622 0
606.626 0
607.639 3
608.642 0
609.646 4
610.652 0
611.655 0
612.658 4
613.662 0
614.667 1
615.67 3
616.674 0
617.68 1
618.683 0
619.688 0
620.691 5
621.702 0
622.703 0
623.707 0
624.734 4
625.735 0
626.739 1
627.743 0
628.747 0
629.755 0
630.755 1
631.762 0
632.763 0
633.769 3
634.772 0
635.776 2
636.783 0
637.784 0
638.79 0
639.792 1
640.796 0
641.8 0
642.805 2
643.808 1
644.812 0
645.816 3
646.82 0
647.824 1
648.828 0
649.832 4
650.836 0
651.842 3
652.845 0
653.848 0
654.852 3
655.856 0
656.86 0
657.931 1
658.933 0
659.937 3
660.941 0
661.945 0
662.949 2
663.953 0
664.957 2
665.961 0
666.961 0
667.965 1
668.972 0
669.973 0
670.977 2
671.981 0
672.986 0
673.989 0
675.013 1
676.017 0
677.022 0
678.026 2
679.029 0
680.035 3
681.038 0
682.042 0
683.046 0
684.05 3
685.054 0
686.076 2
687.078 0
688.082 2
689.086 2
690.09 0
691.094 1
692.099 1
693.102 0
694.106 1
695.11 0
696.114 0
697.118 0
698.122 1
699.126 0
700.13 2
701.134 0
702.138 1
703.142 0
704.147 2
705.152 1
706.155 1
707.159 0
708.163 0
709.167 1
710.173 1
711.175 0
712.179 0
713.183 0
714.188 0
715.198 0
716.199 2
717.204 0
718.207 0
719.223 3
720.227 0
721.232 1
722.235 0
723.239 2
724.243 0
725.248 0
726.26 2
727.263 1
728.267 0
729.274 3
730.275 0
731.279 2
732.283 0
733.287 2
734.294 2
735.296 0
736.3 2
737.308 0
738.312 0
739.317 0
740.32 1
741.324 0
742.328 1
743.332 1
744.336 0
745.34 0
746.349 1
747.352 3
748.356 0
749.36 1
750.364 0
751.368 4
752.372 0
753.376 1
754.38 0
755.384 1
756.388 1
757.392 0
758.396 1
759.4 0
760.404 1
761.408 1
762.412 0
763.416 2
764.42 2
765.429 0
766.432 2
767.436 1
768.44 1
769.444 1
770.448 0
771.453 1
772.464 3
773.465 0
774.473 3
775.477 1
776.482 0
777.485 2
778.489 0
779.493 0
780.497 2
781.501 0
782.505 1
783.509 0
784.514 0
785.518 0
786.521 1
787.525 2
788.529 0
789.533 1
790.533 0
791.538 1
792.541 0
793.545 1
794.549 0
795.553 0
796.557 0
797.562 0
798.565 1
799.569 0
800.573 0
801.577 1
802.581 0
803.585 0
804.589 0
805.594 0
806.601 0
807.605 0
808.609 1
809.613 0
810.617 0
811.621 0
812.638 2
813.641 0
814.645 0
815.649 2
816.654 0
817.657 0
818.662 1
819.666 0
820.67 3
821.674 0
822.678 2
823.682 0
824.687 2
825.69 0
826.695 0
827.698 1
828.702 1
829.706 0
830.71 1
831.714 0
832.718 0
833.722 2
834.726 0
835.73 0
836.734 0
837.738 1
838.742 0
839.746 0
840.75 0
841.754 0
842.758 0
843.762 0
844.766 0
845.77 0
846.774 0
847.784 3
848.786 0
849.79 1
850.795 0
851.798 1
852.803 0
853.806 3
854.81 2
855.814 0
856.818 2
857.822 0
858.827 1
859.83 0
860.834 1
861.838 2
862.842 1
863.846 0
864.855 3
865.858 0
866.862 0
867.867 1
868.871 0
869.876 0
870.883 2
871.887 1
872.89 1
873.898 0
874.903 0
875.91 1
876.91 0
877.915 1
878.918 0
879.922 0
880.938 2
881.938 1
882.943 0
883.947 1
884.951 0
885.96 1
886.963 1
887.967 1
888.971 0
889.975 1
890.979 0
891.983 0
892.987 1
893.991 0
894.995 0
895.999 0
897.003 0
898.007 0
899.011 0
900.015 0
901.019 1
902.023 0
903.027 0
904.031 0
905.035 1
906.039 0
907.043 0
908.047 0
909.051 0
910.055 0
911.059 0
912.063 2
913.067 0
914.071 3
915.075 0
916.079 1
917.091 0
918.098 2
919.099 0
920.103 1
921.108 1
922.111 0
923.117 2
924.119 0
925.127 3
926.127 0
927.131 2
928.135 0
929.139 1
930.148 1
931.152 1
932.155 1
933.159 1
934.163 0
935.167 0
936.171 0
937.175 1
938.179 0
939.183 0
940.187 0
941.191 1
942.195 0
943.199 0
944.203 0
945.208 0
946.211 3
947.215 0
948.219 0
949.223 0
950.227 0
951.231 1
952.235 0
953.239 0
954.243 1
955.247 0
956.251 0
957.255 0
958.259 1
959.263 0
960.275 1
961.279 0
962.283 0
963.287 0
964.291 3
965.295 0
966.301 2
967.304 0
968.308 2
969.311 0
970.315 1
971.319 1
972.323 0
973.328 0
974.331 0
975.335 1
976.347 1
977.347 0
978.351 1
979.355 0
980.359 0
981.363 1
982.367 1
983.371 0
984.376 2
985.379 0
986.383 0
987.389 0
988.391 1
989.398 0
990.399 2
991.403 0
992.408 0
993.411 0
994.415 0
995.419 1
996.423 0
997.438 5
998.44 0
999.443 0
1000.45 0
1001.45 0
1002.46 0
1003.46 1
1004.46 1
1005.47 1
1006.47 0
1007.48 0
1008.48 0
1009.48 0
1010.49 0
1011.49 2
1012.5 0
1013.5 0
1014.5 1
1015.51 2
1016.51 0
1017.52 2
1018.52 1
1019.52 0
1020.53 2
1021.53 0
1022.54 0
1023.54 1
1024.55 1
1025.55 3
1026.56 1
1027.56 0
1028.56 1
1029.57 0
1030.57 0
1031.58 1
1032.58 1
1033.58 0
1034.59 1
1035.59 1
1036.6 1
1037.6 1
1038.6 0
1039.61 1
1040.62 0
1041.62 1
1042.63 1
1043.63 1
1044.64 0
1045.64 0
1046.64 0
1047.65 0
1048.65 0
1049.66 0
1050.66 0
1051.66 0
1052.67 0
1053.67 0
1054.68 0
1055.68 0
1056.68 2
1057.69 0
1058.69 1
1059.7 0
1060.7 0
1061.7 1
1062.71 0
1063.71 1
1064.72 0
1065.72 2
1066.72 0
1067.72 0
1068.73 1
1069.73 1
1070.73 0
1071.74 1
1072.74 1
1073.74 1
1074.75 1
1075.75 2
1076.75 0
1077.75 0
1078.75 0
1079.75 0
1080.75 0
1081.75 0
1082.75 0
1083.75 0
1084.75 0
1085.75 1
1086.75 0
1087.75 0
1088.75 0
1089.75 0
1090.75 0
1091.75 0
1092.75 0
1093.75 0
1094.75 0
1095.75 0
1096.75 0
1097.75 1
1098.76 1
1099.76 0
1100.76 0
1101.76 0
1102.76 0
1103.76 0
1104.76 1
1105.76 0
1106.76 0
1107.76 0
1108.76 0
1109.76 0
1110.76 0
1111.76 2
1112.76 0
1113.76 1
1114.76 0
1115.76 2
1116.76 0
1117.76 2
1118.76 0
1119.76 1
1120.76 1
1121.76 0
1122.76 1
1123.76 0
1124.77 0
1125.77 0
1126.77 0
1127.77 0
1128.77 0
1129.77 0
1130.77 0
1131.77 0
1132.77 0
1133.77 0
1134.77 0
1135.78 0
1136.78 0
1137.78 0
1138.78 0
1139.78 0
1140.78 0
1141.78 1
1142.78 2
1143.78 0
1144.78 0
1145.78 0
1146.78 1
1147.79 1
1148.78 2
1149.78 0
1150.78 0
1151.78 0
1152.78 0
1153.78 0
1154.79 0
1155.79 1
1156.79 1
1157.79 1
1158.79 0
1159.79 0
1160.79 0
1161.79 0
1162.8 0
1163.8 0
1164.8 0
1165.8 0
1166.8 0
1167.81 0
1168.8 0
1169.8 0
1170.8 0
1171.8 0
1172.8 0
1173.8 0
1174.8 0
1175.8 2
1176.8 0
1177.8 1
1178.8 0
1179.8 0
1180.8 1
1181.8 0
1182.8 0
1183.8 2
1184.8 0
1185.8 2
1186.8 0
1187.8 1
1188.81 2
1189.81 1
1190.81 2
1191.81 1
1192.81 2
1193.81 1
1194.81 0
1195.81 1
1196.81 0
1197.82 2
1198.82 1
1199.82 0
1200.82 0
1201.82 2
1202.82 0
1203.82 1
1204.82 0
1205.82 0
1206.82 0
1207.82 0
1208.82 0
1209.82 0
1210.81 0
1211.82 0
1212.82 0
1213.82 1
1214.82 0
1215.82 1
1216.82 0
1217.82 0
1218.82 0
1219.82 0
1220.82 0
1221.82 0
1222.82 0
1223.82 0
1224.82 0
1225.82 2
1226.82 0
1227.83 0
1228.82 1
1229.82 0
1230.82 1
1231.82 0
1232.82 0
1233.82 2
1234.82 0
1235.82 1
1236.82 2
1237.82 0
1238.82 0
1239.82 0
1240.82 0
1241.82 0
1242.82 0
1243.82 0
1244.82 0
1245.82 0
1246.82 0
1247.82 0
1248.83 0
1249.83 0
1250.83 0
1251.83 0
1252.83 0
1253.83 0
1254.83 0
1255.83 0
1256.83 0
1257.83 0
1258.83 0
1259.83 0
1260.83 2
1261.83 0
1262.83 2
1263.83 0
1264.83 2
1265.83 0
1266.83 1
1267.83 0
1268.83 1
1269.83 0
1270.83 0
1271.83 0
1272.83 0
1273.84 1
1274.83 0
1275.83 0
1276.83 0
1277.84 0
1278.83 0
1279.83 0
1280.83 0
1281.84 0
1282.85 0
1283.85 0
1284.85 0
1285.85 0
1286.85 1
1287.85 0
1288.85 0
1289.85 0
1290.85 0
1291.85 1
1292.85 0
1293.85 1
1294.85 0
1295.85 0
1296.85 0
1297.85 0
1298.85 0
1299.85 0
1300.85 0
1301.85 0
1302.85 0
1303.85 0
1304.85 0
1305.85 1
