2.0	256.924
4.0	241.623
6.0	224.344
8.0	228.04
10.0	223.924
12.0	231.552
14.0	229.363
16.0	219.259
18.0	247.932
20.0	224.254
22.0	228.422
24.0	251.551
26.0	216.003
28.0	250.358
30.0	239.716
32.0	234.009
34.0	235.631
36.0	225.194
38.0	236.319
40.0	231.72
42.0	219.977
44.0	253.357
46.0	215.362
48.0	204.154
50.0	249.931
52.0	218.931
54.0	218.96
56.0	222.973
58.0	227.929
60.0	204.404
62.0	201.057
64.0	210.727
66.0	236.068
68.0	198.463
70.0	232.675
72.0	217.212
74.0	201.266
76.0	203.975
78.0	256.25
80.0	206.105
82.0	186.837
84.0	252.802
86.0	194.944
88.0	209.815
90.0	238.86
92.0	216.985
94.0	185.112
96.0	213.355
98.0	245.396
100.0	191.086
102.0	204.804
104.0	215.097
106.0	228.909
108.0	187.468
110.0	235.439
112.0	199.115
114.0	171.862
116.0	221.884
118.0	232.739
120.0	194.629
122.0	183.399
124.0	191.274
126.0	185.935
128.0	207.611
130.0	201.594
132.0	239.087
134.0	174.208
136.0	181.097
138.0	227.78
140.0	223.855
142.0	164.807
144.0	205.138
146.0	242.762
148.0	213.978
150.0	181.574
152.0	184.115
154.0	244.384
156.0	225.597
158.0	193.544
160.0	183.991
162.0	223.838
164.0	186.025
166.0	173.427
168.0	228.803
170.0	217.317
172.0	174.684
174.0	182.626
176.0	237.442
178.0	158.229
180.0	193.569
182.0	198.123
184.0	233.586
186.0	182.901
188.0	190.062
190.0	180.081
192.0	189.653
194.0	224.962
196.0	171.179
198.0	186.886
200.0	175.069
202.0	226.674
204.0	187.614
206.0	153.966
208.0	177.216
210.0	220.5
212.0	167.896
214.0	166.126
216.0	241.813
218.0	171.747
220.0	216.302
222.0	138.973
224.0	169.999
226.0	229.077
228.0	188.82
230.0	142.197
232.0	218.716
234.0	169.64
236.0	157.582
238.0	187.659
240.0	190.48
242.0	158.344
244.0	243.412
246.0	158.405
248.0	237.521
250.0	135.381
252.0	164.524
254.0	154.974
256.0	219.98
258.0	203.338
260.0	134.541
262.0	227.615
264.0	162.087
266.0	179.691
268.0	160.76
270.0	153.925
272.0	222.733
274.0	189.504
276.0	226.722
278.0	128.092
280.0	159.844
282.0	173.831
284.0	237.104
286.0	195.101
288.0	119.847
290.0	162.014
292.0	196.21
294.0	225.797
296.0	175.617
298.0	127.089
300.0	167.184
302.0	179.282
304.0	171.656
306.0	185.872
308.0	235.853
310.0	156.933
312.0	157.146
