 3618
 3630
 3676
 3683
 3703
 3721
 3729
 3761
 3803
 3820
 3834
 3846
 3862
 3868
 3900
 3910
 3914
 3937
 3940
 3944
 3957
 3964
 3972
 3975
 4002
 4009
 4011
 4024
 4025
 4042
 4045
 4083
 4084
 4092
 4096
 4105
 4112
 4115
 4118
 4119
 4137
 4138
 4156
 4166
 4168
 4169
 4184
 4187
 4190
 4194
 4194
 4212
 4215
 4235
 4264
 4274
 4274
 4288
 4292
 4294
 4297
 4326
 4336
 4348
 4350
 4352
 4365
 4377
 4397
 4398
 4410
 4473
 4490
 4540
 4564
 4597
 4601
 4613
 4616
 4630
 4644
 4656
 4688
 4698
 4701
 4750
 4762
 4773
 4818
 4854
 4864
 4886
 4943
 4952
 4989
 4999
 5001
 5008
 5020
 5023
 5056
 5057
 5079
 5102
 5106
 5108
 5127
 5158
 5159
 5179
 5194
 5203
 5233
 5246
 5249
 5278
 5293
 5301
 5370
 5440
 5451
 5461
 5478
 5510
 5545
 5550
 5552
 5569
 5607
 5622
 5681
 5707
 5747
 5790
 5799
 5866
 5894
 5916
 5941
 5982
 5988
 6036
 6135
 6177
 6213
 6222
 6251
 6600
 6634
 6649
 6759
 6920
 7110
 7160
 7534
 8237
