# timestamp	utilization (%) \n
-267.232 0
-259.018 0
-253.14 0
-245.537 0
-239.504 0
-234.024 0
-225.992 0
-217.779 0
-211.634 0
-204.479 0
-195.275 0
-187.603 0
-179.89 0
-172.542 0
-167.531 0
-159.534 0
-153.055 0
-144.883 0
-139.187 0
-132.226 0
-121.779 0
-114.951 0
-106.782 0
-98.6594 0
-90.8987 0
-82.13 0
-73.6203 0
-66.4935 0
-56.4858 0
-51.464 0
-44.4513 0
-36.3555 0
-29.029 0
-24.0274 0
-15.4316 0
-9.53899 0
-4.53863 0
8.55196 0
13.5519 0
18.5518 0
23.5517 0
28.5557 0
33.5636 0
38.5638 0
43.5675 0
48.5673 0
53.5712 0
58.5754 0
63.5751 0
68.575 0
73.5751 0
78.5748 0
83.5747 0
88.5746 0
93.5746 0
98.5745 0
103.574 0
108.574 0
113.574 0
118.582 0
123.603 0
128.635 0
133.68 0
138.7 0
143.72 0
148.741 1
153.761 1
158.781 1
163.81 1
168.83 1
173.85 1
178.87 1
183.903 1
188.923 1
193.943 1
198.963 2
203.98 2
209 2
214.02 2
219.04 2
224.06 2
229.08 2
234.101 2
239.121 2
244.141 3
249.161 3
254.181 3
259.201 3
264.221 3
269.241 3
274.265 3
279.282 3
284.302 4
289.322 4
294.342 4
299.362 4
304.382 4
309.406 4
314.426 4
319.446 5
324.466 5
329.486 5
334.506 5
339.526 5
344.547 6
349.571 6
354.599 6
359.62 6
364.639 6
369.659 7
374.679 7
379.699 7
384.719 7
389.739 7
394.763 7
399.803 7
404.823 7
409.843 7
414.863 7
419.883 7
424.903 7
429.923 7
434.947 7
439.967 7
444.979 7
449.991 7
455.007 7
460.007 7
465.011 7
470.011 7
475.028 8
480.034 8
485.031 8
490.031 9
495.031 8
500.031 9
505.035 9
510.039 9
515.04 9
520.039 9
525.068 9
530.09 10
535.087 10
540.095 10
545.095 10
550.095 11
555.095 11
560.109 11
565.106 11
570.106 11
575.106 12
580.115 12
585.115 12
590.114 12
595.115 13
600.115 13
605.122 13
610.122 13
615.122 14
620.122 14
625.134 14
630.146 14
635.199 14
640.219 15
645.239 15
650.26 15
655.28 15
660.315 16
665.335 16
670.362 16
675.379 16
680.412 16
685.432 17
690.452 17
695.472 17
700.492 17
705.516 17
710.536 18
715.564 18
720.584 18
725.609 18
730.629 18
735.649 19
740.669 19
745.689 19
750.721 19
755.741 19
760.763 20
765.781 20
770.803 20
775.823 20
780.841 20
785.861 20
790.886 21
795.906 21
800.928 21
805.947 21
810.978 21
816.002 22
821.022 22
826.042 22
831.062 22
836.082 22
841.102 23
846.129 23
851.147 23
856.166 23
861.187 24
866.222 24
871.242 24
876.275 24
881.302 24
886.327 24
891.347 25
896.367 25
901.387 25
906.407 25
911.427 25
916.448 26
921.467 26
926.496 26
931.515 26
936.539 26
941.559 27
946.607 27
951.627 27
956.653 27
961.671 27
966.696 27
971.715 28
976.739 28
981.759 28
986.779 28
991.799 28
996.828 29
1001.85 29
1006.87 29
1011.89 29
1016.91 29
1021.93 29
1026.95 30
1031.97 30
1036.99 30
1042.01 30
1047.03 30
1052.05 31
1057.08 31
1062.1 31
1067.14 31
1072.16 31
1077.18 31
1082.2 32
1087.22 32
1092.25 32
1097.27 32
1102.29 32
1107.33 33
1112.35 33
1117.39 33
1122.42 33
1127.44 33
1132.46 33
1137.48 34
1142.5 34
1147.52 34
1152.54 34
1157.56 34
1162.59 34
1167.62 34
1172.64 35
1177.68 35
1182.7 35
1187.74 35
1192.76 35
1197.79 35
1202.81 36
1207.83 36
1212.85 36
1217.87 36
1222.89 36
1227.9 36
1232.92 36
