# timestamp	GC Total Latency (msec)		Read Latency (msec)	Write Latency (msec)\n
297.33 6 0 0
298.335 8 0 0
299.338 4 0 0
302.02 3 0 0
303.023 2 0 0
305.027 2 0 0
306.031 2 0 0
307.225 2 0 0
308.227 3 0 0
309.231 553 244 308
310.235 1069 473 599
311.239 1610 712 905
312.243 1907 840 1077
313.483 2194 967 1239
314.484 2464 1084 1393
315.487 2703 1189 1528
316.492 2966 1305 1678
317.496 3117 1369 1766
318.499 3322 1459 1883
319.503 3453 1516 1958
320.509 3526 1547 2000
321.512 3685 1616 2091
322.531 3740 1639 2123
323.649 3875 1698 2200
324.651 3988 1748 2264
325.656 4057 1777 2305
326.66 4190 1834 2381
327.663 4254 1861 2419
328.668 4341 1899 2468
330.303 4379 1915 2491
331.307 4452 1946 2533
332.311 4525 1978 2576
333.316 4561 1992 2598
334.32 4624 2019 2634
335.325 4657 2033 2653
336.329 4713 2057 2685
337.331 4741 2069 2702
338.336 4777 2084 2723
339.339 4826 2106 2751
340.343 4870 2124 2776
341.349 4887 2131 2787
342.446 4931 2150 2812
343.448 4950 2158 2823
345.077 4973 2168 2837
346.08 4996 2177 2850
347.084 5034 2194 2872
348.088 5042 2197 2877
349.092 5077 2211 2897
350.097 5089 2216 2905
351.1 5122 2230 2924
353.234 5133 2235 2931
354.236 5161 2247 2947
355.241 5181 2255 2959
356.244 5211 2268 2976
357.248 5220 2270 2983
358.252 5248 2282 2999
359.606 5258 2285 3006
360.608 5285 2296 3021
361.612 5301 2303 3032
362.618 5316 2309 3041
363.621 5329 2314 3050
364.624 5347 2320 3060
365.629 5367 2329 3072
366.633 5391 2339 3087
367.632 5392 2338 3089
368.637 5414 2347 3101
370.082 5424 2351 3108
371.094 5441 2358 3118
372.176 5454 2363 3126
373.177 5468 2369 3135
374.181 5485 2376 3145
375.185 5499 2381 3154
376.189 5519 2389 3166
377.193 5521 2389 3168
378.198 5540 2396 3179
379.201 5549 2400 3186
380.205 5555 2402 3189
381.222 5568 2407 3197
382.225 5580 2411 3205
383.228 5590 2415 3211
384.233 5602 2420 3218
385.237 5619 2427 3229
386.241 5620 2426 3230
387.245 5636 2433 3240
388.708 5643 2435 3244
389.709 5654 2439 3251
390.713 5663 2443 3257
391.717 5675 2447 3265
392.721 5684 2451 3270
393.725 5694 2455 3276
394.73 5704 2458 3283
395.733 5718 2464 3292
396.737 5718 2463 3293
397.741 5733 2469 3301
398.742 5739 2471 3306
399.741 5752 2476 3314
400.741 5757 2477 3317
401.741 5774 2484 3328
402.741 5776 2485 3330
403.74 5793 2491 3340
404.74 5798 2492 3343
406.044 5799 2493 3344
407.044 5805 2495 3348
408.048 5814 2498 3354
409.048 5824 2502 3361
410.292 5837 2507 3369
411.292 5836 2505 3369
412.294 5848 2510 3376
413.292 5853 2512 3380
414.292 5862 2515 3385
415.332 5869 2517 3390
416.331 5876 2520 3394
417.332 5883 2522 3400
418.332 5890 2524 3404
419.332 5897 2527 3409
420.331 5905 2529 3414
421.331 5916 2534 3421
422.331 5923 2536 3426
423.331 5929 2538 3430
424.331 5937 2541 3435
425.332 5941 2542 3438
426.331 5952 2546 3445
427.331 5956 2547 3448
428.331 5966 2551 3454
429.331 5969 2552 3457
430.331 5979 2555 3463
431.331 5984 2557 3467
432.33 5995 2561 3473
433.763 5996 2561 3474
434.762 6004 2564 3480
435.762 6011 2566 3484
436.762 6016 2567 3488
437.762 6023 2570 3493
438.762 6030 2572 3498
439.762 6040 2575 3504
440.762 6047 2578 3509
441.762 6048 2578 3510
442.765 6058 2582 3517
443.762 6060 2582 3518
444.761 6069 2585 3524
445.761 6073 2586 3527
446.762 6082 2589 3533
448.144 6090 2592 3538
449.142 6093 2593 3541
450.141 6102 2596 3546
451.141 6106 2597 3549
452.151 6113 2599 3554
453.15 6119 2601 3558
454.149 6126 2603 3563
455.149 6132 2605 3568
456.15 6142 2608 3574
457.149 6142 2608 3575
458.149 6148 2610 3579
459.149 6156 2613 3584
460.149 6161 2614 3588
461.174 6170 2617 3594
462.173 6175 2618 3597
463.227 6179 2620 3600
464.252 6186 2622 3605
465.248 6191 2624 3608
466.249 6200 2627 3614
467.248 6202 2627 3616
468.248 6211 2630 3622
469.254 6213 2630 3624
470.252 6220 2632 3629
471.254 6226 2634 3633
472.252 6234 2637 3639
473.253 6245 2641 3646
474.252 6249 2641 3650
475.253 6258 2644 3656
476.252 6262 2645 3658
477.253 6270 2648 3664
478.253 6272 2648 3666
479.798 6279 2651 3670
480.796 6280 2651 3671
481.797 6286 2653 3675
482.798 6293 2655 3680
483.796 6292 2654 3680
484.795 6299 2656 3684
485.795 6304 2658 3688
486.795 6310 2660 3692
487.856 6318 2662 3698
488.856 6323 2664 3702
489.886 6332 2667 3708
490.959 6334 2667 3709
491.959 6340 2669 3714
492.959 6349 2672 3720
493.959 6351 2672 3722
494.959 6360 2674 3728
495.959 6359 2674 3728
496.96 6367 2677 3733
497.959 6374 2679 3738
498.96 6378 2680 3741
500 6387 2683 3747
500.999 6388 2683 3748
501.999 6395 2685 3753
503 6401 2686 3757
503.999 6410 2689 3764
505 6412 2689 3766
505.999 6420 2692 3772
507 6425 2693 3775
508 6433 2695 3781
508.999 6438 2697 3785
509.999 6446 2699 3790
511 6447 2699 3792
511.999 6453 2701 3796
512.999 6460 2703 3801
514.002 6466 2704 3805
514.999 6473 2706 3810
515.999 6478 2708 3814
516.999 6487 2710 3820
517.998 6488 2710 3822
519 6496 2713 3827
519.999 6500 2713 3830
521 6507 2715 3835
522 6514 2718 3840
522.998 6518 2718 3844
523.999 6526 2721 3849
524.998 6531 2722 3853
525.998 6538 2724 3858
526.998 6544 2726 3863
527.999 6550 2727 3867
529.014 6558 2730 3873
530.014 6561 2730 3875
531.015 6569 2732 3880
532.014 6572 2733 3883
533.014 6579 2735 3888
534.048 6586 2737 3893
535.046 6590 2738 3896
536.046 6598 2741 3902
537.048 6600 2741 3904
538.048 6608 2743 3909
539.046 6612 2744 3913
540.047 6620 2747 3918
541.046 6623 2747 3921
542.047 6631 2749 3927
543.047 6634 2750 3929
544.046 6642 2752 3935
545.046 6646 2753 3938
546.046 6654 2755 3943
547.208 6658 2756 3946
548.206 6662 2757 3950
549.206 6667 2758 3953
550.206 6674 2761 3958
551.206 6678 2761 3962
552.206 6686 2764 3967
553.206 6690 2765 3971
554.206 6697 2767 3976
555.206 6703 2768 3981
556.206 6710 2770 3985
557.205 6713 2771 3988
558.206 6720 2772 3993
559.206 6727 2774 3998
560.206 6731 2775 4002
561.206 6738 2777 4007
562.251 6744 2778 4011
563.249 6752 2781 4017
564.25 6760 2783 4023
565.251 6761 2783 4024
566.251 6769 2785 4030
567.25 6770 2785 4031
568.249 6778 2787 4037
569.251 6783 2789 4040
570.249 6788 2790 4044
571.25 6794 2791 4049
572.249 6801 2793 4054
573.291 6808 2795 4059
574.29 6814 2797 4064
575.291 6820 2798 4069
576.29 6825 2799 4072
577.289 6831 2801 4077
578.289 6837 2802 4081
579.289 6842 2804 4085
580.301 6848 2805 4090
581.301 6853 2807 4094
582.302 6860 2808 4098
583.303 6866 2810 4103
584.302 6871 2811 4107
585.302 6877 2813 4112
586.302 6883 2814 4116
587.301 6889 2816 4120
588.301 6895 2817 4124
589.315 6900 2819 4129
590.314 6906 2820 4133
591.314 6912 2821 4137
592.314 6917 2823 4142
593.314 6922 2824 4145
594.314 6928 2826 4149
595.32 6932 2827 4153
596.319 6938 2828 4157
597.318 6944 2830 4162
598.317 6949 2831 4165
599.317 6954 2832 4169
600.317 6960 2834 4173
601.317 6965 2835 4177
602.366 6970 2837 4181
603.365 6975 2838 4185
604.365 6979 2839 4188
605.366 6984 2840 4192
606.366 6989 2842 4196
607.365 6994 2842 4199
608.365 7000 2844 4204
609.366 7005 2845 4207
610.366 7010 2847 4211
611.365 7015 2848 4215
612.37 7021 2850 4220
613.37 7027 2851 4224
614.369 7031 2852 4227
615.371 7035 2853 4230
616.37 7039 2854 4233
617.392 7044 2855 4237
618.506 7049 2857 4241
619.505 7054 2858 4244
620.506 7059 2860 4248
621.506 7064 2860 4252
622.506 7069 2862 4256
623.505 7073 2863 4259
624.505 7078 2864 4263
625.505 7083 2866 4266
626.508 7087 2866 4269
627.505 7092 2867 4273
628.505 7096 2869 4277
629.505 7102 2870 4280
630.505 7106 2871 4284
631.506 7111 2873 4288
632.505 7116 2874 4291
633.505 7121 2875 4295
634.505 7126 2877 4299
635.506 7130 2878 4302
636.505 7135 2879 4305
637.505 7139 2880 4308
638.506 7143 2881 4312
639.506 7147 2882 4315
640.505 7152 2883 4318
641.505 7157 2884 4321
642.613 7161 2886 4325
643.613 7166 2887 4329
644.613 7169 2888 4331
645.613 7173 2889 4334
646.614 7178 2890 4338
647.617 7182 2891 4341
648.621 7187 2892 4344
649.622 7191 2893 4348
650.626 7196 2894 4351
651.629 7201 2896 4355
652.634 7205 2897 4358
653.637 7210 2898 4362
654.687 7214 2899 4365
655.691 7219 2900 4368
656.693 7222 2901 4371
657.697 7226 2902 4374
658.701 7230 2903 4377
659.705 7234 2904 4380
660.778 7238 2905 4383
661.787 7243 2906 4386
662.789 7247 2908 4390
663.794 7251 2909 4393
664.798 7255 2910 4396
665.801 7259 2911 4399
666.805 7263 2912 4402
667.81 7267 2912 4404
668.813 7271 2914 4408
669.817 7275 2915 4411
670.821 7279 2916 4414
671.825 7284 2917 4417
672.829 7288 2918 4421
673.833 7292 2919 4424
674.838 7296 2920 4427
675.841 7300 2921 4430
677.029 7305 2922 4433
678.033 7309 2923 4436
679.037 7313 2924 4439
680.041 7317 2925 4442
681.046 7320 2926 4444
682.05 7323 2927 4447
683.053 7327 2928 4450
684.23 7332 2929 4453
685.238 7335 2930 4456
686.242 7339 2931 4459
687.246 7343 2932 4462
688.249 7346 2933 4465
689.253 7350 2934 4468
690.257 7354 2935 4471
691.261 7358 2936 4473
692.266 7362 2937 4476
693.27 7366 2938 4479
694.274 7370 2939 4483
695.277 7374 2940 4486
696.282 7378 2941 4488
697.285 7381 2942 4491
698.324 7386 2943 4494
699.325 7390 2944 4497
700.329 7394 2945 4500
701.334 7397 2946 4503
702.337 7401 2947 4506
703.341 7405 2948 4509
704.345 7409 2949 4512
705.35 7412 2949 4514
706.353 7416 2950 4517
707.358 7419 2951 4520
708.361 7423 2952 4523
709.372 7428 2953 4526
710.374 7431 2954 4529
711.377 7434 2955 4531
712.381 7438 2956 4534
713.385 7441 2957 4537
714.39 7445 2957 4540
715.394 7449 2959 4543
716.398 7453 2960 4546
717.401 7457 2961 4549
718.406 7461 2961 4551
719.41 7465 2962 4554
720.414 7468 2963 4557
721.418 7471 2964 4559
722.432 7474 2965 4562
723.433 7478 2966 4565
724.437 7482 2967 4567
725.441 7485 2967 4570
726.446 7488 2968 4572
727.451 7491 2969 4574
728.453 7494 2970 4577
729.457 7498 2971 4580
730.513 7502 2972 4582
731.578 7505 2972 4585
732.581 7508 2973 4587
733.585 7512 2974 4590
734.59 7515 2975 4593
735.593 7519 2976 4596
736.597 7523 2977 4598
737.625 7526 2978 4601
738.765 7529 2978 4604
739.765 7533 2979 4606
740.769 7535 2980 4608
741.774 7538 2980 4610
742.831 7541 2981 4612
743.873 7544 2982 4615
744.882 7548 2983 4618
746.031 7551 2984 4620
747.093 7555 2985 4623
748.104 7558 2985 4625
749.107 7561 2986 4628
750.109 7564 2987 4630
751.113 7567 2988 4632
752.118 7571 2989 4635
753.121 7574 2989 4638
754.126 7577 2990 4640
755.13 7580 2991 4643
756.133 7584 2992 4645
757.138 7587 2992 4648
758.143 7591 2993 4651
759.147 7594 2994 4653
760.15 7597 2995 4656
761.155 7601 2996 4658
762.158 7604 2997 4661
763.161 7606 2997 4663
764.166 7610 2998 4665
765.232 7613 2999 4667
766.234 7616 3000 4670
767.238 7619 3000 4672
768.241 7621 3001 4674
769.246 7624 3002 4676
770.251 7628 3002 4679
771.254 7630 3003 4681
772.258 7633 3004 4683
773.263 7637 3005 4686
774.301 7640 3006 4688
775.332 7643 3006 4691
776.354 7647 3007 4693
777.358 7650 3008 4696
778.363 7653 3009 4698
779.366 7656 3009 4701
780.37 7660 3010 4703
781.374 7663 3011 4706
782.379 7666 3012 4708
783.381 7668 3012 4710
784.386 7671 3013 4712
785.438 7674 3014 4714
786.442 7678 3015 4717
787.447 7679 3015 4718
788.45 7682 3016 4721
789.454 7686 3017 4723
790.458 7689 3017 4725
791.462 7691 3018 4727
792.466 7694 3019 4730
793.47 7697 3019 4732
794.475 7700 3020 4734
795.478 7703 3021 4737
796.513 7707 3022 4739
797.514 7710 3022 4742
798.518 7712 3023 4743
799.522 7715 3024 4746
800.528 7718 3024 4748
801.531 7720 3025 4750
802.534 7723 3026 4752
803.538 7726 3026 4754
804.543 7729 3027 4757
805.546 7732 3028 4759
806.791 7735 3028 4761
807.795 7738 3029 4763
808.798 7740 3030 4765
809.804 7741 3030 4766
810.806 7744 3031 4768
811.81 7747 3031 4771
812.814 7750 3032 4773
813.827 7753 3033 4775
814.951 7756 3033 4777
815.954 7759 3034 4779
816.958 7761 3035 4781
817.963 7764 3035 4783
818.966 7766 3036 4785
819.971 7769 3037 4788
820.975 7772 3037 4790
821.979 7775 3038 4792
822.984 7778 3039 4795
823.986 7781 3039 4797
824.991 7784 3040 4799
825.995 7787 3041 4801
826.999 7789 3041 4803
828.002 7791 3042 4804
829.029 7794 3043 4806
830.035 7797 3043 4809
831.039 7799 3044 4810
832.042 7801 3044 4812
833.046 7804 3045 4814
834.051 7806 3045 4816
835.054 7809 3046 4818
836.059 7812 3047 4820
837.062 7815 3048 4822
838.066 7817 3048 4824
839.17 7820 3049 4827
840.258 7823 3050 4829
841.276 7826 3050 4831
842.298 7829 3051 4833
843.302 7831 3051 4835
844.307 7834 3052 4837
845.312 7837 3053 4839
846.314 7839 3053 4841
847.379 7842 3054 4844
848.384 7845 3055 4845
849.387 7847 3055 4847
850.391 7849 3056 4849
851.394 7852 3056 4851
852.398 7855 3057 4853
853.402 7857 3058 4855
854.406 7859 3058 4857
855.417 7862 3059 4859
856.42 7865 3059 4861
857.424 7867 3060 4863
858.428 7870 3061 4865
859.431 7872 3061 4866
860.435 7874 3062 4868
861.439 7877 3062 4871
862.443 7880 3063 4872
863.446 7882 3064 4874
864.45 7885 3064 4876
865.462 7888 3065 4878
866.463 7890 3066 4880
867.467 7892 3066 4882
868.472 7895 3067 4884
869.474 7898 3067 4886
870.505 7901 3068 4889
871.664 7903 3069 4890
872.667 7906 3069 4892
873.671 7908 3070 4894
874.675 7910 3070 4895
875.679 7912 3071 4897
876.684 7915 3072 4900
877.688 7917 3072 4901
878.691 7920 3073 4903
879.695 7923 3074 4906
880.699 7927 3075 4909
881.703 7931 3075 4911
882.707 7934 3076 4914
883.731 7938 3077 4917
884.735 7941 3078 4919
885.739 7945 3079 4923
886.743 7949 3080 4925
887.747 7952 3081 4928
888.751 7956 3082 4931
889.755 7958 3082 4933
890.759 7962 3083 4936
892.035 7966 3084 4939
893.339 7970 3085 4941
894.459 7974 3086 4944
895.583 7977 3087 4947
896.704 7981 3088 4950
897.794 7984 3089 4952
898.83 7988 3090 4955
899.831 7991 3090 4958
900.835 7993 3091 4959
901.839 7996 3091 4961
902.844 7999 3092 4963
903.847 8001 3093 4965
904.851 8003 3093 4967
905.856 8005 3094 4969
906.859 8008 3094 4971
907.865 8010 3095 4973
909.033 8013 3096 4975
910.036 8016 3096 4976
911.04 8017 3096 4978
912.043 8020 3097 4980
913.047 8022 3098 4981
914.051 8024 3098 4983
915.096 8027 3099 4985
916.101 8029 3099 4987
917.103 8032 3100 4989
918.108 8034 3101 4991
919.112 8036 3101 4993
920.115 8039 3102 4994
921.121 8041 3102 4996
922.124 8044 3103 4998
923.128 8046 3103 5000
924.131 8049 3104 5002
925.136 8051 3105 5004
926.141 8053 3105 5006
927.144 8056 3106 5007
928.148 8058 3106 5009
929.236 8061 3107 5011
930.241 8063 3107 5013
931.244 8065 3108 5015
932.248 8067 3108 5016
933.253 8070 3109 5018
934.256 8071 3109 5019
935.26 8074 3110 5021
936.278 8076 3111 5023
937.309 8079 3111 5025
938.4 8081 3112 5027
939.405 8083 3112 5029
940.41 8086 3113 5030
941.413 8088 3113 5032
942.416 8090 3114 5034
943.421 8092 3114 5036
944.425 8094 3115 5037
945.425 8097 3115 5039
946.428 8099 3116 5041
947.432 8101 3116 5043
948.436 8104 3117 5045
949.441 8106 3118 5046
950.445 8108 3118 5048
951.531 8111 3119 5050
952.533 8113 3119 5051
953.537 8115 3120 5053
954.542 8117 3120 5055
955.546 8119 3121 5056
956.549 8121 3121 5057
957.562 8123 3122 5059
958.661 8125 3122 5061
959.689 8127 3123 5063
960.737 8130 3123 5065
961.752 8132 3124 5066
962.753 8134 3124 5068
963.757 8136 3125 5070
964.762 8139 3125 5071
965.765 8141 3126 5073
966.77 8143 3126 5075
967.773 8145 3127 5076
968.778 8147 3127 5078
969.782 8150 3128 5080
970.786 8152 3128 5082
971.79 8154 3129 5083
972.794 8156 3129 5085
973.816 8158 3130 5086
974.969 8160 3130 5088
975.973 8162 3131 5090
976.977 8164 3131 5091
977.981 8166 3132 5092
978.985 8168 3132 5094
979.989 8170 3133 5096
980.993 8172 3133 5097
982.031 8174 3134 5099
983.049 8176 3134 5101
984.178 8179 3135 5102
985.189 8181 3135 5104
986.195 8183 3136 5106
987.199 8185 3136 5107
988.202 8187 3137 5109
989.207 8189 3137 5110
990.21 8191 3138 5112
991.214 8193 3138 5114
992.218 8196 3139 5115
993.223 8198 3139 5117
994.227 8199 3140 5118
995.23 8201 3140 5120
996.235 8203 3141 5121
997.342 8206 3141 5123
998.346 8208 3142 5125
999.351 8210 3142 5126
1000.35 8211 3142 5127
1001.36 8213 3143 5129
1002.36 8214 3143 5130
1003.37 8217 3144 5132
1004.38 8219 3144 5133
1005.43 8221 3145 5135
1006.47 8223 3145 5137
1007.47 8225 3146 5138
1008.47 8227 3146 5139
1009.48 8229 3146 5141
1010.48 8231 3147 5142
1011.49 8233 3147 5144
1012.49 8234 3148 5145
1013.49 8236 3148 5147
1014.5 8238 3149 5149
1015.5 8240 3149 5150
1016.51 8242 3150 5152
1017.52 8244 3150 5153
1018.52 8246 3151 5155
1019.53 8248 3151 5156
1020.53 8249 3151 5157
1021.53 8251 3152 5159
1022.54 8254 3152 5160
1023.54 8256 3153 5162
1024.55 8258 3153 5163
1025.55 8260 3154 5165
1026.66 8262 3154 5167
1027.66 8264 3155 5168
1028.67 8265 3155 5169
1029.67 8267 3155 5171
1030.68 8269 3156 5172
1031.68 8271 3156 5174
1032.68 8273 3157 5175
1033.69 8275 3157 5177
1034.69 8277 3158 5178
1035.7 8279 3158 5180
1036.7 8281 3159 5181
1037.7 8283 3159 5183
1038.71 8285 3160 5184
1039.86 8287 3160 5186
1040.86 8289 3160 5187
1041.86 8290 3161 5189
1042.87 8292 3161 5190
1043.87 8294 3162 5191
1044.88 8296 3162 5193
1045.88 8297 3162 5194
1046.88 8299 3163 5195
1048.02 8301 3163 5197
1049.04 8303 3164 5198
1050.04 8305 3164 5200
1051.05 8306 3165 5201
1052.05 8308 3165 5202
1053.06 8310 3165 5204
1054.06 8311 3166 5205
1055.06 8313 3166 5206
1056.07 8315 3167 5208
1057.07 8317 3167 5209
1058.1 8319 3168 5211
1059.12 8321 3168 5212
1060.15 8323 3169 5214
1061.18 8325 3169 5215
1062.18 8327 3169 5217
1063.18 8328 3170 5218
1064.19 8330 3170 5219
1065.19 8331 3170 5221
1066.2 8333 3171 5222
1067.2 8335 3171 5223
1068.2 8337 3172 5225
1069.21 8339 3172 5227
1070.21 8342 3173 5229
1071.22 8344 3174 5231
1072.26 8347 3174 5233
1073.27 8349 3175 5234
1074.27 8352 3175 5237
1075.28 8355 3176 5239
1076.29 8358 3177 5241
1077.29 8361 3177 5243
1078.3 8363 3178 5245
1079.44 8366 3179 5247
1080.44 8368 3179 5249
1081.44 8370 3180 5250
1082.45 8373 3180 5253
1083.45 8376 3181 5255
1084.46 8378 3182 5257
1085.46 8381 3182 5259
1086.46 8383 3183 5260
1087.47 8385 3183 5262
1088.47 8388 3184 5264
1089.47 8390 3185 5266
1090.48 8393 3185 5268
1091.51 8396 3186 5270
1092.51 8399 3186 5272
1093.51 8401 3187 5274
1094.52 8403 3187 5275
1095.52 8404 3188 5277
1096.52 8407 3188 5279
1097.53 8409 3189 5280
1098.53 8412 3190 5282
1099.54 8414 3190 5284
1100.54 8416 3191 5286
1101.54 8418 3191 5288
1102.55 8421 3192 5290
1103.55 8424 3192 5292
1104.57 8426 3193 5294
1105.57 8428 3193 5295
1106.57 8429 3194 5296
1107.62 8431 3194 5298
1108.99 8434 3195 5300
1109.99 8436 3195 5301
1111 8438 3196 5303
1112 8440 3196 5304
1113.01 8442 3197 5306
1114.01 8444 3197 5308
1115.01 8447 3198 5310
1116.02 8449 3198 5312
1117.03 8452 3199 5313
1118.31 8454 3199 5315
1119.31 8457 3200 5317
1120.31 8459 3201 5319
1121.32 8460 3201 5320
1122.32 8462 3201 5322
1123.33 8464 3202 5323
1124.33 8466 3202 5325
1125.35 8469 3203 5327
1126.39 8471 3204 5328
1127.39 8473 3204 5330
1128.4 8475 3205 5332
1129.4 8478 3205 5333
1130.41 8480 3206 5335
1131.41 8483 3206 5337
1132.41 8485 3207 5339
1133.42 8487 3207 5341
1134.42 8490 3208 5343
1135.43 8492 3208 5344
1136.43 8494 3209 5346
1137.43 8496 3209 5348
1138.44 8499 3210 5350
1139.44 8501 3211 5352
1140.5 8503 3211 5353
1141.57 8505 3212 5355
1142.64 8508 3212 5357
1143.66 8511 3213 5359
1144.68 8513 3213 5361
1145.68 8515 3214 5362
1146.69 8517 3214 5364
1147.69 8519 3215 5366
1148.69 8521 3215 5367
1149.7 8523 3216 5369
1150.7 8526 3216 5371
1151.71 8528 3217 5373
1152.92 8531 3217 5375
1153.93 8533 3218 5376
1154.93 8535 3219 5378
1155.93 8537 3219 5379
1156.94 8539 3219 5381
1157.94 8541 3220 5383
1158.95 8543 3220 5385
1159.95 8545 3221 5386
1160.95 8547 3221 5388
1161.96 8549 3222 5389
1162.96 8552 3222 5391
1163.97 8553 3223 5392
1165 8556 3223 5394
1166 8558 3224 5396
1167.03 8560 3224 5397
1168.03 8562 3224 5399
1169.03 8564 3225 5400
1170.04 8565 3225 5402
1171.27 8567 3226 5403
1172.29 8569 3226 5405
1173.29 8572 3227 5407
1174.3 8574 3227 5408
1175.3 8575 3227 5410
1176.3 8577 3228 5411
1177.31 8580 3228 5413
1178.31 8582 3229 5415
1179.31 8584 3230 5416
1180.32 8586 3230 5418
1181.32 8587 3230 5419
1182.37 8589 3231 5420
1183.42 8591 3231 5422
1184.68 8594 3232 5424
1185.7 8595 3232 5425
1186.7 8598 3233 5427
1187.7 8599 3233 5428
1188.71 8601 3233 5430
1189.71 8603 3234 5432
1190.71 8605 3234 5433
1191.72 8608 3235 5435
1192.73 8610 3235 5437
1193.73 8612 3236 5438
1194.73 8613 3236 5439
1195.74 8615 3237 5441
1196.74 8617 3237 5442
1197.75 8619 3237 5444
1198.75 8621 3238 5445
1199.76 8623 3238 5447
1200.76 8625 3239 5449
