# timestamp	GC Total Latency (msec)		Read Latency (msec)	Write Latency (msec)\n
307.656 0 0 0
308.653 0 0 0
310.072 0 0 0
311.069 0 0 0
312.224 0 0 0
313.221 0 0 0
314.307 0 0 0
315.305 232 102 131
317.417 726 320 411
318.417 1383 610 782
319.416 1802 793 1021
320.417 2294 1008 1301
321.416 2594 1139 1471
322.416 2935 1288 1665
323.417 3148 1380 1788
324.797 3177 1393 1804
325.797 3381 1482 1921
326.796 3527 1544 2005
327.796 3663 1602 2084
328.797 3846 1683 2188
329.797 3949 1728 2246
330.797 4098 1793 2331
332.44 4106 1796 2336
333.44 4193 1835 2385
334.441 4249 1859 2417
335.444 4323 1891 2459
336.444 4373 1912 2489
337.444 4454 1947 2536
338.444 4499 1966 2563
339.445 4569 1995 2602
340.444 4604 2010 2623
341.444 4656 2032 2654
342.445 4714 2057 2687
343.444 4743 2068 2705
344.445 4794 2090 2734
345.444 4817 2100 2748
346.443 4864 2120 2775
347.443 4891 2132 2791
348.448 4933 2150 2815
349.447 4972 2166 2837
350.448 4978 2168 2842
351.447 5014 2183 2863
354.442 5024 2187 2868
355.441 5055 2200 2887
356.44 5078 2209 2901
357.44 5113 2224 2922
358.452 5132 2232 2933
359.451 5138 2234 2937
360.465 5170 2248 2956
361.463 5186 2254 2966
362.464 5217 2267 2984
363.463 5224 2269 2988
364.463 5249 2280 3002
365.464 5268 2288 3014
366.464 5296 2300 3031
367.464 5303 2301 3036
368.463 5328 2312 3051
369.463 5339 2316 3057
370.463 5363 2326 3071
372.143 5370 2329 3076
373.143 5391 2338 3088
374.143 5397 2340 3092
375.143 5417 2347 3104
376.143 5438 2356 3117
377.143 5441 2356 3119
378.144 5461 2364 3131
379.142 5470 2368 3137
380.143 5486 2374 3147
381.143 5492 2377 3150
382.144 5507 2383 3160
383.142 5513 2385 3164
384.147 5529 2391 3174
385.147 5539 2395 3180
386.147 5553 2401 3189
387.147 5571 2408 3200
388.146 5579 2410 3206
389.146 5595 2416 3215
390.194 5599 2417 3218
391.191 5614 2424 3227
392.193 5632 2431 3238
393.191 5638 2433 3242
394.19 5653 2439 3251
395.347 5648 2437 3248
396.346 5662 2442 3257
397.346 5673 2446 3264
398.346 5683 2450 3270
399.346 5683 2450 3270
400.346 5693 2454 3276
401.347 5705 2459 3284
402.356 5721 2465 3293
403.354 5727 2467 3298
404.354 5735 2469 3303
405.358 5752 2476 3313
406.358 5758 2478 3318
407.358 5761 2479 3320
408.358 5774 2484 3328
409.358 5786 2489 3335
410.358 5789 2489 3337
411.358 5802 2494 3345
412.358 5805 2495 3348
413.384 5818 2500 3356
415.346 5819 2500 3357
416.345 5828 2503 3363
417.345 5844 2509 3373
418.346 5850 2510 3378
419.345 5864 2516 3387
420.345 5867 2516 3389
422.572 5879 2521 3396
423.569 5884 2523 3400
424.569 5890 2525 3404
425.57 5902 2529 3411
426.574 5909 2532 3415
427.573 5909 2531 3416
428.573 5921 2536 3424
429.573 5922 2536 3425
430.573 5933 2540 3432
431.573 5939 2542 3436
432.573 5946 2544 3441
433.573 5955 2547 3447
434.573 5964 2550 3453
435.58 5975 2554 3460
436.578 5977 2555 3462
437.624 5988 2559 3468
438.621 5992 2560 3471
439.716 6002 2564 3478
440.723 6006 2565 3481
441.721 6014 2567 3486
442.725 6025 2571 3494
443.725 6028 2572 3496
444.725 6038 2575 3502
445.725 6039 2575 3504
446.725 6049 2579 3510
448.042 6052 2579 3512
449.042 6061 2583 3519
450.04 6072 2586 3525
451.04 6071 2586 3526
452.042 6081 2589 3532
453.04 6083 2590 3534
454.04 6093 2593 3540
455.998 6093 2593 3541
456.996 6102 2596 3546
457.996 6106 2597 3550
458.996 6116 2600 3556
459.996 6117 2600 3557
460.998 6126 2603 3563
461.996 6129 2604 3566
462.998 6137 2607 3571
463.996 6142 2608 3574
464.995 6151 2611 3580
465.997 6154 2612 3582
466.996 6159 2613 3586
467.999 6166 2616 3591
469 6173 2618 3596
470.089 6183 2622 3602
471.087 6185 2622 3604
472.095 6194 2625 3610
473.297 6194 2625 3611
474.295 6203 2628 3617
475.295 6205 2628 3619
476.329 6213 2630 3624
477.327 6219 2632 3628
478.328 6224 2633 3632
479.329 6230 2635 3636
480.328 6239 2638 3642
481.327 6243 2640 3645
482.328 6246 2640 3647
483.364 6254 2643 3653
484.364 6259 2644 3656
485.384 6264 2646 3660
486.402 6272 2648 3666
487.399 6278 2650 3670
488.399 6288 2653 3676
489.399 6288 2652 3677
490.399 6296 2655 3683
491.4 6300 2656 3686
492.399 6309 2659 3692
493.4 6314 2661 3695
494.434 6322 2663 3701
495.431 6329 2665 3706
496.439 6335 2667 3711
497.439 6345 2670 3717
498.438 6347 2670 3720
499.439 6355 2673 3725
500.438 6357 2673 3727
502.29 6363 2675 3731
503.287 6369 2677 3735
504.287 6375 2678 3739
505.287 6383 2681 3745
506.287 6385 2681 3747
507.287 6393 2683 3753
508.287 6397 2684 3756
509.287 6403 2686 3760
510.286 6411 2689 3765
511.287 6415 2690 3768
512.287 6419 2691 3771
513.286 6424 2692 3775
514.423 6431 2695 3780
515.422 6436 2696 3784
516.46 6446 2699 3790
517.459 6444 2697 3790
518.458 6452 2700 3795
519.458 6456 2701 3798
520.458 6464 2704 3803
521.458 6469 2705 3807
522.458 6473 2706 3810
523.458 6479 2708 3815
524.459 6486 2710 3820
525.697 6493 2712 3824
526.697 6496 2712 3827
527.693 6500 2713 3830
528.693 6507 2715 3836
529.695 6513 2717 3840
530.694 6517 2718 3843
531.696 6525 2720 3848
532.693 6530 2722 3853
533.695 6536 2723 3857
534.693 6543 2725 3862
535.693 6549 2727 3866
536.693 6556 2728 3872
537.694 6561 2730 3876
538.695 6566 2731 3880
539.694 6573 2733 3885
540.695 6578 2734 3888
541.693 6585 2736 3893
542.693 6591 2738 3898
543.707 6598 2740 3903
544.706 6601 2740 3905
545.707 6607 2742 3910
546.705 6614 2744 3914
547.705 6620 2746 3919
548.705 6626 2747 3924
549.706 6634 2749 3929
550.705 6639 2751 3933
551.706 6642 2751 3936
552.705 6648 2753 3941
553.705 6655 2754 3946
554.706 6661 2756 3950
555.705 6668 2758 3955
556.705 6674 2759 3960
557.708 6681 2761 3965
558.712 6687 2763 3970
559.708 6693 2764 3974
560.709 6699 2766 3979
561.709 6705 2767 3983
562.709 6711 2769 3988
563.708 6718 2771 3993
564.708 6725 2772 3998
565.711 6732 2774 4004
566.709 6737 2775 4007
567.708 6740 2776 4010
568.708 6746 2777 4014
569.708 6752 2779 4019
570.71 6758 2780 4024
571.723 6765 2782 4029
572.721 6771 2784 4033
573.72 6776 2785 4037
574.72 6782 2787 4042
575.721 6789 2788 4047
576.721 6795 2790 4051
577.725 6801 2791 4055
578.725 6806 2793 4060
579.725 6812 2794 4064
580.724 6817 2796 4068
581.725 6823 2797 4072
582.724 6828 2798 4076
583.732 6834 2800 4081
584.731 6840 2802 4085
585.736 6846 2803 4089
586.737 6853 2805 4094
587.736 6856 2806 4097
588.737 6863 2807 4102
589.735 6869 2809 4107
590.736 6874 2810 4111
591.736 6880 2812 4115
592.737 6885 2813 4119
593.737 6890 2814 4123
594.736 6896 2816 4127
595.74 6902 2818 4132
596.914 6909 2819 4136
597.913 6914 2821 4140
598.912 6919 2822 4144
599.912 6925 2824 4149
600.912 6930 2825 4153
601.912 6935 2826 4157
602.911 6940 2828 4160
603.912 6946 2829 4164
604.911 6951 2830 4168
605.912 6957 2832 4173
606.912 6962 2833 4176
607.911 6967 2834 4180
608.921 6973 2836 4184
609.919 6979 2838 4189
610.919 6982 2838 4191
611.919 6987 2840 4195
612.92 6991 2841 4198
613.918 6996 2842 4202
614.918 7000 2843 4205
616.119 7006 2845 4209
617.12 7011 2846 4213
618.119 7016 2847 4217
619.119 7020 2848 4220
620.118 7024 2849 4223
621.118 7029 2851 4226
622.119 7033 2852 4230
623.118 7039 2853 4234
624.119 7044 2854 4238
625.12 7049 2856 4241
626.12 7054 2857 4245
627.163 7059 2859 4249
628.183 7064 2860 4253
629.183 7069 2861 4256
630.182 7072 2862 4259
631.182 7075 2862 4261
632.183 7080 2864 4265
633.182 7085 2865 4269
634.182 7090 2866 4272
635.451 7096 2868 4276
636.53 7099 2869 4279
637.671 7105 2870 4283
638.692 7109 2872 4287
639.773 7115 2873 4291
640.79 7119 2874 4294
641.791 7124 2875 4298
642.791 7128 2876 4301
643.789 7133 2878 4305
644.79 7138 2879 4308
645.79 7142 2880 4312
646.79 7147 2881 4315
647.791 7152 2882 4319
648.79 7156 2883 4322
649.789 7161 2885 4325
650.79 7165 2886 4328
651.789 7170 2887 4332
652.956 7175 2888 4336
653.954 7179 2890 4339
654.953 7183 2890 4342
655.953 7186 2891 4345
656.954 7191 2892 4348
657.953 7195 2893 4351
658.953 7199 2894 4354
660.02 7204 2896 4358
661.109 7209 2897 4361
662.109 7213 2898 4365
663.109 7217 2899 4367
664.109 7221 2900 4371
665.109 7225 2901 4374
666.109 7230 2902 4377
667.109 7233 2903 4380
668.128 7238 2905 4384
669.125 7243 2906 4387
670.125 7247 2907 4390
671.125 7250 2907 4392
672.125 7253 2908 4395
673.124 7257 2909 4398
674.209 7261 2910 4401
675.214 7265 2911 4404
676.214 7268 2912 4406
677.212 7272 2913 4409
678.213 7276 2914 4412
679.213 7280 2915 4415
680.213 7284 2916 4418
681.213 7287 2917 4421
682.228 7291 2918 4424
683.254 7296 2919 4427
684.3 7300 2920 4430
685.333 7304 2921 4434
686.336 7308 2922 4436
687.336 7312 2923 4440
688.368 7317 2925 4443
689.411 7320 2925 4446
690.409 7325 2927 4449
691.41 7328 2927 4451
692.408 7331 2928 4453
693.409 7334 2929 4456
694.412 7338 2930 4459
695.429 7342 2931 4462
696.675 7347 2932 4466
697.672 7351 2933 4468
698.672 7353 2934 4471
699.673 7358 2935 4474
700.672 7362 2936 4477
701.672 7365 2937 4480
702.677 7369 2938 4483
703.676 7373 2939 4486
704.677 7377 2940 4489
705.676 7381 2941 4492
706.675 7385 2942 4494
707.676 7389 2943 4497
708.675 7393 2944 4501
709.676 7396 2944 4503
710.676 7400 2945 4506
711.675 7403 2946 4509
712.817 7408 2947 4512
713.816 7411 2948 4514
714.817 7414 2949 4517
715.816 7417 2950 4519
716.816 7420 2950 4521
717.815 7423 2951 4524
718.815 7427 2952 4527
719.865 7431 2953 4529
720.863 7434 2954 4532
721.864 7438 2955 4535
722.863 7441 2956 4537
723.864 7445 2957 4540
724.863 7449 2958 4543
725.864 7452 2958 4545
726.863 7456 2959 4548
727.863 7459 2960 4551
728.863 7463 2961 4554
729.863 7467 2962 4557
730.864 7470 2963 4559
731.867 7473 2964 4562
732.866 7477 2965 4564
733.867 7481 2966 4567
734.866 7483 2966 4569
735.867 7486 2967 4571
736.866 7489 2968 4573
737.963 7492 2968 4576
738.967 7495 2969 4578
739.966 7499 2970 4581
740.967 7503 2971 4584
741.966 7506 2972 4586
742.968 7509 2972 4589
743.968 7512 2973 4591
744.967 7515 2974 4593
745.968 7518 2975 4596
746.967 7521 2976 4598
747.967 7525 2977 4601
748.967 7529 2977 4604
749.973 7532 2978 4606
750.97 7536 2979 4609
751.97 7539 2980 4612
752.97 7542 2981 4614
753.97 7546 2982 4617
754.971 7549 2982 4620
755.97 7552 2983 4622
756.97 7555 2984 4624
758.055 7559 2985 4627
759.053 7562 2986 4629
760.054 7565 2986 4631
761.054 7567 2987 4633
762.053 7570 2988 4636
763.054 7573 2988 4638
764.054 7577 2989 4641
765.053 7580 2990 4643
766.053 7583 2991 4646
767.135 7587 2992 4648
768.134 7590 2993 4651
769.134 7593 2993 4653
770.133 7596 2994 4655
771.133 7599 2995 4657
772.133 7602 2996 4660
773.134 7605 2996 4662
774.134 7609 2997 4665
775.134 7612 2998 4668
776.133 7615 2999 4670
777.133 7618 2999 4672
778.133 7621 3000 4674
779.389 7625 3001 4677
780.389 7628 3002 4679
781.39 7630 3002 4681
782.389 7633 3003 4683
783.389 7636 3004 4686
784.389 7639 3004 4688
785.389 7642 3005 4690
786.404 7645 3006 4693
787.405 7648 3007 4695
788.405 7651 3007 4697
789.407 7655 3008 4700
790.406 7658 3009 4702
791.405 7661 3010 4705
792.404 7664 3011 4707
793.405 7667 3011 4710
794.406 7671 3012 4712
795.406 7674 3013 4715
796.406 7677 3014 4717
797.404 7680 3014 4720
798.569 7684 3015 4722
799.57 7687 3016 4725
800.568 7690 3017 4727
801.568 7692 3017 4729
802.568 7695 3018 4731
803.569 7698 3019 4733
804.57 7701 3019 4736
805.568 7704 3020 4738
806.584 7707 3021 4740
807.59 7710 3022 4742
808.589 7713 3022 4745
809.588 7716 3023 4747
810.589 7719 3024 4749
811.588 7722 3024 4751
812.588 7725 3025 4754
813.589 7728 3026 4756
814.589 7731 3027 4758
815.59 7734 3027 4761
816.588 7737 3028 4763
817.592 7739 3029 4765
818.592 7743 3030 4768
819.63 7746 3030 4770
820.627 7749 3031 4772
821.627 7751 3031 4774
822.629 7754 3032 4776
823.629 7757 3033 4778
824.628 7759 3033 4780
825.627 7762 3034 4783
826.678 7765 3035 4785
827.678 7769 3036 4787
828.678 7772 3037 4790
829.675 7774 3037 4792
830.676 7777 3038 4794
831.675 7780 3039 4796
832.675 7783 3039 4798
833.676 7786 3040 4801
834.675 7789 3041 4803
835.675 7792 3041 4805
836.675 7795 3042 4807
837.675 7798 3043 4810
838.676 7800 3043 4812
839.696 7803 3044 4814
840.712 7807 3045 4816
841.711 7809 3046 4818
842.711 7811 3046 4820
843.712 7814 3047 4822
844.712 7816 3047 4824
845.711 7819 3048 4826
846.791 7822 3049 4828
847.791 7825 3049 4830
848.791 7827 3050 4832
849.791 7830 3051 4834
850.791 7832 3051 4836
851.792 7835 3052 4838
852.791 7837 3052 4840
853.79 7840 3053 4842
854.792 7843 3054 4845
855.79 7846 3054 4847
856.79 7849 3055 4849
857.791 7852 3056 4851
858.79 7855 3057 4853
859.79 7857 3057 4856
860.791 7860 3058 4857
861.791 7862 3058 4859
862.791 7865 3059 4861
863.79 7867 3060 4863
864.791 7870 3060 4865
865.917 7873 3061 4868
866.915 7876 3062 4870
867.915 7878 3062 4872
868.915 7881 3063 4874
869.914 7883 3064 4875
870.915 7886 3064 4877
871.914 7888 3065 4879
872.914 7891 3065 4881
873.952 7893 3066 4883
875.05 7897 3067 4886
876.05 7899 3067 4888
877.05 7902 3068 4889
878.05 7904 3069 4891
879.051 7907 3069 4893
880.051 7910 3070 4895
881.049 7912 3071 4897
882.05 7915 3071 4899
883.049 7917 3072 4901
884.084 7920 3072 4903
885.337 7923 3073 4906
886.334 7925 3074 4907
887.333 7927 3074 4909
888.333 7930 3075 4911
889.333 7932 3075 4913
890.333 7934 3076 4914
891.333 7937 3077 4917
892.401 7940 3077 4919
893.403 7942 3078 4921
894.402 7944 3078 4922
895.402 7947 3079 4924
896.401 7950 3080 4926
897.401 7952 3080 4928
898.401 7955 3081 4930
899.402 7957 3081 4932
900.402 7960 3082 4934
901.402 7963 3083 4936
902.401 7965 3083 4938
903.401 7968 3084 4940
904.401 7970 3084 4942
905.401 7973 3085 4944
906.443 7975 3086 4946
907.634 7978 3086 4948
908.632 7981 3087 4950
909.633 7983 3087 4952
910.633 7985 3088 4953
911.633 7987 3088 4955
912.633 7990 3089 4957
913.632 7992 3090 4959
914.637 7995 3090 4961
915.677 7997 3091 4963
916.676 8000 3091 4965
917.677 8002 3092 4967
918.676 8004 3092 4968
919.676 8007 3093 4970
920.677 8009 3094 4972
921.677 8011 3094 4974
922.677 8014 3095 4976
923.677 8017 3095 4978
924.677 8019 3096 4980
925.676 8021 3097 4982
926.677 8023 3097 4983
927.678 8026 3097 4985
928.677 8028 3098 4987
929.676 8031 3099 4989
930.704 8033 3099 4991
931.705 8035 3100 4993
932.705 8038 3100 4994
933.705 8040 3101 4996
934.705 8042 3101 4998
935.704 8044 3102 4999
936.704 8046 3102 5001
937.712 8048 3103 5002
938.727 8051 3103 5004
939.728 8053 3104 5006
940.728 8055 3105 5008
941.728 8058 3105 5010
942.727 8060 3106 5012
943.728 8063 3106 5014
944.728 8065 3107 5015
945.728 8067 3107 5017
946.727 8069 3108 5019
947.727 8072 3108 5021
948.728 8074 3109 5022
949.727 8077 3110 5024
950.881 8079 3110 5026
951.879 8081 3111 5028
952.879 8083 3111 5029
953.881 8085 3112 5031
954.883 8087 3112 5032
955.887 8089 3113 5034
956.931 8091 3113 5036
957.933 8094 3114 5038
958.939 8096 3114 5039
959.942 8098 3115 5041
960.946 8100 3115 5043
961.95 8103 3116 5044
962.954 8105 3116 5046
963.96 8107 3117 5048
964.965 8109 3117 5050
965.968 8112 3118 5052
966.969 8114 3118 5054
967.973 8117 3119 5055
968.977 8119 3119 5057
969.981 8121 3120 5059
970.986 8123 3120 5060
971.99 8125 3121 5062
973.014 8127 3121 5064
974.02 8129 3122 5065
975.024 8131 3122 5067
976.027 8134 3123 5068
977.028 8135 3123 5070
978.033 8138 3124 5072
979.037 8139 3124 5073
980.041 8142 3125 5075
981.149 8144 3125 5077
982.153 8146 3126 5078
983.158 8148 3126 5080
984.162 8150 3127 5081
985.168 8152 3127 5083
986.171 8154 3128 5085
987.175 8157 3128 5086
988.18 8158 3129 5088
989.18 8161 3129 5090
990.184 8163 3130 5091
991.195 8166 3131 5093
992.197 8168 3131 5095
993.202 8169 3131 5096
994.206 8171 3132 5098
995.21 8173 3132 5099
996.215 8175 3133 5101
997.31 8177 3133 5102
998.315 8179 3134 5104
999.319 8181 3134 5106
1000.32 8183 3135 5107
1001.33 8185 3135 5108
1002.33 8187 3135 5110
1003.33 8189 3136 5112
1004.34 8191 3136 5113
1005.34 8193 3137 5115
1006.34 8195 3137 5116
1007.35 8197 3138 5118
1008.4 8200 3138 5120
1009.41 8202 3139 5121
1010.41 8203 3139 5123
1011.42 8206 3140 5124
1012.42 8208 3140 5126
1013.43 8210 3141 5128
1014.46 8212 3141 5129
1015.46 8214 3142 5131
1016.46 8216 3142 5132
1017.47 8217 3143 5133
1018.47 8220 3143 5135
1019.48 8221 3143 5136
1020.48 8223 3144 5138
1021.54 8225 3144 5140
1022.54 8228 3145 5141
1023.54 8229 3145 5142
1024.55 8231 3146 5144
1025.55 8233 3146 5145
1026.55 8235 3147 5147
1027.56 8237 3147 5148
1028.56 8239 3148 5150
1029.57 8241 3148 5152
1030.57 8243 3149 5153
1031.58 8245 3149 5155
1032.58 8247 3150 5156
1033.58 8249 3150 5158
1034.61 8251 3151 5159
1035.65 8253 3151 5161
1036.65 8255 3151 5162
1037.65 8257 3152 5164
1038.66 8259 3152 5165
1039.66 8260 3153 5167
1040.67 8262 3153 5168
1041.67 8264 3154 5170
1042.68 8266 3154 5171
1043.68 8268 3155 5172
1044.81 8270 3155 5174
1045.96 8272 3156 5175
1046.96 8274 3156 5177
1047.96 8276 3156 5178
1048.97 8277 3157 5180
1049.97 8279 3157 5181
1050.97 8281 3158 5182
1051.98 8283 3158 5184
1052.98 8285 3158 5185
1053.99 8287 3159 5187
1054.99 8289 3159 5189
1055.99 8291 3160 5190
1057 8293 3160 5192
1058 8295 3161 5193
1059.01 8297 3161 5195
1060.01 8299 3162 5196
1061.01 8300 3162 5198
1062.02 8302 3163 5199
1063.02 8304 3163 5201
1064.03 8306 3164 5202
1065.03 8308 3164 5203
1066.03 8310 3164 5205
1067.04 8312 3165 5206
1068.04 8313 3165 5208
1069.05 8315 3166 5209
1070.05 8317 3166 5210
1071.05 8319 3166 5212
1072.06 8321 3167 5213
1073.06 8323 3167 5215
1074.06 8325 3168 5216
1075.07 8327 3168 5218
1076.07 8328 3168 5219
1077.08 8330 3169 5221
1078.08 8332 3169 5222
1079.09 8334 3170 5223
1080.09 8335 3170 5225
1081.27 8337 3171 5226
1082.4 8339 3171 5228
1083.4 8341 3172 5229
1084.41 8343 3172 5231
1085.41 8344 3172 5232
1086.41 8346 3173 5233
1087.42 8348 3173 5234
1088.42 8349 3173 5236
1089.44 8351 3174 5237
1090.44 8353 3174 5238
1091.47 8355 3175 5240
1092.47 8356 3175 5241
1093.48 8358 3176 5242
1094.48 8360 3176 5244
1095.48 8362 3176 5245
1096.48 8364 3177 5247
1097.49 8365 3177 5248
1098.49 8367 3178 5250
1099.5 8369 3178 5251
1100.5 8371 3178 5252
1101.5 8373 3179 5254
1102.51 8374 3179 5255
1103.51 8376 3180 5256
1104.52 8377 3180 5257
1105.52 8379 3180 5259
1106.53 8381 3181 5260
1107.53 8382 3181 5261
1108.53 8384 3182 5263
1109.54 8385 3182 5264
1110.54 8387 3182 5265
1111.55 8389 3183 5266
1112.55 8391 3183 5268
1113.55 8392 3183 5269
1114.56 8394 3184 5270
1115.57 8396 3184 5272
1116.57 8398 3185 5273
1117.58 8399 3185 5274
1118.58 8401 3185 5276
1119.58 8403 3186 5277
1120.59 8404 3186 5278
1121.59 8406 3187 5280
1122.6 8408 3187 5281
1123.6 8409 3187 5282
1124.6 8411 3188 5283
1125.6 8412 3188 5284
1126.63 8414 3189 5286
1127.63 8416 3189 5287
1128.63 8417 3189 5288
1129.64 8419 3190 5290
1130.64 8420 3190 5291
1131.64 8422 3190 5292
1132.65 8424 3191 5293
1133.65 8425 3191 5295
1134.66 8427 3191 5296
1135.66 8428 3192 5297
1136.67 8430 3192 5298
1137.67 8432 3193 5300
1138.67 8433 3193 5301
1139.71 8435 3194 5302
1140.71 8437 3194 5304
1141.72 8439 3194 5305
1142.72 8440 3195 5306
1143.73 8442 3195 5307
1144.73 8443 3195 5309
1145.73 8445 3196 5310
1146.74 8447 3196 5311
1147.74 8448 3197 5312
1148.75 8450 3197 5313
1149.78 8451 3197 5315
1150.79 8453 3198 5316
1151.79 8454 3198 5317
1152.8 8456 3198 5318
1153.8 8457 3199 5320
1154.8 8459 3199 5321
1155.81 8460 3199 5322
1156.82 8462 3200 5323
1157.82 8464 3200 5324
1158.82 8465 3200 5326
1159.83 8467 3201 5327
1160.84 8468 3201 5328
1161.84 8470 3201 5329
1162.84 8471 3202 5330
1163.84 8473 3202 5332
1164.85 8475 3203 5333
1165.85 8476 3203 5334
1166.86 8478 3203 5335
1167.86 8479 3204 5336
1168.86 8481 3204 5338
1169.87 8482 3204 5339
1170.87 8484 3205 5340
1171.99 8486 3205 5341
1172.99 8487 3206 5343
1174 8489 3206 5344
1175 8490 3206 5345
1176.01 8492 3207 5346
1177.01 8493 3207 5347
1178.01 8495 3207 5349
1179.02 8496 3208 5350
1180.02 8498 3208 5351
1181.03 8499 3208 5352
1182.03 8501 3209 5353
1183.04 8502 3209 5354
1184.04 8504 3209 5356
1185.08 8506 3210 5357
1186.11 8507 3210 5358
1187.11 8509 3211 5359
1188.12 8510 3211 5361
1189.12 8512 3211 5362
1190.12 8513 3212 5363
1191.13 8515 3212 5364
1192.13 8516 3212 5365
1193.13 8517 3212 5366
1194.21 8519 3213 5367
1195.21 8520 3213 5368
1196.22 8522 3213 5369
1197.22 8523 3214 5370
1198.23 8525 3214 5372
1199.23 8526 3215 5373
1200.24 8527 3215 5374
