2.0	260.268
4.0	242.525
6.0	227.419
8.0	229.686
10.0	228.11
12.0	225.477
14.0	235.627
16.0	221.677
18.0	248.264
20.0	224.786
22.0	243.071
24.0	243.906
26.0	215.535
28.0	264.174
30.0	232.374
32.0	238.359
34.0	238.507
36.0	236.774
38.0	239.257
40.0	235.72
42.0	202.843
44.0	239.706
46.0	218.372
48.0	208.945
50.0	251.314
52.0	203.682
54.0	219.414
56.0	236.112
58.0	225.84
60.0	217.959
62.0	220.249
64.0	229.001
66.0	216.866
68.0	199.836
70.0	248.183
72.0	204.655
74.0	209.299
76.0	247.852
78.0	182.158
80.0	157.583
82.0	132.177
84.0	197.558
86.0	220.423
88.0	217.29
90.0	209.7
92.0	221.691
94.0	201.074
96.0	221.271
98.0	202.204
100.0	207.455
102.0	253.364
104.0	215.086
106.0	213.212
108.0	228.822
110.0	221.991
112.0	229.48
114.0	203.268
116.0	224.549
118.0	239.602
120.0	216.374
122.0	201.937
124.0	211.416
126.0	251.398
128.0	213.144
130.0	223.313
132.0	214.974
134.0	203.252
136.0	242.786
138.0	215.27
140.0	211.959
142.0	222.324
144.0	209.474
146.0	215.206
148.0	218.577
150.0	227.671
152.0	218.731
154.0	209.719
156.0	220.187
158.0	234.053
160.0	202.251
162.0	237.788
164.0	220.041
166.0	219.032
168.0	209.33
170.0	221.589
172.0	227.401
174.0	220.593
176.0	209.185
178.0	230.571
180.0	220.537
182.0	202.237
184.0	240.122
186.0	218.607
188.0	219.64
190.0	218.168
192.0	182.067
194.0	121.949
196.0	128.722
198.0	214.813
200.0	231.75
202.0	205.246
204.0	222.941
206.0	232.168
208.0	218.081
210.0	219.874
212.0	216.272
214.0	227.749
216.0	213.719
218.0	204.517
220.0	243.599
222.0	207.592
224.0	204.322
226.0	249.071
228.0	213.61
230.0	204.548
232.0	242.904
234.0	225.977
236.0	216.173
238.0	202.918
240.0	237.801
242.0	214.936
244.0	182.369
246.0	128.915
248.0	128.294
250.0	242.289
252.0	223.868
254.0	201.57
256.0	215.311
258.0	239.103
260.0	219.204
262.0	214.123
264.0	211.728
266.0	204.706
268.0	236.281
270.0	213.632
272.0	199.773
274.0	240.321
276.0	214.525
278.0	202.411
280.0	240.447
282.0	214.372
284.0	202.399
286.0	239.771
288.0	210.912
290.0	232.669
292.0	220.702
294.0	203.86
296.0	209.809
298.0	217.715
300.0	215.917
302.0	207.073
304.0	202.655
306.0	234.865
308.0	227.134
310.0	223.393
312.0	217.708
314.0	208.207
316.0	216.587
318.0	222.778
320.0	196.414
322.0	197.305
324.0	229.111
326.0	206.666
328.0	198.218
330.0	194.287
332.0	222.718
334.0	187.057
336.0	185.394
338.0	176.704
340.0	179.643
342.0	174.802
344.0	178.287
346.0	180.156
348.0	179.741
350.0	150.184
352.0	173.613
354.0	239.007
356.0	178.84
358.0	195.058
360.0	182.917
362.0	176.715
364.0	192.293
366.0	180.501
368.0	178.528
370.0	180.618
372.0	205.115
374.0	190.972
376.0	178.885
378.0	177.266
380.0	186.882
382.0	196.962
384.0	186.431
386.0	179.41
388.0	180.701
390.0	187.905
392.0	177.243
394.0	182.578
396.0	202.331
398.0	181.883
400.0	193.099
402.0	181.982
404.0	198.493
406.0	193.622
408.0	178.611
410.0	161.053
412.0	175.147
414.0	198.83
416.0	210.702
418.0	194.913
420.0	183.097
422.0	217.944
424.0	184.629
426.0	192.205
428.0	176.406
430.0	186.534
432.0	182.113
434.0	176.626
436.0	178.88
438.0	177.717
440.0	178.089
442.0	173.557
444.0	176.226
446.0	179.946
448.0	192.701
450.0	173.791
452.0	178.884
454.0	177.358
456.0	224.009
458.0	183.428
460.0	179.968
462.0	185.869
464.0	176.981
466.0	183.93
468.0	166.124
470.0	173.547
472.0	176.515
474.0	188.432
476.0	188.013
478.0	174.17
480.0	175.979
482.0	192.887
484.0	177.296
486.0	178.037
488.0	175.293
490.0	177.431
492.0	172.879
494.0	188.254
496.0	194.5
498.0	182.516
500.0	176.661
502.0	214.231
504.0	176.55
506.0	174.554
508.0	176.47
510.0	183.518
512.0	182.537
514.0	187.295
516.0	176.418
518.0	190.08
520.0	175.126
522.0	185.554
524.0	174.419
526.0	179.474
528.0	179.927
530.0	183.259
532.0	172.531
534.0	174.07
536.0	170.264
538.0	172.673
540.0	182.026
542.0	172.798
544.0	186.352
546.0	174.852
548.0	175.394
550.0	174.09
552.0	171.58
554.0	172.854
556.0	174.371
558.0	175.85
560.0	173.125
562.0	170.681
564.0	175.782
566.0	171.67
568.0	188.319
570.0	175.749
572.0	176.801
574.0	168.42
576.0	172.395
578.0	183.731
580.0	161.389
582.0	178.07
584.0	179.272
586.0	177.529
588.0	149.222
590.0	165.471
592.0	174.653
594.0	168.389
596.0	169.782
598.0	180.86
600.0	170.937
602.0	175.706
604.0	171.669
606.0	170.458
608.0	168.137
610.0	181.703
612.0	178.014
614.0	181.127
616.0	181.259
618.0	173.845
620.0	179.247
622.0	172.061
624.0	172.764
626.0	171.189
628.0	180.01
630.0	176.871
632.0	150.446
634.0	146.327
636.0	145.562
638.0	144.003
640.0	143.882
642.0	164.199
644.0	163.995
646.0	172.834
648.0	174.626
650.0	178.193
652.0	149.033
654.0	151.874
656.0	144.969
658.0	167.018
660.0	144.056
662.0	159.272
664.0	162.667
666.0	171.525
668.0	166.882
670.0	170.194
672.0	143.981
674.0	145.131
676.0	143.697
678.0	153.319
680.0	177.015
682.0	152.282
684.0	147.623
686.0	166.77
688.0	174.435
690.0	148.775
692.0	162.823
694.0	145.525
696.0	172.657
698.0	142.732
700.0	147.53
702.0	171.273
704.0	167.693
706.0	165.452
708.0	164.969
710.0	173.339
712.0	157.928
714.0	144.141
716.0	147.568
718.0	143.375
720.0	160.466
722.0	168.442
724.0	148.326
726.0	171.524
728.0	157.459
730.0	167.477
732.0	167.915
734.0	142.657
736.0	143.643
738.0	142.632
740.0	143.155
742.0	150.611
744.0	146.84
746.0	146.51
748.0	162.888
750.0	166.97
752.0	171.543
754.0	169.707
756.0	176.011
758.0	142.581
760.0	142.391
762.0	148.281
764.0	159.751
766.0	170.471
768.0	146.131
770.0	159.123
772.0	158.278
774.0	172.886
776.0	163.469
778.0	149.899
780.0	156.476
782.0	142.529
784.0	143.037
786.0	149.264
788.0	145.151
790.0	157.295
792.0	168.674
794.0	165.262
796.0	159.107
798.0	165.653
800.0	144.07
802.0	148.902
804.0	150.317
806.0	151.999
808.0	156.997
810.0	157.827
812.0	164.22
814.0	167.851
816.0	162.07
818.0	172.812
820.0	157.808
822.0	158.747
824.0	142.912
826.0	158.595
828.0	158.206
830.0	159.438
832.0	161.961
834.0	162.638
836.0	163.925
838.0	153.804
840.0	158.658
842.0	158.093
844.0	151.568
846.0	136.656
848.0	152.606
850.0	149.403
852.0	153.134
854.0	148.739
856.0	163.382
858.0	156.994
860.0	165.882
862.0	143.542
864.0	165.443
866.0	149.956
868.0	156.534
870.0	153.661
872.0	145.828
874.0	148.596
876.0	151.898
878.0	159.358
880.0	166.069
882.0	155.219
884.0	166.048
886.0	141.891
888.0	141.601
890.0	142.138
892.0	136.899
894.0	141.681
896.0	155.517
898.0	149.154
900.0	164.027
902.0	161.2
904.0	151.847
906.0	158.214
908.0	141.653
910.0	142.227
912.0	141.829
914.0	155.258
916.0	153.407
918.0	141.584
920.0	141.854
922.0	126.228
924.0	131.795
926.0	169.712
928.0	170.003
930.0	160.691
932.0	168.223
934.0	169.543
936.0	176.487
938.0	173.679
940.0	125.4
942.0	118.277
944.0	169.112
946.0	162.405
948.0	161.892
950.0	145.948
952.0	145.337
954.0	141.382
956.0	140.915
958.0	147.117
960.0	149.656
962.0	161.078
964.0	159.857
966.0	155.175
968.0	130.748
970.0	171.94
972.0	153.925
974.0	143.637
976.0	153.97
978.0	145.469
980.0	139.17
982.0	135.97
984.0	108.899
986.0	148.414
988.0	172.562
990.0	169.776
992.0	169.79
994.0	166.245
996.0	131.002
998.0	143.128
1000.0	146.812
1002.0	143.157
1004.0	148.157
1006.0	152.037
1008.0	152.262
1010.0	153.523
1012.0	160.33
1014.0	157.446
1016.0	133.584
1018.0	145.318
1020.0	147.763
1022.0	134.552
1024.0	146.31
1026.0	146.203
1028.0	147.342
1030.0	159.57
1032.0	158.028
1034.0	159.025
1036.0	154.778
1038.0	113.857
1040.0	171.457
1042.0	176.594
1044.0	144.592
1046.0	142.61
1048.0	141.916
1050.0	147.288
1052.0	154.529
1054.0	154.041
1056.0	161.464
1058.0	161.415
1060.0	153.768
1062.0	156.339
1064.0	150.383
1066.0	156.054
1068.0	150.62
1070.0	147.454
1072.0	157.338
1074.0	117.628
1076.0	169.989
1078.0	169.653
1080.0	174.112
1082.0	93.416
1084.0	141.89
1086.0	176.887
1088.0	146.254
1090.0	153.277
1092.0	150.124
1094.0	152.293
1096.0	153.831
1098.0	153.157
1100.0	156.793
1102.0	152.756
1104.0	142.232
1106.0	142.498
1108.0	139.172
1110.0	145.51
1112.0	156.1
1114.0	151.816
1116.0	154.398
1118.0	147.84
1120.0	153.67
1122.0	157.202
1124.0	153.14
1126.0	139.083
1128.0	135.546
1130.0	153.223
1132.0	151.277
1134.0	155.363
1136.0	146.951
1138.0	157.204
1140.0	149.619
1142.0	154.551
1144.0	157.169
1146.0	158.356
1148.0	144.973
1150.0	144.503
1152.0	145.046
1154.0	147.905
1156.0	146.308
1158.0	143.193
1160.0	152.708
1162.0	156.254
1164.0	147.989
1166.0	160.044
1168.0	145.344
1170.0	146.144
1172.0	148.088
1174.0	143.836
1176.0	150.021
1178.0	154.483
1180.0	151.841
1182.0	155.753
1184.0	152.143
1186.0	159.967
1188.0	156.933
1190.0	154.42
1192.0	141.874
1194.0	137.769
1196.0	136.143
1198.0	159.034
1200.0	134.528
