 3512
 3567
 3674
 3705
 3706
 3742
 3755
 3758
 3827
 3832
 3837
 3844
 3848
 3849
 3855
 3872
 3887
 3889
 3890
 3895
 3899
 3901
 3901
 3906
 3911
 3917
 3922
 3932
 3933
 3950
 3959
 3960
 3963
 3966
 3984
 3999
 4015
 4026
 4035
 4042
 4064
 4078
 4084
 4092
 4096
 4096
 4110
 4118
 4123
 4124
 4129
 4151
 4155
 4158
 4174
 4178
 4191
 4191
 4194
 4203
 4206
 4215
 4215
 4217
 4225
 4227
 4233
 4234
 4238
 4239
 4248
 4250
 4254
 4260
 4263
 4266
 4270
 4272
 4273
 4280
 4281
 4282
 4293
 4297
 4301
 4304
 4310
 4311
 4314
 4316
 4319
 4320
 4331
 4339
 4345
 4349
 4350
 4353
 4357
 4359
 4361
 4367
 4370
 4374
 4378
 4379
 4384
 4389
 4390
 4391
 4395
 4404
 4406
 4408
 4417
 4420
 4447
 4451
 4458
 4464
 4474
 4493
 4494
 4496
 4503
 4504
 4508
 4513
 4514
 4515
 4530
 4542
 4549
 4557
 4566
 4594
 4613
 4615
 4615
 4618
 4622
 4632
 4636
 4643
 4647
 4653
 4657
 4659
 4664
 4668
 4668
 4670
 4673
 4673
 4680
 4689
 4697
 4728
 4732
 4757
 4766
 4771
 4779
 4788
 4796
 4805
 4819
 4852
 4857
 4870
 4876
 4891
 4903
 4916
 4929
 4931
 4952
 4985
 5030
 5038
 5041
 5045
 5050
 5065
 5067
 5075
 5080
 5093
 5093
 5106
 5110
 5118
 5122
 5142
 5166
 5171
 5172
 5178
 5183
 5188
 5190
 5193
 5197
 5206
 5207
 5207
 5211
 5216
 5219
 5224
 5228
 5229
 5245
 5245
 5248
 5260
 5270
 5277
 5283
 5286
 5286
 5287
 5290
 5292
 5298
 5301
 5306
 5307
 5309
 5318
 5319
 5320
 5325
 5328
 5337
 5342
 5343
 5344
 5344
 5347
 5356
 5358
 5363
 5364
 5366
 5367
 5368
 5368
 5376
 5378
 5378
 5382
 5384
 5384
 5386
 5390
 5390
 5391
 5391
 5392
 5393
 5394
 5395
 5398
 5407
 5416
 5418
 5419
 5421
 5428
 5434
 5435
 5438
 5442
 5448
 5452
 5455
 5458
 5461
 5461
 5463
 5464
 5470
 5471
 5474
 5481
 5482
 5486
 5487
 5491
 5497
 5503
 5503
 5509
 5512
 5514
 5514
 5515
 5515
 5516
 5517
 5517
 5521
 5529
 5541
 5544
 5553
 5553
 5554
 5556
 5557
 5557
 5558
 5559
 5565
 5567
 5578
 5581
 5591
 5592
 5599
 5600
 5610
 5611
 5615
 5615
 5617
 5619
 5619
 5621
 5626
 5643
 5655
 5663
 5664
 5667
 5673
 5683
 5684
 5695
 5695
 5700
 5711
 5717
 5717
 5722
 5744
 5744
 5749
 5753
 5753
 5757
 5765
 5767
 5771
 5772
 5773
 5776
 5789
 5816
 5816
 5822
 5822
 5822
 5829
 5849
 5867
 5874
 5876
 5883
 5898
 5899
 5902
 5906
 5922
 5930
 5936
 5937
 5937
 5950
 5956
 5960
 5965
 5980
 5984
 5984
 5987
 5994
 6000
 6004
 6005
 6012
 6014
 6014
 6024
 6033
 6046
 6048
 6049
 6049
 6055
 6058
 6058
 6060
 6063
 6063
 6072
 6080
 6083
 6086
 6086
 6091
 6093
 6094
 6096
 6097
 6102
 6102
 6116
 6119
 6122
 6125
 6128
 6144
 6148
 6148
 6159
 6162
 6166
 6169
 6172
 6182
 6196
 6200
 6200
 6207
 6213
 6218
 6222
 6224
 6224
 6228
 6231
 6231
 6235
 6236
 6237
 6241
 6252
 6257
 6271
 6272
 6276
 6279
 6291
 6294
 6295
 6295
 6302
 6302
 6302
 6307
 6312
 6313
 6315
 6315
 6317
 6323
 6362
 6362
 6377
 6383
 6383
 6387
 6392
 6396
 6396
 6397
 6409
 6411
 6421
 6426
 6428
 6435
 6441
 6447
 6449
 6450
 6451
 6455
 6468
 6474
 6475
 6482
 6488
 6491
 6493
 6499
 6500
 6502
 6503
 6505
 6510
 6524
 6524
 6524
 6533
 6541
 6545
 6562
 6562
 6563
 6574
 6575
 6584
 6585
 6592
 6594
 6595
 6595
 6598
 6599
 6601
 6601
 6606
 6607
 6607
 6609
 6622
 6625
 6642
 6656
 6662
 6665
 6668
 6669
 6670
 6677
 6680
 6694
 6696
 6698
 6701
 6705
 6708
 6709
 6710
 6712
 6714
 6720
 6722
 6727
 6735
 6738
 6740
 6741
 6742
 6749
 6757
 6758
 6762
 6764
 6765
 6773
 6776
 6777
 6777
 6778
 6783
 6787
 6793
 6800
 6825
 6896
 6912
 6913
 6988
 7025
 7042
 7074
 7077
 7092
 7161
 7172
 7188
 7284
 7296
 7367
 7373
 7484
 7492
 7523
 7678
 7702
 7927
 8208
 8228
 8507
 8970
 10541
