# timestamp	command count (MB)\n
-10.3907 0
-2.15865 0
-0.599807 0
4.16656 0
5.16538 0
6.16477 0
7.16478 0
8.16401 0
9.16403 0
10.1639 0
11.1783 0
12.318 0
13.4306 0
14.4269 0
15.4266 0
18.0434 0
19.1543 0
20.1537 0
21.1538 0
23.5763 0
24.5731 0
25.5734 0
26.5733 0
28.8142 0
29.813 0
30.9039 0
31.9003 0
32.9082 0
34.2071 0
35.4915 0
37.1454 0
38.3944 0
39.6805 0
40.9422 0
41.9435 0
44.2613 0
45.2595 0
46.3202 0
47.319 0
48.3193 0
50.427 0
51.7565 0
52.7552 0
53.7545 0
55.9192 0
56.9183 0
58.1335 0
59.135 0
60.2874 0
61.2911 0
62.3589 0
63.3636 0
64.7308 0
65.7314 0
66.7315 0
67.7356 0
68.7402 0
71.1472 0
72.148 0
73.1522 0
74.1564 0
76.8049 0
77.8856 0
78.8887 0
79.893 0
80.897 0
81.9012 0
82.9057 0
85.3525 0
86.3537 0
87.5976 0
88.6011 0
89.6291 0
90.6332 0
92.9372 0
93.9373 0
95.0158 0
96.0176 0
97.0216 0
98.0254 0
99.0452 0
100.045 0
103.014 0
104.017 0
105.284 0
106.286 0
107.29 0
109.535 0
110.538 0
111.817 0
112.814 0
113.814 0
114.813 0
115.814 0
118.029 0
119.026 0
120.3 0
121.298 0
122.298 0
123.298 0
124.297 0
126.956 0
127.983 0
129.148 0
130.145 0
131.423 0
132.422 0
133.421 0
134.421 0
136.28 0
137.278 0
138.278 0
139.277 0
140.278 0
142.174 0
143.173 0
144.173 0
145.173 0
146.218 0
147.217 0
148.277 0
149.277 0
150.776 0
151.773 0
152.799 0
153.797 0
154.797 0
155.797 0
157.796 0
158.793 0
159.793 0
160.793 0
162.978 0
163.977 0
164.977 0
166.061 0
167.061 0
168.061 0
169.06 0
171.721 0
172.721 0
173.845 0
174.844 0
175.845 0
176.845 0
179.061 0
180.06 0
181.06 0
182.06 0
183.06 0
184.803 0
185.8 0
186.8 0
187.8 0
188.812 0
189.812 0
190.812 0
191.812 0
192.812 0
193.813 0
194.812 0
195.812 0
196.812 0
199.946 0
200.944 0
201.944 0
203 0
205.592 0
206.656 0
207.808 0
209.069 0
210.299 0
211.514 0
212.512 0
213.511 0
214.512 0
215.511 0
216.512 0
217.511 0
218.511 0
221.05 0
222.047 0
223.047 0
224.048 0
227.023 0
228.023 0
229.023 0
230.023 0
231.023 0
233.214 0
234.211 0
235.212 0
236.29 0
237.287 0
238.287 0
240.319 0
241.319 0
242.319 0
243.353 0
244.351 0
245.351 0
246.351 0
247.351 0
248.352 0
251.728 0
252.727 0
253.749 0
254.746 0
255.749 0
258.155 0
259.154 0
260.184 0
261.182 0
262.204 0
263.202 0
264.203 0
265.202 0
266.202 0
267.202 0
269.203 0
270.202 0
271.202 0
272.202 0
275.196 0
276.194 0
277.194 0
278.194 0
281.173 0
282.169 0
283.17 0
284.169 0
286.982 0
287.981 0
289.695 0
290.694 0
291.694 0
292.723 0
293.76 0
294.757 0
297.328 0
298.326 0
299.325 0
300.366 0
301.365 0
302.365 0
303.432 0
304.442 0
307.656 0
308.653 0
310.072 0
311.069 0
312.224 0
313.221 0
314.307 0
315.305 78
317.417 191
318.417 313
319.416 257
320.417 366
321.416 293
322.416 373
323.417 300
324.797 40
325.797 312
326.796 268
327.796 289
328.797 390
329.797 285
330.797 395
332.44 75
333.44 265
334.441 217
335.444 253
336.444 241
337.444 314
338.444 241
339.445 307
340.444 233
341.444 284
342.445 305
343.444 239
344.445 299
345.444 232
346.443 304
347.444 259
348.448 299
349.447 281
350.448 199
351.447 282
354.442 200
355.441 278
356.44 253
357.44 320
358.452 165
359.451 208
360.465 317
361.463 255
362.464 325
363.463 154
364.463 289
365.464 288
366.464 328
367.464 228
368.463 319
369.463 245
370.463 320
372.143 203
373.143 290
374.143 211
375.143 308
376.143 318
377.143 239
378.144 317
379.142 238
380.143 308
381.143 102
382.144 286
383.142 238
384.147 288
385.147 269
386.147 280
387.147 324
388.146 279
389.146 315
390.194 185
391.191 326
392.193 346
393.191 241
394.19 334
395.347 49
396.346 326
397.346 274
398.346 312
399.346 141
400.346 276
401.347 303
402.356 349
403.354 315
404.354 334
405.358 439
406.358 282
407.358 124
408.358 323
409.358 298
410.358 279
411.358 334
412.358 258
413.384 333
415.346 175
416.345 395
417.345 455
418.346 343
419.345 406
420.345 256
422.572 337
423.569 274
424.569 268
425.57 332
426.574 209
427.573 243
428.573 355
429.573 170
430.573 356
431.573 291
432.573 298
433.573 329
434.573 336
435.58 326
436.578 300
437.624 340
438.621 294
439.716 358
440.723 290
441.721 330
442.725 388
443.725 253
444.725 367
445.725 240
446.725 353
448.042 225
449.042 351
450.04 367
451.04 242
452.042 358
453.04 264
454.04 363
455.998 185
456.996 327
457.996 255
458.996 360
459.996 267
460.998 360
461.996 278
462.998 296
463.996 301
464.995 353
465.997 225
466.996 287
467.999 283
469 355
470.089 377
471.087 293
472.095 371
473.297 197
474.295 378
475.295 240
476.329 330
477.327 295
478.328 321
479.329 342
480.328 373
481.327 179
482.328 323
483.364 356
484.364 319
485.384 328
486.403 386
487.399 333
488.399 400
489.399 246
490.399 383
491.4 298
492.399 376
493.4 316
494.434 355
495.431 484
496.439 385
497.439 439
498.438 288
499.439 367
500.438 281
502.29 296
503.287 345
504.287 346
505.287 388
506.287 286
507.287 394
508.287 299
509.287 296
510.286 367
511.287 337
512.287 267
513.286 322
514.423 365
515.422 345
516.46 445
517.459 94
518.458 397
519.458 313
520.458 390
521.458 339
522.458 281
523.458 374
524.459 361
525.697 323
526.697 329
527.693 260
528.693 414
529.695 324
530.694 257
531.696 392
532.693 382
533.695 350
534.694 386
535.693 342
536.693 458
537.694 288
538.695 355
539.694 400
540.695 293
541.693 395
542.693 380
543.707 411
544.706 250
545.707 387
546.705 372
547.705 388
548.705 377
549.706 453
550.705 321
551.706 354
552.705 385
553.705 385
554.706 398
555.705 386
556.705 385
557.708 406
558.712 396
559.708 384
560.709 393
561.709 378
562.709 406
563.708 384
564.708 445
565.711 418
566.709 336
567.708 243
568.708 406
569.708 401
570.71 399
571.723 411
572.721 387
573.72 358
574.72 393
575.721 399
576.721 406
577.725 326
578.725 391
579.725 385
580.724 338
581.725 405
582.724 347
583.732 355
584.731 411
585.736 394
586.737 457
587.736 309
588.737 410
589.735 409
590.736 399
591.736 394
592.737 328
593.737 395
594.736 413
595.74 408
596.914 410
597.913 395
598.912 382
599.912 410
600.912 396
601.912 394
602.911 353
603.912 401
604.911 416
605.912 417
606.912 377
607.911 383
608.921 419
609.919 430
610.919 261
611.919 414
612.92 283
613.918 418
614.919 393
616.119 430
617.12 392
618.119 401
619.119 334
620.118 347
621.118 385
622.119 389
623.118 421
624.119 406
625.12 416
626.12 418
627.163 357
628.183 431
629.183 395
630.182 279
631.182 325
632.183 369
633.182 431
634.182 373
635.451 454
636.53 402
637.671 436
638.692 415
639.773 424
640.79 394
641.791 429
642.791 383
643.789 418
644.79 421
645.79 411
646.79 403
647.791 412
648.79 374
649.789 423
650.79 355
651.789 438
652.956 445
653.954 406
654.953 346
655.953 314
656.954 434
657.953 353
658.953 376
660.02 424
661.109 442
662.109 427
663.109 366
664.109 419
665.109 363
666.109 436
667.109 424
668.128 456
669.125 441
670.125 392
671.125 309
672.125 295
673.124 372
674.209 417
675.214 419
676.214 344
677.212 352
678.213 419
679.213 415
680.213 352
681.213 363
682.228 399
683.254 455
684.3 427
685.333 462
686.336 393
687.336 435
688.368 456
689.411 414
690.409 427
691.41 376
692.408 325
693.409 335
694.412 428
695.429 422
696.675 465
697.672 407
698.672 344
699.673 426
700.672 437
701.672 433
702.677 424
703.676 412
704.677 426
705.676 413
706.675 415
707.676 430
708.675 439
709.676 423
710.676 423
711.675 371
712.817 446
713.816 417
714.817 359
715.816 347
716.816 337
717.815 368
718.815 450
719.865 423
720.863 411
721.864 431
722.863 374
723.864 440
724.863 437
725.864 405
726.863 420
727.863 390
728.863 451
729.863 435
730.864 402
731.867 377
732.866 405
733.867 437
734.866 295
735.867 374
736.866 301
737.963 431
738.967 442
739.966 442
740.967 427
741.966 372
742.968 374
743.968 376
744.967 382
745.968 405
746.967 444
747.967 411
748.968 449
749.973 438
750.97 476
751.97 410
752.97 428
753.97 460
754.971 444
755.97 346
756.97 442
758.055 439
759.053 428
760.054 358
761.054 362
762.053 395
763.054 416
764.054 450
765.053 436
766.053 422
767.135 476
768.134 404
769.134 408
770.133 428
771.133 412
772.134 439
773.134 445
774.134 439
775.134 452
776.133 424
777.133 358
778.133 467
779.389 471
780.389 423
781.39 361
782.389 359
783.389 453
784.389 351
785.389 418
786.404 455
787.405 422
788.405 389
789.407 443
790.406 417
791.405 453
792.404 444
793.405 430
794.406 461
795.406 447
796.406 448
797.404 419
798.569 472
799.57 430
800.568 451
801.568 381
802.568 342
803.569 406
804.57 453
805.568 393
806.584 431
807.59 455
808.589 435
809.588 435
810.589 419
811.588 438
812.588 444
813.589 424
814.589 452
815.59 458
816.588 455
817.592 427
818.592 469
819.63 494
820.627 448
821.627 324
822.629 472
823.629 378
824.628 393
825.627 443
826.678 447
827.678 448
828.678 467
829.675 424
830.676 444
831.675 446
832.675 461
833.676 440
834.675 445
835.675 436
836.675 470
837.675 463
838.676 391
839.696 444
840.712 508
841.711 406
842.711 347
843.712 465
844.712 361
845.711 406
846.791 437
847.791 471
848.791 421
849.791 395
850.791 434
851.792 389
852.791 419
853.79 473
854.792 445
855.79 455
856.79 451
857.791 486
858.79 453
859.79 460
860.791 412
861.791 385
862.791 456
863.79 442
864.791 450
865.917 472
866.915 448
867.915 459
868.915 449
869.914 400
870.915 410
871.914 411
872.914 417
873.952 432
875.05 522
876.05 462
877.05 419
878.05 469
879.051 427
880.051 471
881.049 455
882.05 437
883.049 456
884.084 440
885.337 491
886.334 426
887.333 352
888.333 470
889.333 345
890.333 408
891.333 488
892.401 458
893.403 445
894.402 400
895.402 469
896.401 444
897.401 409
898.401 489
899.402 436
900.402 455
901.402 470
902.401 480
903.401 467
904.401 433
905.401 460
906.443 400
907.634 511
908.632 437
909.633 374
910.633 376
911.633 467
912.633 404
913.632 488
914.637 448
915.677 424
916.676 466
917.677 384
918.676 438
919.676 434
920.677 431
921.677 432
922.677 489
923.677 499
924.677 439
925.676 452
926.677 447
927.678 445
928.677 405
929.676 473
930.704 478
931.705 466
932.705 453
933.705 467
934.705 444
935.704 356
936.704 456
937.712 392
938.727 453
939.728 466
940.728 468
941.728 491
942.727 480
943.728 441
944.728 460
945.728 463
946.727 467
947.727 472
948.728 389
949.727 492
950.881 475
951.879 470
952.879 366
953.881 435
954.883 351
955.887 435
956.931 446
957.933 516
958.939 445
959.942 420
960.946 461
961.95 473
962.954 464
963.96 454
964.965 467
965.968 476
966.969 500
967.973 481
968.977 460
969.981 430
970.986 399
971.99 379
973.014 511
974.02 468
975.024 398
976.028 468
977.028 383
978.033 459
979.037 404
980.041 455
981.149 501
982.153 455
983.158 421
984.162 418
985.168 487
986.171 474
987.175 463
988.18 454
989.18 480
990.184 502
991.195 479
992.197 450
993.202 411
994.206 372
995.21 386
996.215 481
997.31 460
998.315 485
999.319 450
1000.32 431
1001.33 394
1002.33 445
1003.33 444
1004.34 419
1005.34 476
1006.34 453
1007.35 455
1008.4 516
1009.41 457
1010.41 420
1011.42 504
1012.42 469
1013.43 491
1014.46 470
1015.46 451
1016.46 388
1017.47 405
1018.47 473
1019.48 396
1020.48 428
1021.54 496
1022.54 431
1023.54 397
1024.55 469
1025.55 427
1026.55 438
1027.56 464
1028.56 485
1029.57 469
1030.57 452
1031.58 468
1032.58 492
1033.58 484
1034.61 485
1035.65 487
1036.65 458
1037.65 449
1038.66 459
1039.66 479
1040.67 476
1041.67 465
1042.68 404
1043.68 454
1044.81 486
1045.96 487
1046.96 492
1047.96 392
1048.97 434
1049.97 448
1050.97 438
1051.98 472
1052.98 484
1053.99 484
1054.99 496
1055.99 502
1057 480
1058 474
1059.01 471
1060.01 481
1061.01 465
1062.02 474
1063.02 471
1064.03 467
1065.03 458
1066.03 473
1067.04 445
1068.04 466
1069.05 421
1070.05 483
1071.05 455
1072.06 470
1073.06 486
1074.06 510
1075.07 503
1076.07 425
1077.08 478
1078.08 482
1079.09 474
1080.09 430
1081.27 518
1082.4 517
1083.4 467
1084.41 463
1085.41 372
1086.41 432
1087.42 395
1088.42 474
1089.44 461
1090.44 476
1091.47 488
1092.47 457
1093.48 458
1094.48 500
1095.48 474
1096.48 487
1097.49 442
1098.49 497
1099.5 494
1100.5 472
1101.5 489
1102.51 430
1103.51 379
1104.52 443
1105.52 457
1106.53 518
1107.53 352
1108.53 489
1109.54 424
1110.54 428
1111.55 486
1112.55 463
1113.55 489
1114.56 454
1115.57 485
1116.57 470
1117.58 483
1118.58 447
1119.58 482
1120.59 480
1121.59 498
1122.6 488
1123.6 430
1124.6 425
1125.6 413
1126.63 462
1127.63 460
1128.63 442
1129.64 481
1130.64 447
1131.64 447
1132.65 493
1133.65 494
1134.66 422
1135.66 485
1136.67 475
1137.67 496
1138.67 469
1139.71 518
1140.71 454
1141.72 485
1142.72 484
1143.73 470
1144.73 479
1145.73 482
1146.74 483
1147.74 419
1148.75 413
1149.78 496
1150.79 508
1151.79 401
1152.8 489
1153.8 441
1154.8 397
1155.81 482
1156.82 428
1157.82 461
1158.82 493
1159.83 489
1160.84 469
1161.84 466
1162.84 476
1163.84 481
1164.85 473
1165.85 481
1166.86 493
1167.86 442
1168.86 452
1169.87 433
1170.87 507
1171.99 487
1172.99 487
1174 460
1175 421
1176.01 481
1177.01 481
1178.01 467
1179.02 485
1180.02 467
1181.03 472
1182.03 483
1183.04 482
1184.04 483
1185.08 481
1186.11 519
1187.11 517
1188.12 479
1189.12 466
1190.12 470
1191.13 441
1192.13 396
1193.13 428
1194.21 465
1195.21 499
1196.22 416
1197.22 487
1198.23 487
1199.23 420
1200.24 401
