# timestamp	memory footprint (MB)\n
-10.3907 0
-2.15865 0
-0.599804 0
4.16657 0
5.16539 0
6.16478 0
7.16478 0
8.16402 0
9.16404 0
10.1639 0
11.1783 0
12.318 0
13.4306 0
14.4269 0
15.4266 0
18.0434 0
19.1543 0
20.1537 0
21.1538 0
23.5763 0
24.5731 0
25.5734 0
26.5733 0
28.8142 0
29.813 0
30.9039 0
31.9004 0
32.9082 0
34.2071 0
35.4915 0
37.1454 0
38.3944 0
39.6805 0
40.9422 0
41.9436 0
44.2613 0
45.2595 0
46.3202 0
47.319 0
48.3193 0
50.427 0
51.7565 0
52.7552 0
53.7545 0
55.9192 0
56.9183 0
58.1335 0
59.135 0
60.2875 0
61.2911 0
62.3589 0
63.3636 0
64.7308 0
65.7314 0
66.7315 0
67.7356 0
68.7402 0
71.1472 0
72.148 0
73.1522 0
74.1564 0
76.8049 0
77.8856 0
78.8887 0
79.893 0
80.897 0
81.9012 0
82.9057 0
85.3525 0
86.3537 0
87.5976 0
88.6011 0
89.6291 0
90.6332 0
92.9372 0
93.9373 0
95.0158 0
96.0176 0
97.0216 0
98.0255 0
99.0452 0
100.045 0
103.014 0
104.017 0
105.284 0
106.286 0
107.29 0
109.535 0
110.538 0
111.817 0
112.814 0
113.814 0
114.813 0
115.814 0
118.029 0
119.026 0
120.3 0
121.298 0
122.298 0
123.298 0
124.297 0
126.956 0
127.983 0
129.148 0
130.145 0
131.423 0
132.422 0
133.421 0
134.421 0
136.28 0
137.278 0
138.278 0
139.277 0
140.278 0
142.174 0
143.173 0
144.173 0
145.173 0
146.218 0
147.217 0
148.277 0
149.277 0
150.776 0
151.773 0
152.799 0
153.797 0
154.797 0
155.797 0
157.796 0
158.793 0
159.793 0
160.793 0
162.978 0
163.977 0
164.977 0
166.061 0
167.061 0
168.061 0
169.06 0
171.721 0
172.721 0
173.845 0
174.844 0
175.845 0
176.845 0
179.061 0
180.06 0
181.06 0
182.06 0
183.06 0
184.803 0
185.8 0
186.8 0
187.8 0
188.812 0
189.812 0
190.812 0
191.812 0
192.812 0
193.813 0
194.812 0
195.812 0
196.812 0
199.946 0
200.944 0
201.944 0
203 0
205.592 0
206.656 0
207.808 0
209.069 0
210.299 0
211.514 0
212.512 0
213.511 0
214.512 0
215.511 0
216.512 0
217.511 0
218.511 0
221.05 0
222.047 0
223.047 0
224.048 0
227.023 0
228.023 0
229.023 0
230.023 0
231.023 0
233.214 0
234.211 0
235.212 0
236.29 0
237.287 0
238.287 0
240.319 0
241.319 0
242.319 0
243.353 0
244.351 0
245.351 0
246.351 0
247.351 0
248.352 0
251.728 0
252.727 0
253.749 0
254.746 0
255.749 0
258.155 0
259.154 0
260.184 0
261.182 0
262.204 0
263.202 0
264.203 0
265.202 0
266.202 0
267.202 0
269.203 0
270.202 0
271.202 0
272.202 0
275.196 0
276.194 0
277.194 0
278.194 0
281.173 0
282.169 0
283.17 0
284.169 0
286.982 0
287.981 0
289.695 0
290.694 0
291.694 0
292.723 0
293.76 0
294.757 0
297.328 0
298.326 0
299.325 0
300.366 0
301.365 0
302.365 0
303.432 0
304.442 0
307.656 0
308.653 0
310.072 0
311.069 0
312.224 0
313.221 0
314.307 0
315.305 0
317.417 0
318.417 2
319.416 1
320.417 2
321.416 4
322.416 3
323.417 1
324.797 1
325.797 2
326.796 1
327.796 0
328.797 3
329.797 1
330.797 3
332.44 0
333.44 1
334.441 0
335.444 2
336.444 1
337.444 3
338.444 1
339.445 3
340.444 1
341.444 1
342.445 3
343.444 0
344.445 2
345.444 4
346.443 2
347.444 4
348.448 2
349.447 4
350.448 1
351.447 3
354.442 0
355.441 1
356.44 1
357.44 3
358.452 4
359.451 1
360.465 4
361.463 1
362.464 3
363.463 0
364.463 2
365.464 1
366.464 4
367.464 1
368.463 3
369.463 1
370.463 3
372.143 1
373.143 1
374.143 0
375.143 1
376.143 3
377.143 1
378.144 3
379.142 0
380.143 0
381.143 1
382.144 1
383.142 0
384.147 2
385.147 1
386.147 1
387.147 4
388.146 1
389.146 3
390.194 0
391.191 2
392.193 4
393.191 2
394.19 4
395.347 0
396.346 2
397.346 4
398.346 2
399.346 3
400.346 2
401.347 2
402.356 4
403.354 2
404.354 4
405.358 3
406.358 2
407.358 3
408.358 2
409.358 4
410.358 2
411.358 4
412.358 2
413.384 4
415.346 1
416.345 2
417.345 3
418.346 1
419.345 4
420.345 1
422.572 3
423.569 1
424.569 1
425.57 3
426.574 4
427.573 2
428.573 4
429.573 1
430.573 3
431.573 1
432.573 0
433.573 2
434.573 2
435.58 4
436.578 2
437.624 4
438.621 2
439.716 4
440.723 2
441.721 2
442.725 4
443.725 2
444.725 4
445.725 1
446.725 4
448.042 1
449.042 2
450.04 4
451.04 1
452.042 4
453.04 1
454.04 4
455.998 0
456.996 2
457.996 1
458.996 3
459.996 1
460.998 3
461.996 0
462.998 3
463.996 5
464.995 2
465.997 1
466.996 0
467.999 2
469 2
470.089 5
471.087 2
472.095 5
473.297 1
474.295 4
475.295 1
476.329 2
477.327 2
478.328 1
479.329 1
480.328 4
481.327 5
482.328 2
483.364 5
484.364 2
485.384 1
486.403 2
487.399 2
488.399 5
489.399 2
490.399 4
491.4 1
492.399 4
493.4 1
494.434 4
495.431 3
496.439 1
497.439 4
498.438 1
499.439 3
500.438 5
502.29 2
503.287 2
504.287 1
505.287 4
506.287 1
507.287 4
508.287 1
509.287 3
510.286 5
511.287 2
512.287 0
513.286 0
514.423 3
515.422 2
516.46 5
517.459 1
518.458 4
519.458 6
520.458 3
521.458 2
522.458 1
523.458 1
524.459 1
525.697 4
526.697 2
527.693 1
528.693 1
529.695 1
530.694 3
531.696 3
532.693 2
533.695 2
534.694 2
535.693 2
536.693 2
537.694 2
538.695 1
539.694 1
540.695 0
541.693 3
542.693 3
543.707 3
544.706 1
545.707 1
546.705 1
547.705 1
548.705 1
549.706 2
550.705 2
551.706 1
552.705 1
553.705 1
554.706 1
555.705 1
556.705 3
557.708 3
558.712 3
559.708 2
560.709 2
561.709 0
562.709 0
563.708 3
564.708 3
565.711 4
566.709 3
567.708 1
568.708 1
569.708 0
570.71 3
571.723 3
572.721 3
573.72 2
574.72 1
575.721 1
576.721 1
577.725 3
578.725 2
579.725 2
580.724 1
581.725 1
582.724 0
583.732 3
584.731 3
585.736 2
586.737 2
587.736 2
588.737 1
589.735 2
590.736 2
591.736 2
592.737 1
593.737 1
594.736 0
595.74 2
596.914 3
597.913 2
598.912 2
599.912 2
600.912 1
601.912 1
602.911 1
603.912 0
604.911 1
605.912 1
606.912 0
607.911 3
608.921 3
609.919 3
610.919 1
611.919 1
612.92 3
613.918 3
614.919 3
616.119 3
617.12 2
618.119 2
619.119 2
620.118 1
621.118 1
622.119 0
623.118 1
624.119 1
625.12 1
626.12 1
627.163 3
628.183 3
629.183 2
630.182 1
631.182 1
632.183 0
633.182 0
634.182 3
635.451 3
636.53 3
637.671 3
638.692 3
639.773 3
640.79 3
641.791 3
642.791 2
643.789 2
644.79 2
645.79 2
646.79 1
647.791 1
648.79 1
649.789 1
650.79 3
651.789 3
652.956 3
653.954 3
654.953 2
655.953 1
656.954 1
657.953 0
658.953 3
660.02 3
661.109 3
662.109 3
663.109 2
664.109 2
665.109 0
666.109 3
667.109 3
668.128 3
669.125 3
670.125 2
671.125 1
672.125 0
673.124 3
674.209 3
675.214 3
676.214 2
677.212 1
678.213 1
679.213 1
680.213 1
681.213 3
682.228 3
683.254 3
684.3 3
685.333 3
686.336 1
687.336 3
688.368 3
689.411 3
690.409 3
691.41 2
692.408 1
693.409 0
694.412 2
695.429 3
696.675 3
697.672 3
698.672 2
699.673 2
700.672 2
701.672 1
702.677 1
703.676 1
704.677 1
705.676 1
706.675 0
707.676 1
708.675 1
709.676 1
710.676 1
711.675 3
712.817 3
713.816 3
714.817 2
715.816 1
716.816 0
717.815 3
718.815 3
719.865 3
720.863 3
721.864 2
722.863 2
723.864 2
724.863 2
725.864 1
726.863 1
727.863 1
728.863 1
729.863 1
730.864 1
731.867 0
732.866 3
733.867 3
734.866 1
735.867 1
736.866 3
737.963 3
738.967 3
739.966 3
740.967 3
741.966 2
742.968 2
743.968 1
744.967 1
745.968 1
746.967 0
747.967 0
748.968 0
749.973 0
750.97 2
751.97 2
752.97 1
753.97 2
754.971 1
755.97 0
756.97 3
758.055 3
759.053 3
760.054 2
761.054 1
762.053 1
763.054 0
764.054 0
765.053 0
766.053 3
767.135 3
768.134 3
769.134 2
770.133 2
771.133 2
772.134 2
773.134 2
774.134 1
775.134 1
776.133 1
777.133 3
778.133 3
779.389 3
780.389 3
781.39 2
782.389 1
783.389 1
784.389 0
785.389 3
786.404 3
787.405 3
788.405 2
789.407 2
790.406 2
791.405 2
792.404 2
793.405 1
794.406 1
795.406 1
796.406 0
797.404 3
798.569 3
799.57 3
800.568 3
801.568 2
802.568 1
803.569 1
804.57 1
805.568 3
806.584 3
807.59 3
808.589 3
809.588 2
810.589 2
811.588 2
812.588 2
813.589 2
814.589 0
815.59 0
816.588 0
817.592 2
818.592 3
819.63 3
820.627 3
821.627 2
822.629 2
823.629 1
824.628 0
825.627 3
826.678 3
827.678 3
828.678 3
829.675 2
830.676 2
831.675 2
832.675 2
833.676 2
834.675 1
835.675 1
836.675 1
837.675 1
838.676 4
839.696 3
840.712 3
841.711 3
842.711 2
843.712 2
844.712 1
845.711 4
846.791 3
847.791 3
848.791 3
849.791 2
850.791 2
851.792 1
852.791 1
853.79 1
854.792 0
855.79 0
856.79 0
857.791 2
858.79 2
859.79 2
860.791 1
861.791 1
862.791 1
863.79 0
864.791 3
865.917 3
866.915 3
867.915 3
868.915 2
869.914 2
870.915 1
871.914 1
872.914 3
873.952 3
875.05 3
876.05 3
877.05 3
878.05 2
879.051 1
880.051 1
881.049 1
882.05 1
883.049 0
884.084 3
885.337 3
886.334 3
887.333 2
888.333 2
889.333 1
890.333 4
891.333 3
892.401 3
893.403 3
894.402 2
895.402 2
896.401 2
897.401 1
898.401 1
899.402 1
900.402 1
901.402 2
902.401 2
903.401 1
904.401 1
905.401 0
906.443 3
907.634 3
908.632 3
909.633 2
910.633 1
911.633 1
912.633 0
913.632 0
914.637 2
915.677 3
916.676 3
917.677 2
918.676 2
919.676 2
920.677 1
921.677 1
922.677 1
923.677 2
924.677 1
925.676 1
926.677 1
927.678 1
928.677 0
929.676 3
930.704 3
931.705 3
932.705 3
933.705 2
934.705 2
935.704 1
936.704 1
937.712 0
938.727 3
939.728 3
940.728 3
941.728 3
942.727 3
943.728 2
944.728 2
945.728 1
946.727 1
947.727 1
948.728 3
949.727 3
950.881 3
951.879 3
952.879 2
953.881 1
954.883 1
955.887 3
956.931 3
957.933 3
958.939 3
959.942 2
960.946 2
961.95 2
962.954 2
963.96 2
964.965 2
965.968 2
966.969 3
967.973 2
968.977 2
969.981 2
970.986 1
971.99 3
973.014 3
974.02 3
975.024 2
976.028 2
977.028 1
978.033 1
979.037 0
980.041 3
981.149 4
982.153 3
983.158 3
984.162 2
985.168 2
986.171 2
987.175 2
988.18 0
989.18 3
990.184 4
991.195 3
992.197 3
993.202 2
994.206 1
995.21 0
996.215 4
997.31 3
998.315 3
999.319 3
1000.32 3
1001.33 2
1002.33 1
1003.33 1
1004.34 1
1005.34 0
1006.34 4
1007.35 3
1008.4 3
1009.41 3
1010.41 1
1011.42 1
1012.42 1
1013.43 3
1014.46 3
1015.46 3
1016.46 2
1017.47 1
1018.47 1
1019.48 0
1020.48 3
1021.54 3
1022.54 3
1023.54 2
1024.55 2
1025.55 2
1026.55 1
1027.56 1
1028.56 1
1029.57 1
1030.57 0
1031.58 0
1032.58 2
1033.58 4
1034.61 3
1035.65 3
1036.65 3
1037.65 3
1038.66 2
1039.66 2
1040.67 2
1041.67 1
1042.68 0
1043.68 4
1044.81 3
1045.96 3
1046.96 3
1047.96 2
1048.97 2
1049.97 1
1050.97 1
1051.98 1
1052.98 1
1053.99 1
1054.99 2
1055.99 2
1057 2
1058 2
1059.01 2
1060.01 1
1061.01 1
1062.02 1
1063.02 0
1064.03 3
1065.03 3
1066.03 3
1067.04 2
1068.04 2
1069.05 1
1070.05 1
1071.05 1
1072.06 0
1073.06 4
1074.06 3
1075.07 3
1076.07 1
1077.08 1
1078.08 1
1079.09 0
1080.09 3
1081.27 3
1082.4 3
1083.4 3
1084.41 3
1085.41 2
1086.41 1
1087.42 0
1088.42 4
1089.44 3
1090.44 3
1091.47 3
1092.47 3
1093.48 3
1094.48 3
1095.48 2
1096.48 2
1097.49 2
1098.49 3
1099.5 3
1100.5 2
1101.5 2
1102.51 2
1103.51 1
1104.52 0
1105.52 3
1106.53 4
1107.53 2
1108.53 2
1109.54 2
1110.54 1
1111.55 1
1112.55 1
1113.55 0
1114.56 0
1115.57 2
1116.57 3
1117.58 3
1118.58 3
1119.58 3
1120.59 2
1121.59 2
1122.6 2
1123.6 1
1124.6 1
1125.6 0
1126.63 4
1127.63 3
1128.63 3
1129.64 2
1130.64 2
1131.64 2
1132.65 2
1133.65 1
1134.66 1
1135.66 1
1136.67 0
1137.67 4
1138.67 3
1139.71 3
1140.71 3
1141.72 3
1142.72 2
1143.73 2
1144.73 2
1145.73 2
1146.74 1
1147.74 1
1148.75 4
1149.78 3
1150.79 3
1151.79 2
1152.8 2
1153.8 2
1154.8 1
1155.81 1
1156.82 0
1157.82 3
1158.82 3
1159.83 3
1160.84 3
1161.84 3
1162.84 3
1163.84 2
1164.85 2
1165.85 2
1166.86 2
1167.86 1
1168.86 1
1169.87 0
1170.87 4
1171.99 3
1172.99 3
1174 3
1175 2
1176.01 2
1177.01 2
1178.01 1
1179.02 1
1180.02 1
1181.03 1
1182.03 0
1183.04 0
1184.04 4
1185.08 3
1186.11 3
1187.11 3
1188.12 3
1189.12 3
1190.12 2
1191.13 2
1192.13 1
1193.13 0
1194.21 4
1195.21 3
1196.22 3
1197.22 3
1198.23 2
1199.23 2
