# timestamp	utilization (%) \n
4.31828 0
9.34205 1
18.0745 3
24.2011 5
29.5312 6
35.4956 8
40.947 9
50.9424 12
56.7039 13
64.748 15
71.2175 17
76.8887 18
85.4366 20
92.965 22
98.961 24
104.116 25
110.338 26
118.044 28
127.872 31
134.288 33
139.763 34
144.79 35
150.838 36
157.991 38
163.719 39
171.787 41
179.095 43
185.533 45
192.107 47
200.018 48
206.239 50
211.535 51
217.897 53
223.469 54
229.769 56
234.793 57
240.348 58
246.429 60
251.886 60
259.508 62
264.928 64
270.922 65
275.968 67
281.895 68
287.477 69
292.723 71
298.837 72
304.368 74
310.118 75
315.751 77
321.14 78
326.268 78
332.465 77
337.664 78
342.912 77
349.515 77
355.773 76
362.688 76
368.694 75
373.964 74
379.743 74
385.315 74
392.212 73
399.088 73
405.358 72
411.358 72
417.775 71
424.003 71
430.71 70
437.514 70
442.772 69
448.087 68
454.375 68
459.405 68
465.402 67
472.102 67
477.602 66
483.249 66
488.463 65
494.35 65
500.072 64
505.652 64
511.886 63
516.987 63
523.014 62
528.184 61
533.793 60
539.284 60
545.039 59
551.139 59
556.537 58
562.455 58
568.284 57
573.989 56
580.055 56
585.894 56
590.93 55
596.914 55
602.52 55
607.791 55
613.809 55
619.648 54
624.736 54
630.816 54
636.53 54
641.894 54
647.204 53
652.956 53
658.874 53
664.333 53
670.495 53
676.661 53
682.177 52
687.243 52
693.166 52
698.944 52
704.18 52
709.244 52
715.3 51
720.924 51
726.327 51
731.667 51
736.8 51
742.263 51
747.74 51
753.354 50
759.252 50
764.851 50
770.469 50
775.677 50
781.904 50
787.59 49
792.805 49
798.569 49
804.261 49
809.817 49
815.3 49
820.911 49
826.624 49
831.968 49
837.267 49
843.047 49
849 48
854.494 48
860.193 48
865.917 48
871.554 48
877.167 48
882.843 48
888.962 48
894.616 48
899.986 48
905.109 48
910.125 48
915.677 48
921.194 48
926.228 48
931.736 48
937.504 48
942.936 48
948.573 48
954.58 48
960.125 47
965.365 47
970.563 47
976.533 47
982.244 47
987.527 47
993.769 47
999.475 47
1005.06 47
1010.1 47
1015.7 47
1021.54 47
1027.15 47
1032.4 47
1037.84 47
1043.56 46
1049.41 46
1055.22 46
1060.61 46
1066.27 46
1071.83 46
1077.72 46
1083.5 46
1089.38 46
1094.69 46
1099.7 46
1105.43 46
1111.09 46
1116.57 46
1121.86 45
1127.76 45
1133.12 45
1138.59 45
1144 45
1149.73 45
1155.48 45
1160.94 45
1166.22 45
1171.99 45
1177.48 45
1182.8 45
1188.19 45
1194.21 45
1199.82 45
