# timestamp	utilization (%) \n
5.16539 0
10.1639 0
15.4266 0
23.5763 0
29.813 0
35.4915 0
41.9436 0
48.3193 0
55.9192 0
61.2911 0
66.7315 0
73.1522 0
79.8931 0
86.3537 0
92.9372 0
98.0255 0
105.284 0
111.817 0
118.029 0
123.298 0
130.145 0
136.28 0
142.174 0
147.217 0
152.799 0
158.793 0
164.977 0
171.721 0
176.845 0
183.06 0
188.812 0
193.813 0
200.944 0
207.808 0
213.511 0
218.511 0
227.023 0
233.214 0
238.287 0
244.351 0
251.728 0
258.155 0
263.202 0
269.203 0
276.194 0
283.17 0
290.694 0
297.328 0
302.365 0
310.072 0
315.305 0
321.416 0
326.796 0
332.44 0
337.444 1
342.445 1
347.444 1
354.442 2
359.451 2
364.463 2
369.463 3
375.143 3
380.143 3
385.147 4
390.194 4
395.347 4
400.346 4
405.358 5
410.358 5
416.345 6
422.572 6
427.573 6
432.573 7
437.624 7
442.725 7
448.042 8
453.04 8
458.996 8
463.996 9
469 9
474.295 9
479.329 10
484.364 10
489.399 11
494.434 11
499.439 11
505.287 12
510.286 12
515.422 13
520.458 13
525.697 13
530.694 14
535.693 14
540.695 15
545.707 15
550.705 15
555.705 16
560.709 16
565.711 17
570.71 17
575.721 17
580.724 18
585.736 18
590.736 18
595.74 18
600.912 18
605.912 18
610.919 19
616.119 19
621.118 19
626.12 19
631.182 19
636.53 19
641.791 19
646.79 20
651.789 20
656.954 20
662.109 20
667.109 20
672.125 20
677.212 20
682.228 20
687.336 21
692.408 21
697.672 21
702.677 21
707.676 21
712.817 21
717.815 21
722.863 21
727.863 21
732.866 22
737.963 22
742.968 22
747.967 22
752.97 22
758.055 22
763.054 22
768.134 22
773.134 22
778.133 22
783.389 22
788.405 23
793.405 23
798.569 23
803.569 23
808.589 23
813.589 23
818.592 23
823.629 23
828.678 23
833.676 23
838.676 23
843.712 23
848.791 23
853.79 23
858.79 24
863.79 24
868.915 24
873.952 24
879.051 24
884.084 24
889.333 24
894.402 24
899.402 24
904.401 24
909.633 24
914.637 24
919.676 24
924.677 24
929.676 24
934.705 24
939.728 24
944.728 24
949.727 24
954.883 24
959.942 24
964.965 24
969.981 25
975.024 25
980.041 25
985.168 25
990.184 25
995.21 25
1000.32 25
1005.34 25
1010.41 25
1015.46 25
1020.48 25
1025.55 25
1030.57 25
1035.65 25
1040.67 25
1045.96 25
1050.97 25
1055.99 25
1061.01 25
1066.03 25
1071.05 25
1076.07 25
1081.27 25
1086.41 25
1091.47 26
1096.48 26
1101.5 26
1106.53 26
1111.55 26
1116.57 26
1121.59 26
1126.63 26
1131.64 26
1136.67 26
1141.72 26
1146.74 26
1151.79 26
1156.82 26
1161.84 26
1166.86 26
1171.99 26
1177.01 26
1182.03 26
1187.11 26
1192.13 26
1197.22 26
