# timestamp	GC Total Latency (msec)		Read Latency (msec)	Write Latency (msec)\n
77.4544 6 0 0
78.4584 46 25 14
79.4624 74 41 26
80.4664 93 52 34
81.4704 106 60 40
82.4744 120 68 46
83.4784 136 78 53
84.4824 150 87 59
85.4864 166 96 65
86.4904 183 106 73
87.4945 207 120 82
88.4984 236 137 95
89.5025 271 157 110
90.5065 324 187 133
91.5105 385 220 161
92.5144 466 264 200
93.5185 577 320 255
94.5225 751 405 345
95.5265 961 498 464
96.5308 1173 576 600
97.5345 1376 660 720
98.5385 1597 749 854
99.5425 1802 831 979
100.547 1954 892 1070
101.554 2129 964 1175
102.555 2290 1031 1270
103.559 2420 1084 1348
104.563 2542 1132 1422
105.567 2663 1182 1495
106.571 2771 1226 1559
107.575 2876 1268 1623
108.579 2974 1308 1682
109.583 3054 1340 1730
110.587 3133 1371 1779
111.591 3197 1397 1817
112.595 3264 1425 1856
113.599 3334 1453 1899
114.611 3398 1479 1937
115.615 3464 1506 1977
116.619 3524 1530 2013
117.623 3585 1555 2050
118.627 3643 1578 2084
119.631 3695 1600 2116
120.655 3745 1621 2146
121.659 3793 1640 2174
122.664 3833 1656 2199
123.667 3869 1670 2220
124.671 3904 1683 2242
125.675 3945 1700 2267
126.679 3980 1714 2288
127.683 4011 1727 2307
128.687 4044 1741 2326
129.691 4078 1755 2347
130.695 4108 1767 2365
131.699 4140 1780 2384
132.703 4171 1792 2402
133.707 4200 1805 2420
134.711 4225 1814 2435
135.715 4251 1824 2451
136.719 4276 1834 2466
137.723 4300 1844 2480
138.727 4325 1854 2496
139.731 4347 1863 2509
140.735 4368 1872 2522
141.739 4386 1879 2533
142.743 4409 1888 2547
143.747 4429 1896 2559
144.751 4447 1904 2570
145.755 4468 1912 2582
146.759 4486 1919 2593
147.763 4503 1927 2603
148.767 4520 1933 2613
149.771 4534 1939 2622
150.775 4551 1946 2632
151.779 4565 1952 2640
152.783 4582 1958 2650
153.787 4596 1964 2658
154.791 4609 1970 2666
155.795 4626 1977 2676
156.799 4638 1982 2683
157.803 4651 1987 2691
158.807 4664 1993 2699
159.812 4679 1998 2708
160.815 4688 2002 2713
161.819 4702 2008 2721
162.825 4712 2012 2728
163.827 4722 2016 2733
164.831 4735 2022 2741
165.835 4745 2026 2747
166.839 4754 2030 2753
167.843 4766 2034 2760
168.847 4774 2038 2765
169.851 4782 2041 2769
170.855 4795 2047 2777
171.859 4802 2050 2781
172.864 4811 2053 2786
173.868 4822 2058 2793
174.872 4829 2060 2797
175.876 4836 2063 2802
176.88 4846 2067 2808
177.884 4854 2070 2813
178.888 4861 2073 2817
179.892 4869 2077 2822
180.896 4878 2080 2827
181.9 4885 2082 2831
182.904 4892 2086 2835
183.908 4901 2089 2842
184.912 4908 2092 2846
185.916 4915 2095 2850
186.92 4922 2098 2854
187.924 4931 2101 2859
188.928 4939 2105 2864
189.932 4943 2106 2866
190.936 4951 2110 2871
191.94 4959 2113 2876
192.945 4965 2115 2879
193.949 4972 2118 2884
194.953 4979 2121 2888
195.957 4987 2124 2893
196.961 4991 2126 2895
197.972 5000 2130 2900
198.973 5007 2132 2904
199.977 5013 2135 2908
200.981 5020 2138 2912
201.985 5026 2140 2915
202.989 5033 2143 2920
203.993 5040 2146 2923
204.997 5046 2149 2927
206.001 5052 2151 2931
207.005 5058 2154 2935
208.009 5064 2156 2938
209.013 5071 2158 2942
210.017 5075 2160 2946
211.021 5081 2162 2950
212.025 5088 2164 2954
213.029 5092 2166 2957
214.033 5099 2169 2961
215.037 5106 2171 2965
216.042 5111 2174 2968
217.046 5116 2176 2971
218.05 5121 2177 2975
219.054 5127 2180 2978
220.058 5133 2182 2982
221.062 5137 2183 2985
222.066 5143 2186 2988
223.07 5147 2187 2991
224.074 5154 2189 2995
225.078 5158 2191 2998
226.082 5163 2193 3001
227.086 5168 2195 3005
228.09 5174 2197 3008
229.094 5179 2199 3011
230.094 5185 2201 3015
231.098 5191 2203 3019
232.102 5196 2205 3022
233.106 5201 2207 3025
234.11 5207 2210 3029
235.114 5212 2211 3032
236.118 5218 2214 3035
237.122 5221 2214 3038
238.126 5226 2216 3041
239.131 5232 2219 3045
240.134 5235 2220 3047
241.142 5241 2222 3051
242.143 5246 2223 3055
243.147 5252 2226 3058
244.151 5257 2227 3061
245.155 5264 2230 3065
246.159 5267 2231 3068
247.163 5271 2232 3070
248.167 5277 2234 3074
249.171 5281 2236 3077
250.175 5286 2237 3081
251.179 5290 2239 3083
252.183 5295 2240 3087
253.187 5300 2242 3091
254.191 5304 2243 3094
255.195 5310 2245 3097
256.199 5314 2246 3100
257.203 5321 2248 3104
258.207 5324 2249 3107
259.211 5328 2251 3109
260.215 5334 2253 3113
261.219 5340 2255 3117
262.223 5346 2257 3121
263.227 5349 2258 3123
264.232 5355 2260 3127
265.235 5360 2262 3131
266.239 5364 2263 3133
267.25 5372 2266 3138
268.252 5375 2267 3141
269.256 5379 2268 3144
270.26 5385 2270 3147
271.264 5390 2272 3151
272.268 5395 2273 3154
273.272 5400 2274 3159
274.276 5405 2276 3162
275.28 5410 2278 3166
276.284 5415 2279 3169
277.288 5420 2280 3173
278.292 5426 2282 3176
279.296 5431 2284 3180
280.3 5435 2285 3183
281.304 5440 2287 3187
282.308 5447 2289 3191
283.312 5452 2290 3195
284.316 5457 2292 3199
285.32 5463 2294 3203
286.324 5468 2295 3206
287.328 5473 2297 3210
288.332 5478 2299 3213
289.336 5484 2300 3217
290.34 5490 2302 3221
291.344 5495 2304 3225
292.348 5501 2305 3229
293.354 5507 2307 3233
294.356 5512 2309 3237
295.36 5517 2310 3241
296.37 5523 2312 3245
297.372 5529 2314 3249
298.376 5536 2316 3254
299.38 5542 2318 3258
300.384 5546 2319 3262
301.388 5552 2321 3266
302.392 5559 2323 3270
303.396 5564 2325 3274
304.401 5569 2326 3277
305.405 5575 2328 3281
306.409 5579 2329 3284
307.413 5587 2332 3290
308.417 5591 2333 3293
309.421 5596 2335 3296
310.425 5603 2337 3301
311.429 5607 2338 3304
312.433 5613 2339 3308
313.437 5619 2341 3313
314.441 5626 2343 3318
315.445 5629 2344 3320
316.449 5635 2346 3324
317.453 5641 2347 3328
318.457 5646 2349 3332
319.461 5652 2351 3337
320.465 5658 2352 3341
321.469 5664 2354 3345
322.473 5670 2356 3349
323.477 5677 2358 3354
324.481 5683 2359 3359
325.485 5688 2361 3363
326.489 5693 2362 3366
327.493 5699 2364 3370
328.497 5705 2366 3375
329.501 5710 2367 3378
330.505 5716 2369 3382
331.509 5721 2370 3386
332.513 5727 2372 3391
333.517 5732 2374 3394
334.521 5737 2375 3398
335.525 5743 2377 3402
336.529 5749 2379 3406
337.533 5756 2380 3411
338.537 5759 2381 3414
339.541 5765 2382 3418
340.545 5771 2384 3423
341.55 5776 2385 3427
342.554 5782 2387 3431
343.558 5786 2388 3434
344.562 5792 2390 3438
345.566 5798 2392 3443
346.57 5803 2393 3446
347.574 5808 2394 3450
348.578 5815 2396 3455
349.582 5821 2398 3459
350.586 5827 2400 3464
351.59 5831 2401 3467
352.594 5838 2402 3472
353.598 5843 2404 3476
354.602 5849 2406 3481
355.606 5854 2407 3484
356.61 5858 2408 3487
357.614 5865 2410 3492
358.618 5871 2411 3497
359.622 5875 2412 3500
360.626 5881 2414 3504
361.63 5887 2415 3509
362.634 5893 2417 3513
363.638 5897 2418 3516
364.642 5903 2419 3521
365.642 5908 2421 3524
366.646 5915 2423 3529
367.65 5921 2424 3534
368.654 5927 2426 3539
369.658 5934 2428 3544
370.662 5939 2429 3548
371.666 5945 2431 3552
372.67 5952 2433 3557
373.674 5959 2435 3562
374.678 5964 2436 3566
375.682 5970 2437 3570
376.686 5977 2439 3576
377.69 5981 2440 3579
378.694 5988 2442 3584
379.698 5993 2443 3588
380.702 5999 2445 3593
381.706 6007 2447 3598
382.71 6012 2448 3602
383.714 6018 2450 3606
384.719 6024 2451 3611
385.723 6030 2453 3615
386.727 6037 2455 3621
387.731 6045 2457 3627
388.735 6050 2458 3630
389.739 6059 2461 3637
390.743 6063 2462 3640
391.747 6069 2463 3644
392.751 6076 2465 3650
393.755 6084 2467 3656
394.759 6091 2469 3661
395.763 6099 2471 3667
396.767 6103 2472 3670
397.771 6110 2474 3675
398.775 6118 2476 3681
399.779 6124 2477 3686
400.783 6133 2480 3692
401.787 6140 2482 3698
402.791 6147 2483 3703
403.795 6153 2485 3707
404.799 6160 2487 3712
405.803 6168 2489 3719
406.807 6176 2491 3724
407.811 6184 2494 3730
408.815 6193 2496 3736
409.819 6200 2498 3742
410.823 6206 2500 3747
411.827 6215 2502 3753
412.831 6220 2503 3757
413.835 6227 2505 3762
414.839 6235 2507 3768
415.843 6245 2510 3775
416.847 6252 2512 3780
417.851 6260 2514 3786
418.855 6268 2516 3792
419.861 6275 2518 3798
420.863 6284 2520 3804
421.867 6288 2521 3808
422.871 6295 2523 3813
423.875 6304 2525 3820
424.879 6309 2526 3824
425.883 6318 2528 3831
426.887 6326 2530 3837
427.891 6333 2532 3843
428.895 6342 2534 3850
429.899 6350 2535 3856
430.903 6361 2537 3864
431.907 6373 2540 3874
432.912 6387 2543 3885
433.915 6401 2546 3897
434.92 6413 2549 3906
435.924 6441 2555 3928
436.928 6443 2555 3930
437.932 6451 2557 3936
438.936 6461 2559 3944
439.94 6484 2565 3962
440.944 6493 2566 3969
441.957 6503 2569 3976
442.96 6514 2572 3986
443.964 6524 2574 3993
444.968 6537 2577 4003
445.972 6581 2587 4038
446.976 6574 2584 4033
447.98 6570 2583 4031
448.984 6580 2586 4038
449.988 6585 2587 4042
450.994 6601 2590 4055
451.996 6640 2599 4085
453 6632 2595 4081
454.004 6632 2595 4081
455.008 6638 2597 4085
456.012 6647 2599 4092
457.032 6656 2601 4099
458.036 6682 2607 4120
459.041 6720 2615 4150
460.044 6757 2623 4179
461.048 6745 2619 4171
462.06 6733 2614 4163
463.06 6727 2613 4159
464.064 6732 2614 4163
465.068 6737 2615 4166
466.072 6742 2617 4170
467.076 6749 2619 4176
468.08 6756 2620 4181
469.085 6767 2622 4190
470.088 6779 2625 4199
471.092 6816 2633 4228
472.096 6807 2630 4222
473.1 6809 2631 4223
474.104 6815 2632 4228
475.109 6823 2634 4235
476.113 6854 2641 4259
477.116 6870 2644 4272
478.121 6862 2642 4267
479.124 6866 2643 4269
480.128 6869 2644 4272
481.132 6878 2646 4278
482.136 6897 2650 4294
483.141 6937 2659 4325
484.144 6954 2662 4339
485.152 6941 2657 4330
486.157 6933 2655 4325
487.161 6936 2656 4327
488.165 6939 2656 4329
489.168 6945 2658 4334
490.173 6950 2659 4338
491.177 6958 2661 4345
492.181 6968 2663 4352
493.185 6985 2667 4366
494.189 6986 2667 4366
495.193 6994 2669 4373
496.197 7003 2671 4379
497.201 7032 2677 4402
498.205 7059 2683 4424
499.209 7049 2680 4417
500.213 7043 2678 4413
501.22 7049 2680 4417
502.221 7053 2681 4420
503.225 7058 2682 4424
504.229 7070 2685 4434
505.233 7077 2686 4439
506.237 7089 2689 4448
507.241 7111 2694 4466
508.245 7106 2692 4462
509.249 7110 2693 4465
510.253 7118 2695 4471
511.257 7131 2698 4482
512.261 7143 2701 4491
513.265 7154 2703 4499
514.269 7171 2707 4513
515.273 7166 2706 4510
516.277 7172 2707 4514
517.281 7178 2708 4519
518.285 7187 2710 4526
519.289 7198 2713 4534
520.293 7226 2719 4557
521.297 7258 2726 4581
522.301 7269 2728 4591
523.305 7257 2724 4583
524.309 7246 2720 4576
525.313 7244 2720 4574
526.317 7248 2721 4577
527.321 7248 2721 4577
528.325 7253 2723 4581
529.329 7254 2723 4582
530.333 7265 2725 4590
531.337 7269 2726 4593
532.341 7283 2729 4604
533.345 7312 2736 4626
534.349 7308 2734 4625
535.353 7301 2732 4619
536.357 7303 2732 4621
537.361 7306 2733 4623
538.365 7309 2734 4626
539.369 7322 2737 4636
540.373 7325 2738 4638
541.378 7346 2743 4654
542.381 7345 2742 4654
543.385 7349 2743 4656
544.39 7362 2746 4667
545.393 7368 2747 4672
546.397 7369 2748 4673
547.401 7374 2749 4677
548.405 7389 2752 4688
549.41 7386 2751 4686
550.414 7390 2752 4689
551.418 7406 2756 4701
552.422 7405 2756 4701
553.427 7416 2758 4709
554.43 7422 2759 4714
555.434 7426 2761 4717
556.438 7436 2763 4725
557.442 7440 2764 4728
558.446 7463 2769 4745
559.45 7467 2769 4749
560.454 7462 2768 4746
561.458 7466 2769 4749
562.462 7468 2770 4751
563.466 7487 2774 4765
564.47 7496 2776 4773
565.474 7490 2774 4769
566.478 7494 2775 4771
567.482 7497 2776 4773
568.486 7509 2778 4783
569.49 7537 2785 4805
570.494 7539 2784 4808
571.498 7530 2782 4801
572.502 7529 2781 4800
573.506 7531 2782 4802
574.51 7534 2783 4804
575.514 7538 2784 4807
576.518 7547 2786 4814
577.522 7554 2787 4820
578.526 7564 2790 4828
579.53 7576 2792 4837
580.534 7572 2791 4834
581.538 7575 2792 4836
582.542 7580 2793 4840
583.542 7595 2796 4852
584.546 7594 2796 4851
585.55 7606 2799 4860
586.554 7606 2799 4861
587.559 7621 2802 4872
588.562 7640 2806 4888
589.566 7631 2804 4882
590.57 7633 2804 4883
591.574 7636 2805 4885
592.578 7639 2806 4888
593.582 7646 2807 4893
594.586 7669 2812 4911
595.59 7667 2810 4910
596.594 7667 2810 4910
597.598 7680 2814 4920
598.602 7679 2813 4921
599.606 7685 2814 4925
600.61 7690 2816 4929
601.614 7697 2817 4934
602.619 7703 2818 4939
603.622 7712 2820 4947
604.626 7722 2822 4955
605.631 7731 2823 4962
606.635 7738 2825 4968
607.638 7743 2826 4972
608.643 7752 2828 4980
609.647 7758 2828 4985
610.651 7763 2829 4989
611.655 7779 2832 5002
612.659 7778 2832 5001
613.663 7788 2834 5010
614.667 7791 2834 5012
615.671 7801 2837 5019
616.675 7804 2837 5023
617.679 7809 2838 5027
618.683 7821 2840 5037
619.687 7821 2840 5037
620.691 7834 2843 5047
621.695 7837 2843 5049
622.699 7843 2844 5054
623.703 7849 2845 5060
624.707 7853 2846 5063
625.711 7865 2848 5073
626.715 7865 2849 5073
627.719 7879 2852 5084
628.723 7888 2853 5092
629.727 7885 2852 5089
630.731 7887 2853 5090
631.735 7890 2853 5093
632.739 7905 2856 5106
633.743 7904 2856 5104
634.747 7907 2857 5107
635.751 7919 2860 5116
636.755 7924 2860 5121
637.759 7925 2861 5121
638.763 7929 2862 5124
639.767 7936 2863 5130
640.771 7939 2864 5132
641.775 7955 2867 5144
642.779 7955 2867 5145
643.783 7957 2868 5147
644.787 7961 2868 5150
645.791 7969 2870 5156
646.795 7971 2871 5158
647.799 7978 2872 5163
648.803 7994 2876 5176
649.807 7993 2875 5175
650.811 8000 2877 5181
651.815 8008 2878 5187
652.819 8010 2879 5189
653.823 8015 2880 5192
654.827 8036 2884 5209
655.832 8062 2890 5230
656.835 8056 2887 5227
657.839 8050 2885 5222
658.843 8048 2885 5221
659.847 8049 2886 5221
660.851 8050 2886 5222
661.855 8055 2887 5226
662.859 8062 2888 5231
663.863 8074 2891 5241
664.867 8098 2896 5260
665.871 8108 2898 5269
666.881 8100 2895 5263
667.883 8098 2895 5262
668.887 8100 2896 5263
669.891 8100 2896 5262
670.896 8109 2898 5270
671.9 8112 2898 5272
672.903 8119 2900 5278
673.908 8129 2902 5285
674.911 8132 2903 5288
675.915 8146 2906 5299
676.92 8150 2906 5302
677.924 8156 2908 5307
678.934 8172 2911 5319
679.944 8172 2911 5320
680.948 8180 2913 5326
681.952 8190 2915 5334
682.957 8192 2916 5336
683.96 8205 2918 5346
684.964 8205 2918 5346
685.968 8220 2922 5358
686.972 8227 2923 5363
687.976 8227 2923 5363
688.98 8243 2927 5376
689.984 8240 2926 5374
690.988 8247 2928 5379
691.992 8251 2928 5382
692.996 8257 2930 5387
694 8268 2932 5396
695.004 8274 2933 5401
696.016 8284 2935 5408
697.02 8288 2936 5412
698.024 8292 2937 5415
699.033 8310 2941 5430
700.036 8309 2941 5429
701.04 8319 2943 5437
702.044 8325 2944 5442
703.048 8326 2944 5442
704.052 8333 2946 5448
705.056 8345 2948 5457
706.066 8347 2949 5459
707.068 8353 2950 5463
708.072 8359 2951 5469
709.076 8362 2952 5471
710.08 8378 2955 5483
711.084 8377 2955 5482
712.088 8389 2958 5492
713.092 8396 2959 5498
714.096 8398 2960 5499
715.1 8400 2960 5501
716.104 8420 2964 5517
717.108 8422 2964 5519
718.112 8423 2965 5520
719.116 8425 2965 5521
720.12 8433 2967 5528
721.124 8453 2971 5543
722.128 8452 2971 5543
723.132 8451 2970 5542
724.136 8457 2972 5547
725.14 8461 2973 5550
726.144 8465 2973 5553
727.148 8473 2975 5560
728.152 8484 2978 5568
729.156 8488 2978 5571
730.16 8490 2979 5573
731.164 8505 2982 5585
732.168 8504 2982 5584
733.172 8512 2984 5590
734.176 8515 2984 5592
735.18 8520 2985 5596
736.184 8534 2989 5608
737.188 8533 2988 5607
738.192 8545 2991 5617
739.196 8551 2992 5622
740.2 8552 2992 5622
741.204 8555 2993 5625
742.209 8572 2997 5638
743.212 8579 2998 5644
744.216 8575 2997 5641
745.22 8576 2997 5642
746.224 8577 2998 5642
747.228 8595 3001 5657
748.244 8593 3001 5655
749.256 8595 3001 5656
750.261 8602 3003 5662
751.264 8623 3007 5679
752.268 8628 3008 5683
753.272 8622 3006 5679
754.288 8623 3007 5680
755.292 8622 3007 5679
756.296 8627 3008 5682
757.3 8630 3008 5685
758.304 8633 3009 5687
759.308 8638 3010 5691
760.312 8655 3014 5705
761.317 8675 3018 5721
762.32 8668 3016 5716
763.324 8664 3015 5713
764.328 8665 3015 5713
765.332 8665 3015 5713
766.336 8680 3018 5725
767.34 8677 3017 5723
768.344 8677 3018 5723
769.348 8678 3018 5723
770.352 8686 3020 5730
771.357 8695 3022 5738
772.366 8711 3025 5750
773.368 8704 3023 5745
774.372 8702 3023 5744
775.382 8702 3023 5743
776.384 8704 3023 5745
777.389 8714 3025 5753
778.393 8720 3027 5758
779.396 8734 3029 5769
780.4 8728 3028 5765
781.404 8729 3028 5765
782.408 8731 3029 5767
783.413 8733 3029 5768
784.416 8747 3032 5779
785.421 8753 3033 5785
786.425 8751 3032 5783
787.429 8751 3033 5783
788.432 8753 3033 5784
789.437 8761 3035 5791
790.441 8768 3036 5796
791.445 8787 3040 5811
792.449 8787 3040 5811
793.453 8782 3039 5808
794.457 8783 3039 5808
795.461 8782 3039 5808
796.465 8787 3040 5812
797.469 8792 3041 5815
798.473 8811 3045 5831
799.478 8804 3043 5826
800.486 8803 3043 5825
801.489 8803 3043 5825
802.493 8807 3044 5828
803.497 8810 3045 5830
804.501 8818 3046 5837
805.505 8820 3047 5839
806.509 8829 3049 5846
807.513 8826 3048 5843
808.517 8827 3048 5843
809.521 8830 3049 5846
810.525 8844 3052 5857
811.529 8843 3052 5856
812.533 8844 3052 5857
813.537 8848 3053 5860
814.541 8866 3057 5874
815.545 8871 3057 5879
816.549 8865 3056 5875
817.553 8865 3056 5875
818.557 8865 3056 5874
819.561 8866 3056 5875
820.565 8877 3059 5884
821.569 8875 3058 5882
822.573 8877 3059 5883
823.577 8881 3060 5887
824.581 8897 3063 5900
825.598 8893 3062 5897
826.601 8893 3062 5897
827.605 8894 3063 5897
828.609 8901 3064 5903
829.613 8919 3068 5917
830.617 8932 3070 5927
831.621 8925 3068 5922
832.625 8919 3067 5918
833.629 8919 3067 5918
834.633 8918 3067 5917
835.637 8918 3067 5917
836.641 8918 3067 5917
837.645 8934 3070 5930
838.649 8933 3070 5929
839.653 8930 3069 5927
840.657 8931 3069 5927
841.662 8931 3070 5928
842.665 8936 3070 5932
843.669 8937 3071 5932
844.673 8950 3073 5942
845.677 8948 3073 5941
846.681 8950 3073 5942
847.685 8952 3074 5944
848.689 8967 3077 5956
849.693 8978 3079 5965
850.697 8971 3077 5960
851.701 8970 3077 5959
852.705 8969 3077 5958
853.71 8969 3077 5958
854.714 8972 3078 5961
855.717 8989 3082 5974
856.722 8989 3081 5975
857.725 8985 3080 5971
858.741 8985 3080 5971
859.741 8985 3080 5971
860.745 8989 3081 5974
861.749 8993 3082 5977
862.753 8992 3082 5977
863.757 8994 3082 5978
864.761 9007 3085 5988
865.765 9009 3085 5991
866.769 9007 3085 5989
867.773 9007 3085 5989
868.777 9008 3085 5989
869.781 9021 3088 6000
870.785 9023 3088 6002
871.789 9020 3088 6000
872.793 9021 3088 6000
873.797 9021 3088 6000
874.801 9026 3089 6004
875.805 9036 3091 6011
876.809 9034 3091 6011
877.814 9035 3091 6011
878.817 9037 3091 6012
879.821 9045 3093 6019
880.826 9048 3094 6021
881.832 9048 3094 6021
882.833 9055 3095 6027
883.838 9069 3098 6038
884.852 9068 3098 6038
885.854 9065 3097 6035
886.858 9065 3097 6035
887.862 9064 3097 6034
888.866 9072 3099 6041
889.87 9071 3099 6040
890.874 9073 3099 6041
891.878 9077 3100 6045
892.882 9085 3102 6050
893.886 9084 3101 6049
894.89 9085 3102 6050
895.894 9095 3104 6059
896.899 9096 3104 6059
897.902 9097 3105 6060
898.906 9099 3105 6062
899.91 9111 3108 6071
900.914 9111 3107 6071
901.918 9110 3107 6070
902.922 9110 3107 6070
903.926 9113 3108 6073
904.93 9116 3109 6075
905.934 9128 3111 6084
906.938 9140 3114 6094
907.942 9136 3113 6092
908.946 9133 3112 6089
909.95 9133 3112 6089
910.954 9132 3112 6088
911.958 9140 3114 6094
912.962 9141 3114 6095
913.966 9140 3113 6094
914.97 9140 3114 6094
915.974 9142 3114 6096
916.978 9157 3117 6108
917.982 9169 3120 6117
918.986 9163 3118 6113
919.99 9158 3117 6110
920.994 9158 3117 6109
921.998 9157 3117 6109
923.002 9158 3117 6109
924.006 9160 3117 6111
925.01 9174 3120 6122
926.014 9184 3122 6130
927.018 9178 3120 6126
928.023 9173 3119 6122
929.026 9173 3119 6122
930.044 9172 3119 6121
931.046 9173 3119 6122
932.05 9174 3120 6123
933.054 9177 3120 6125
934.058 9188 3123 6134
935.059 9202 3126 6145
936.062 9197 3124 6142
937.066 9192 3123 6138
938.07 9191 3123 6137
939.074 9190 3122 6136
940.078 9190 3122 6136
941.082 9191 3123 6136
942.086 9200 3125 6144
943.09 9197 3124 6142
944.094 9198 3124 6142
945.1 9203 3125 6146
946.102 9215 3128 6156
947.106 9210 3126 6152
948.11 9208 3126 6151
949.114 9211 3127 6152
950.119 9213 3127 6154
951.123 9215 3128 6156
952.126 9229 3131 6167
953.13 9237 3132 6173
954.134 9230 3130 6168
955.138 9226 3129 6166
956.142 9226 3130 6166
957.146 9226 3129 6165
958.15 9226 3130 6165
959.154 9237 3132 6173
960.159 9244 3133 6180
961.162 9238 3132 6175
962.166 9235 3131 6173
963.17 9235 3131 6173
964.175 9234 3131 6172
965.179 9235 3131 6172
966.183 9245 3133 6180
967.186 9245 3133 6181
968.19 9243 3133 6179
969.194 9242 3133 6179
970.199 9243 3133 6179
971.203 9247 3134 6183
972.206 9252 3135 6186
973.211 9257 3136 6190
974.215 9255 3136 6189
975.219 9256 3136 6189
976.223 9262 3137 6194
977.227 9263 3137 6195
978.231 9263 3137 6195
979.235 9266 3138 6197
980.239 9271 3139 6201
981.247 9274 3140 6203
982.247 9275 3140 6204
983.251 9276 3140 6205
984.255 9280 3141 6208
985.259 9286 3143 6213
986.263 9293 3144 6219
987.267 9289 3143 6216
988.271 9289 3143 6215
989.287 9292 3144 6218
990.291 9294 3144 6219
991.295 9296 3145 6221
992.302 9307 3147 6230
993.303 9305 3146 6229
994.307 9304 3146 6228
995.315 9305 3146 6228
996.319 9307 3147 6230
997.329 9318 3149 6239
998.331 9314 3148 6235
999.335 9313 3148 6234
1000.34 9313 3148 6234
1001.34 9321 3150 6240
1002.35 9326 3151 6245
1003.35 9322 3150 6242
1004.35 9322 3150 6242
1005.36 9322 3150 6242
1006.36 9327 3151 6246
1007.37 9330 3152 6248
1008.37 9333 3152 6251
1009.38 9331 3152 6249
1010.38 9331 3152 6249
1011.38 9334 3152 6251
1012.39 9342 3154 6257
1013.39 9352 3156 6265
1014.39 9346 3155 6261
1015.4 9345 3154 6260
1016.4 9344 3154 6259
1017.41 9344 3154 6259
1018.41 9353 3156 6267
1019.42 9364 3159 6275
1020.42 9358 3157 6271
1021.42 9355 3156 6269
1022.43 9354 3156 6268
1023.43 9354 3156 6267
1024.44 9359 3157 6272
1025.44 9358 3157 6271
1026.44 9360 3158 6272
1027.45 9365 3158 6276
1028.45 9365 3159 6276
1029.46 9371 3160 6281
1030.46 9377 3161 6286
1031.46 9374 3161 6283
1032.47 9374 3161 6283
1033.47 9379 3162 6287
1034.48 9378 3162 6287
1035.48 9381 3162 6289
1036.48 9382 3163 6290
1037.51 9388 3164 6294
1038.51 9388 3164 6294
1039.52 9394 3165 6299
1040.52 9393 3165 6298
1041.52 9396 3166 6301
1042.53 9398 3166 6302
1043.53 9398 3166 6302
1044.54 9406 3168 6308
1045.54 9403 3167 6306
1046.55 9405 3168 6308
1047.55 9408 3168 6310
1048.56 9409 3169 6310
1049.56 9415 3170 6316
1050.56 9416 3170 6316
1051.57 9417 3170 6317
1052.57 9417 3170 6317
1053.58 9425 3172 6323
1054.58 9432 3174 6329
1055.58 9427 3172 6325
1056.59 9426 3172 6325
1057.59 9426 3172 6324
1058.6 9427 3172 6325
1059.6 9437 3175 6333
1060.6 9438 3175 6334
1061.61 9435 3174 6331
1062.61 9434 3174 6331
1063.62 9434 3174 6331
1064.62 9435 3174 6331
1065.62 9446 3177 6341
1066.63 9445 3176 6340
1067.63 9442 3175 6337
1068.64 9442 3175 6337
1069.64 9441 3175 6337
1070.64 9443 3176 6338
1071.65 9451 3177 6344
1072.65 9450 3177 6344
1073.66 9449 3177 6343
1074.66 9450 3177 6344
1075.66 9457 3179 6349
1076.67 9455 3178 6347
1077.67 9456 3178 6348
1078.68 9459 3179 6351
1079.68 9465 3180 6355
1080.68 9462 3180 6353
1081.69 9462 3180 6353
1082.69 9466 3181 6356
1083.7 9469 3181 6359
1084.7 9467 3181 6357
1085.7 9467 3181 6357
1086.71 9473 3182 6362
1087.71 9473 3182 6362
1088.72 9473 3182 6362
1089.72 9475 3183 6363
1090.73 9484 3185 6370
1091.74 9493 3187 6378
1092.74 9489 3185 6375
1093.75 9486 3185 6373
1094.75 9485 3185 6372
1095.75 9485 3185 6371
1096.76 9486 3185 6372
1097.76 9492 3186 6377
1098.76 9491 3186 6377
1099.77 9494 3186 6378
1100.77 9493 3186 6378
1101.78 9498 3188 6382
1102.78 9497 3187 6381
1103.79 9500 3188 6384
1104.8 9511 3190 6392
1105.8 9512 3190 6394
1106.8 9508 3189 6390
1107.81 9507 3189 6389
1108.81 9507 3189 6389
1109.82 9508 3189 6390
1110.82 9508 3189 6390
1111.82 9510 3190 6392
1112.83 9511 3190 6392
1113.83 9517 3191 6397
1114.84 9526 3193 6404
1115.85 9521 3192 6400
1116.86 9519 3192 6399
1117.86 9520 3192 6400
1118.86 9520 3192 6400
1119.87 9523 3193 6402
1120.87 9529 3194 6406
1121.88 9528 3194 6406
1122.88 9527 3193 6405
1123.88 9527 3194 6405
1124.89 9527 3194 6405
1125.89 9536 3196 6412
1126.9 9533 3195 6410
1127.9 9533 3195 6410
1128.91 9534 3195 6411
1129.91 9539 3196 6415
1130.91 9540 3196 6415
1131.92 9539 3196 6414
1132.92 9540 3197 6415
1133.92 9547 3198 6421
1134.93 9545 3198 6419
1135.93 9545 3198 6419
1136.94 9547 3198 6421
1137.94 9557 3200 6429
1138.94 9562 3201 6433
1139.95 9557 3200 6429
1140.95 9555 3199 6427
1141.96 9554 3199 6427
1142.96 9554 3199 6426
1143.97 9554 3199 6426
1144.97 9563 3201 6434
1145.97 9561 3201 6433
1146.98 9559 3200 6431
1147.98 9558 3200 6430
1148.98 9558 3200 6430
1150 9566 3202 6436
1151 9564 3201 6435
1152 9564 3201 6435
1153 9564 3202 6435
1154.01 9572 3203 6441
1155.01 9580 3205 6447
1156.02 9575 3203 6443
1157.02 9572 3203 6441
1158.02 9571 3203 6441
1159.03 9571 3203 6440
1160.03 9574 3203 6443
1161.05 9573 3203 6442
1162.05 9575 3204 6444
1163.06 9586 3206 6452
1164.06 9584 3205 6451
1165.06 9581 3204 6448
1166.07 9580 3205 6448
1167.07 9579 3204 6447
1168.08 9580 3205 6448
1169.08 9590 3207 6456
1170.09 9593 3207 6458
1171.09 9588 3205 6454
1172.09 9586 3205 6453
1173.1 9585 3205 6452
1174.1 9584 3205 6451
1175.11 9584 3205 6451
1176.11 9592 3207 6458
1177.11 9591 3206 6457
1178.12 9590 3206 6456
1179.12 9589 3206 6455
1180.13 9590 3206 6456
1181.13 9598 3208 6462
1182.15 9606 3209 6468
1183.16 9601 3208 6465
1184.17 9597 3207 6462
1185.17 9597 3207 6462
1186.17 9596 3207 6461
1187.18 9599 3208 6463
1188.18 9602 3208 6466
1189.19 9601 3208 6465
1190.19 9600 3208 6465
1191.19 9607 3210 6469
1192.2 9607 3210 6470
1193.2 9606 3209 6469
1194.21 9606 3209 6469
1195.21 9608 3210 6471
1196.21 9611 3211 6473
1197.22 9620 3213 6480
1198.22 9625 3213 6484
1199.23 9620 3212 6481
1200.23 9616 3211 6478
1201.23 9616 3211 6477
1202.24 9615 3211 6477
1203.24 9614 3211 6476
1204.25 9614 3211 6476
1205.25 9618 3211 6479
1206.25 9621 3212 6481
1207.26 9622 3212 6482
1208.26 9621 3212 6481
1209.27 9621 3212 6481
1210.27 9626 3213 6485
1211.27 9636 3215 6493
1212.28 9632 3214 6490
1213.28 9628 3213 6487
1214.29 9627 3213 6487
1215.29 9626 3213 6486
1216.29 9626 3213 6485
1217.3 9627 3213 6487
1218.3 9631 3214 6490
1219.31 9630 3214 6489
1220.31 9630 3214 6489
1221.31 9635 3215 6492
1222.32 9645 3217 6500
1223.32 9649 3218 6504
1224.33 9643 3216 6500
1225.33 9640 3215 6497
1226.33 9639 3215 6496
1227.34 9638 3215 6496
1228.34 9637 3215 6495
1229.35 9637 3215 6495
1230.35 9640 3215 6497
1231.35 9642 3216 6499
1232.36 9642 3216 6499
1233.36 9643 3216 6500
1234.37 9650 3218 6505
1235.37 9651 3218 6506
1236.37 9649 3217 6505
1237.38 9649 3217 6504
1238.38 9650 3218 6505
1239.39 9655 3219 6509
1240.39 9654 3219 6509
1241.39 9656 3219 6510
1242.4 9656 3219 6509
1243.4 9660 3220 6513
1244.41 9664 3221 6516
1245.41 9661 3220 6514
1246.41 9661 3220 6514
1247.42 9665 3221 6517
1248.42 9665 3221 6517
1249.43 9665 3221 6517
1250.43 9666 3221 6517
1251.43 9674 3223 6524
1252.44 9676 3223 6526
1253.44 9673 3222 6523
1254.45 9672 3222 6523
1255.45 9671 3222 6522
1256.45 9671 3222 6522
1257.46 9680 3224 6529
1258.47 9686 3225 6534
1259.47 9682 3224 6531
1260.47 9678 3223 6528
1261.48 9677 3223 6527
1262.48 9677 3223 6527
1263.49 9676 3223 6526
1264.49 9682 3224 6531
1265.49 9681 3224 6530
1266.5 9689 3226 6537
1267.5 9691 3226 6538
1268.51 9686 3225 6535
1269.51 9685 3224 6534
1270.51 9685 3224 6533
1271.52 9684 3224 6533
1272.52 9686 3225 6534
1273.53 9694 3226 6541
1274.53 9692 3226 6539
1275.53 9692 3226 6539
1276.54 9691 3226 6538
1277.54 9690 3226 6538
1278.55 9699 3227 6545
1279.55 9708 3229 6552
1280.55 9708 3229 6553
1281.56 9703 3227 6549
1282.56 9701 3227 6547
1283.57 9700 3227 6546
1284.57 9699 3227 6546
1285.57 9699 3227 6545
1286.58 9698 3227 6545
1287.58 9703 3228 6549
1288.59 9714 3230 6557
1289.59 9713 3229 6557
1290.59 9709 3228 6554
1291.6 9706 3227 6552
1292.6 9706 3228 6551
1293.61 9705 3227 6551
1294.61 9704 3227 6550
1295.61 9704 3227 6550
1296.62 9711 3229 6556
1297.62 9710 3228 6555
1298.63 9717 3230 6561
1299.63 9715 3229 6559
1300.63 9712 3229 6557
1301.64 9712 3229 6557
1302.64 9711 3228 6556
1303.65 9712 3229 6557
1304.65 9721 3231 6564
1305.65 9722 3230 6565
1306.66 9718 3230 6562
1307.66 9718 3230 6562
1308.67 9717 3230 6561
1309.67 9717 3230 6561
1310.67 9724 3231 6566
1311.68 9724 3231 6567
1312.68 9722 3231 6565
1313.69 9722 3231 6565
1314.69 9722 3231 6565
1315.7 9729 3232 6571
1316.7 9731 3232 6573
1317.7 9729 3232 6570
1318.71 9728 3232 6570
1319.71 9727 3232 6569
1320.71 9728 3232 6570
1321.72 9734 3233 6575
1322.74 9741 3234 6581
1323.74 9737 3233 6578
1324.74 9735 3233 6576
1325.75 9735 3233 6576
1326.75 9735 3233 6575
1327.75 9739 3234 6579
1328.76 9740 3234 6580
1329.76 9739 3234 6579
1330.77 9740 3234 6579
1331.77 9746 3235 6584
1332.78 9754 3237 6591
1333.78 9750 3236 6588
1334.78 9748 3235 6586
1335.79 9747 3235 6586
1336.79 9747 3235 6586
1337.8 9751 3236 6589
1338.8 9750 3236 6588
1339.8 9758 3238 6594
1340.81 9758 3237 6594
1341.81 9755 3236 6592
1342.82 9754 3237 6591
1343.82 9753 3236 6591
1344.82 9754 3236 6591
1345.83 9762 3238 6598
1346.83 9762 3238 6598
1347.84 9760 3237 6596
1348.84 9759 3237 6596
1349.84 9758 3237 6595
1350.85 9759 3237 6595
1351.85 9765 3239 6600
1352.86 9772 3240 6605
1353.86 9767 3239 6602
1354.86 9765 3238 6600
1355.87 9765 3239 6601
1356.87 9764 3238 6599
1357.88 9768 3239 6603
1358.89 9777 3241 6610
1359.89 9779 3241 6612
1360.9 9775 3240 6609
1361.9 9772 3239 6607
1362.9 9772 3240 6607
1363.91 9771 3239 6606
1364.91 9771 3239 6606
1365.92 9772 3239 6606
1366.92 9780 3241 6613
1367.92 9784 3242 6616
1368.93 9780 3241 6613
1369.93 9777 3240 6611
1370.94 9777 3240 6611
1371.94 9776 3240 6610
1372.94 9776 3240 6610
1373.95 9782 3241 6615
1374.95 9791 3243 6622
1375.96 9797 3244 6627
1376.96 9793 3243 6624
1377.96 9788 3242 6621
1378.97 9786 3241 6619
1379.97 9786 3241 6618
1380.98 9785 3241 6618
1381.98 9784 3241 6617
1382.98 9784 3241 6617
1383.99 9790 3242 6622
1385.01 9788 3242 6620
1386.01 9787 3242 6620
1387.02 9787 3242 6620
1388.02 9789 3242 6621
1389.02 9795 3243 6626
1390.03 9803 3245 6633
1391.03 9802 3244 6632
1392.04 9797 3243 6628
1393.04 9795 3243 6627
1394.04 9795 3243 6626
1395.05 9794 3243 6625
1396.05 9793 3242 6625
1397.06 9797 3243 6628
1398.06 9796 3243 6627
1399.06 9799 3244 6630
1400.07 9801 3244 6631
1401.07 9801 3244 6631
1402.08 9800 3244 6630
1403.08 9800 3244 6630
1404.08 9807 3245 6635
1405.09 9811 3246 6639
1406.09 9808 3245 6636
1407.1 9806 3245 6635
1408.1 9807 3245 6636
1409.1 9808 3246 6637
1410.11 9811 3246 6639
1411.11 9810 3246 6638
1412.12 9809 3246 6638
1413.12 9814 3247 6642
1414.12 9815 3247 6642
1415.13 9818 3248 6644
1416.13 9820 3248 6647
1417.14 9817 3247 6644
1418.14 9817 3247 6644
1419.14 9816 3247 6643
1420.15 9817 3247 6644
1421.15 9819 3248 6645
1422.16 9824 3249 6650
1423.16 9831 3250 6655
1424.16 9826 3249 6652
1425.17 9825 3249 6650
1426.17 9824 3249 6650
1427.18 9823 3249 6649
1428.18 9830 3250 6655
1429.18 9832 3250 6656
1430.19 9829 3249 6654
1431.19 9828 3249 6653
1432.2 9828 3249 6653
1433.2 9828 3249 6653
1434.21 9835 3251 6658
1435.21 9843 3252 6665
1436.21 9842 3252 6665
1437.22 9838 3251 6662
1438.22 9836 3251 6660
1439.23 9836 3250 6660
1440.23 9836 3251 6659
1441.23 9837 3251 6660
1442.24 9837 3251 6660
1443.25 9838 3251 6661
1444.25 9843 3252 6665
1445.25 9842 3252 6665
1446.26 9847 3253 6669
1447.26 9844 3252 6666
1448.26 9844 3252 6666
1449.28 9843 3252 6666
1450.28 9846 3253 6668
1451.28 9854 3254 6674
1452.29 9860 3256 6679
1453.3 9856 3254 6676
1454.3 9852 3254 6673
1455.3 9852 3253 6673
1456.31 9850 3253 6672
1457.31 9850 3253 6671
1458.32 9851 3253 6672
1459.32 9855 3254 6675
1460.32 9854 3254 6675
1461.33 9860 3255 6679
1462.34 9857 3255 6677
1463.35 9856 3254 6677
1464.35 9856 3254 6676
1465.36 9857 3255 6677
1466.36 9865 3256 6683
1467.36 9863 3256 6682
1468.37 9862 3255 6681
1469.37 9861 3256 6680
1470.38 9864 3256 6683
1471.38 9863 3256 6682
1472.4 9864 3256 6682
1473.4 9865 3256 6684
1474.41 9874 3258 6690
1475.42 9871 3257 6689
1476.42 9870 3257 6687
1477.43 9869 3257 6687
1478.43 9869 3257 6686
1479.43 9875 3258 6692
1480.44 9873 3258 6690
1481.44 9872 3258 6689
1482.45 9872 3258 6689
1483.45 9880 3260 6695
1484.45 9879 3259 6695
1485.46 9877 3259 6693
1486.46 9876 3259 6693
1487.47 9876 3259 6692
1488.47 9877 3259 6693
1489.47 9882 3260 6697
1490.48 9890 3261 6703
1491.48 9886 3260 6701
1492.49 9883 3260 6699
1493.49 9882 3259 6698
1494.49 9881 3259 6697
1495.5 9881 3259 6697
1496.5 9885 3260 6700
1497.51 9890 3261 6704
1498.52 9888 3261 6702
1499.52 9886 3260 6700
1500.53 9886 3260 6701
1501.53 9887 3261 6702
1502.53 9891 3261 6705
1503.54 9891 3261 6705
1504.54 9895 3262 6708
1505.55 9893 3262 6706
1506.55 9892 3262 6706
1507.55 9893 3262 6707
1508.56 9893 3262 6706
1509.56 9896 3262 6709
1510.57 9901 3263 6712
1511.57 9899 3263 6711
1512.57 9900 3263 6712
1513.58 9899 3263 6711
1514.58 9898 3263 6710
1515.59 9901 3263 6713
1516.59 9901 3264 6713
1517.59 9901 3264 6713
1518.6 9903 3264 6714
1519.6 9910 3265 6720
1520.61 9913 3266 6722
1521.61 9910 3265 6720
1522.61 9909 3265 6719
1523.62 9908 3265 6718
1524.62 9907 3265 6718
1525.63 9913 3266 6723
1526.63 9920 3267 6728
1527.63 9916 3266 6725
1528.64 9913 3265 6723
1529.64 9912 3265 6722
1530.65 9911 3265 6721
1531.65 9912 3265 6722
1532.66 9914 3266 6723
1533.66 9914 3266 6724
1534.67 9919 3267 6728
1535.67 9921 3267 6730
1536.67 9918 3266 6727
1537.68 9917 3266 6726
1538.68 9916 3266 6726
1539.69 9916 3266 6725
1540.69 9921 3267 6729
1541.69 9926 3268 6734
1542.7 9923 3267 6731
1543.7 9921 3267 6729
1544.71 9921 3267 6729
1545.71 9919 3266 6728
1546.72 9922 3267 6730
1547.72 9922 3267 6731
1548.72 9923 3267 6731
1549.73 9923 3267 6731
1550.73 9929 3269 6736
1551.74 9936 3270 6741
1552.74 9935 3270 6741
1553.74 9931 3269 6738
1554.75 9930 3268 6737
1555.75 9930 3268 6737
1556.75 9930 3268 6737
1557.76 9930 3269 6737
1558.76 9931 3269 6738
1559.76 9931 3269 6738
1560.77 9934 3269 6740
1561.77 9938 3270 6743
1562.78 9945 3272 6749
1563.78 9947 3272 6751
1564.79 9944 3271 6748
1565.79 9941 3270 6746
1566.79 9940 3270 6745
1567.8 9939 3270 6745
1568.8 9938 3270 6744
1569.81 9938 3270 6744
1570.81 9945 3271 6749
1571.81 9943 3271 6748
1572.82 9941 3270 6746
1573.82 9941 3270 6746
1574.83 9940 3270 6745
1575.83 9943 3271 6748
1576.84 9945 3271 6750
1577.84 9953 3273 6755
1578.85 9956 3273 6758
1579.85 9952 3272 6755
1580.85 9949 3271 6753
1581.86 9948 3271 6752
1582.86 9947 3271 6751
1583.87 9946 3271 6751
1584.87 9946 3271 6751
1585.87 9948 3271 6752
1586.88 9951 3272 6755
1587.88 9958 3274 6760
1588.89 9954 3272 6757
1589.89 9952 3272 6756
1590.89 9951 3272 6755
1591.9 9950 3272 6754
1592.9 9950 3272 6754
1593.92 9953 3272 6756
1594.92 9952 3272 6756
1595.92 9953 3272 6756
1596.93 9953 3272 6757
1597.93 9957 3273 6760
1598.93 9957 3273 6759
1599.94 9963 3275 6764
1600.94 9960 3274 6762
1601.95 9959 3273 6761
1602.95 9958 3273 6760
1603.96 9960 3274 6762
1604.96 9961 3274 6763
1605.96 9961 3274 6762
1606.97 9960 3274 6762
1607.97 9964 3275 6765
1608.98 9971 3276 6771
1609.98 9968 3275 6768
1610.98 9966 3275 6767
1611.99 9966 3275 6766
1612.99 9965 3275 6766
1614 9966 3275 6767
1615 9973 3277 6772
1616 9971 3276 6771
1617.01 9969 3275 6769
1618.01 9968 3275 6769
1619.01 9967 3275 6768
1620.02 9967 3275 6768
1621.02 9969 3275 6769
1622.04 9973 3276 6772
1623.04 9972 3276 6771
1624.04 9971 3276 6771
1625.05 9972 3276 6771
1626.05 9978 3278 6776
1627.05 9985 3279 6782
1628.06 9982 3278 6780
1629.06 9979 3277 6778
1630.07 9978 3277 6777
1631.07 9977 3277 6776
1632.08 9977 3277 6776
1633.08 9976 3277 6775
1634.08 9980 3278 6778
1635.09 9987 3279 6784
1636.09 9993 3281 6789
1637.1 9990 3279 6786
1638.11 9986 3278 6784
1639.11 9983 3278 6782
1640.12 9983 3278 6781
1641.12 9982 3277 6780
1642.12 9981 3277 6780
1643.13 9981 3277 6779
1644.13 9981 3277 6779
1645.14 9986 3278 6784
1646.14 9993 3280 6789
1647.14 9991 3279 6788
1648.15 9987 3278 6785
1649.15 9985 3278 6783
1650.16 9984 3278 6783
1651.16 9983 3277 6782
1652.16 9983 3277 6781
1653.17 9982 3277 6781
1654.17 9984 3278 6782
1655.18 9991 3279 6788
1656.18 9998 3281 6793
1657.18 10000 3281 6795
1658.19 9996 3280 6793
1659.19 9993 3279 6790
1660.2 9990 3278 6788
1661.2 9989 3278 6788
1662.2 9989 3278 6787
1663.21 9988 3278 6786
1664.21 9987 3278 6786
1665.22 9987 3278 6785
1666.22 9990 3278 6788
1667.24 9989 3278 6787
1668.24 9989 3278 6787
1669.24 9991 3279 6788
1670.25 9998 3280 6794
1671.25 9999 3280 6795
1672.26 9996 3279 6793
1673.26 9994 3279 6791
1674.26 9992 3278 6790
1675.27 9992 3278 6790
1676.27 9992 3279 6790
1677.28 9994 3279 6791
1678.28 9997 3280 6794
1679.28 9996 3279 6793
1680.29 9997 3279 6793
1681.29 9996 3279 6793
1682.3 9997 3280 6794
1683.3 9998 3280 6795
1684.3 10000 3280 6796
1685.31 10005 3281 6800
1686.32 10003 3281 6798
1687.32 10002 3281 6798
1688.32 10002 3281 6797
1689.33 10003 3281 6798
1690.33 10005 3281 6800
1691.34 10006 3282 6801
1692.34 10006 3282 6800
1693.34 10006 3282 6800
1694.35 10007 3282 6801
1695.35 10012 3283 6805
1696.36 10017 3284 6810
1697.36 10014 3283 6807
1698.37 10012 3283 6806
1699.37 10012 3283 6805
1700.38 10011 3283 6805
1701.38 10013 3283 6806
1702.38 10016 3283 6808
1703.39 10014 3283 6807
1704.39 10013 3283 6807
1705.4 10013 3283 6807
1706.4 10017 3284 6809
1707.4 10024 3285 6815
1708.41 10020 3284 6812
1709.41 10019 3284 6811
1710.42 10018 3284 6811
1711.42 10017 3284 6810
1712.42 10017 3284 6810
1713.43 10023 3285 6815
1714.43 10021 3285 6813
1715.44 10020 3284 6812
1716.44 10020 3284 6812
1717.44 10021 3285 6812
1718.45 10025 3286 6816
1719.45 10027 3286 6818
1720.46 10025 3285 6816
1721.46 10024 3285 6815
1722.46 10023 3285 6814
1723.47 10024 3285 6815
1724.47 10027 3286 6817
1725.48 10033 3287 6822
1726.48 10033 3287 6823
1727.48 10030 3286 6820
1728.49 10029 3286 6819
1729.49 10028 3286 6819
1730.5 10028 3286 6818
1731.5 10028 3286 6818
1732.5 10031 3286 6821
1733.51 10032 3287 6822
1734.51 10038 3288 6827
1735.52 10038 3288 6827
1736.52 10035 3287 6824
1737.52 10033 3287 6823
1738.53 10033 3287 6823
1739.53 10032 3287 6822
1740.54 10033 3287 6823
1741.54 10033 3287 6823
1742.54 10037 3288 6826
1743.55 10036 3287 6825
1744.55 10035 3287 6825
1745.56 10037 3288 6826
1746.56 10043 3289 6830
1747.56 10049 3290 6835
1748.57 10046 3289 6834
1749.57 10043 3288 6832
1750.58 10041 3288 6830
1751.58 10041 3288 6829
1752.58 10040 3288 6829
1753.59 10039 3288 6828
1754.61 10041 3288 6830
1755.61 10040 3288 6829
1756.61 10041 3288 6829
1757.62 10047 3289 6834
1758.62 10045 3289 6833
1759.62 10044 3289 6832
1760.63 10043 3288 6831
1761.63 10043 3288 6831
1762.64 10046 3289 6833
1763.64 10047 3289 6834
1764.64 10046 3289 6833
1765.65 10045 3289 6833
1766.65 10047 3289 6834
1767.66 10050 3290 6837
1768.66 10048 3290 6835
1769.66 10047 3289 6834
1770.67 10049 3290 6836
1771.67 10051 3290 6837
1772.68 10049 3290 6836
1773.68 10049 3290 6836
1774.69 10050 3290 6836
1775.69 10052 3291 6838
1776.69 10057 3292 6842
1777.7 10058 3292 6843
1778.7 10055 3291 6841
1779.71 10054 3291 6840
1780.71 10053 3291 6839
1781.72 10053 3291 6839
1782.72 10053 3291 6839
1783.73 10054 3291 6840
1784.73 10059 3292 6844
1785.73 10066 3293 6849
1786.74 10067 3294 6850
1787.74 10064 3293 6848
1788.75 10061 3292 6846
1789.75 10060 3292 6845
1790.76 10059 3292 6844
1791.76 10058 3291 6844
1792.78 10058 3291 6844
1793.78 10058 3291 6844
1794.79 10059 3292 6844
1795.79 10064 3293 6848
1796.79 10065 3293 6849
1797.8 10062 3292 6847
1798.8 10061 3292 6846
1799.81 10061 3292 6846
1800.82 10062 3292 6847
1801.82 10062 3292 6847
1802.82 10064 3292 6848
1803.83 10063 3292 6848
1804.83 10063 3292 6847
1805.83 10067 3293 6850
1806.84 10072 3294 6855
1807.84 10072 3294 6855
1808.85 10069 3293 6853
1809.85 10068 3293 6852
