# timestamp	utilization (%) \n
-257.48 4
-237.009 8
-216.259 12
-201.13 16
-183.793 20
-164.082 24
-143.815 28
-127.873 31
-106.541 35
-89.9482 40
-69.8565 43
-53.9439 47
-33.1448 51
-12.0227 55
-5.9163 56
0.185483 56
5.3762 57
10.5945 58
15.7192 58
20.7316 59
26.0373 60
31.076 61
36.0974 61
41.1444 62
46.2876 63
51.4311 63
56.6566 64
61.6767 65
66.691 65
71.8532 66
77.0908 67
82.3688 67
87.4288 67
92.5821 67
97.9252 67
103.118 67
108.313 67
113.486 67
118.49 67
123.98 67
129.228 67
134.526 67
139.928 67
145.273 67
150.532 66
155.835 66
161.101 66
166.607 66
172.122 66
177.653 66
182.662 65
187.67 65
192.729 65
197.972 65
203.173 65
208.493 65
213.875 64
219.267 64
224.881 64
230.276 64
235.669 64
241.128 64
246.752 63
251.784 63
257.322 63
263.001 63
268.554 63
273.584 63
278.697 63
283.789 62
288.974 62
294.088 62
299.261 62
304.504 62
309.695 62
315.216 61
320.69 61
326.115 61
331.127 61
336.789 61
342.533 61
347.991 60
353.705 60
359.455 60
364.506 60
369.685 60
374.781 59
380.044 59
385.161 59
390.547 59
395.698 59
400.9 58
406.195 58
411.864 58
417.153 58
422.628 57
428.449 57
433.5 57
438.849 57
444.15 57
449.177 57
454.326 57
460.017 57
465.392 57
471.036 57
476.672 57
483.742 57
489.284 57
494.864 57
500.143 57
505.34 57
511.068 57
516.633 57
521.795 57
527.181 57
533.512 57
539.063 57
544.727 57
549.987 57
555.98 57
561.304 57
566.563 57
571.992 57
577.402 57
583.273 57
588.446 57
594.79 57
599.795 57
605.586 56
611.591 56
616.96 56
623.1 56
628.347 56
633.463 56
639.384 56
645.232 55
651.312 55
656.956 55
662.682 55
667.736 55
673.654 55
678.866 55
683.871 54
689.029 54
694.85 54
699.874 54
705.293 54
710.805 53
716.435 53
722.049 53
728.463 53
734.507 52
739.526 52
745.477 52
751.719 52
757.724 52
762.764 51
768.544 51
773.721 51
779.196 51
784.983 51
791.752 51
798.413 51
804.327 50
810.623 50
815.933 50
821.411 50
826.703 50
831.95 50
837.806 50
843.16 49
849.496 49
856.114 49
861.174 49
866.239 49
871.943 49
876.992 49
884.085 49
890.195 48
895.713 48
900.986 48
907.082 48
912.251 48
917.926 48
923.097 47
928.133 47
935.112 47
940.363 47
946.049 47
952.91 47
959.831 47
966.55 46
972.792 46
978.791 46
983.98 46
989.185 46
994.21 46
1000.09 46
1006.06 45
1013.29 45
1019.32 45
1024.54 45
1030.12 45
1035.98 45
1041.94 45
1047.06 45
1052.12 44
1057.84 44
1062.85 44
1068.79 44
1075.38 44
1080.41 44
1085.42 44
1091.79 44
1097.92 43
1105.25 43
1111.4 43
1116.77 43
1122.23 43
1128 43
1133.75 43
1138.8 43
1145.14 43
1151.41 43
1156.6 43
1163.28 43
1169.58 43
1176.37 42
1182.01 42
1187.66 42
1192.73 42
1197.9 42
1203.59 42
1208.87 42
1214.32 42
1220.18 42
1225.52 42
1231.6 42
1236.88 42
1242.19 42
1247.7 42
1252.9 41
1258.21 41
1264.47 41
1269.56 41
1275.15 41
1280.86 41
1286.29 41
1291.64 41
1298.76 41
1305.01 41
1311.04 41
1316.2 41
1322.6 40
1328.18 40
1333.61 40
1340.06 40
1346.22 40
1352.71 40
1359.51 40
1365.04 39
1370.42 39
1375.75 40
1381.14 39
1386.17 39
1391.33 39
1396.98 39
1402.57 39
1407.96 39
1413.46 39
1419.26 39
1424.59 38
1429.77 38
1435.49 38
1441.22 38
1446.29 38
1452.18 38
1457.84 38
1463.35 38
1468.66 38
1474.6 38
1480.67 38
1486.78 37
1492.37 37
1498.52 37
1504.25 37
1510.28 37
1515.42 37
1521.15 37
1526.52 37
1531.58 37
1537.12 37
1542.66 37
1548.23 36
1553.66 36
1559.07 36
1564.4 36
1570.95 36
1578.45 36
1584.16 36
1589.23 36
1595.16 36
1600.9 36
1606.66 35
1611.94 35
1617.12 35
1622.12 35
1627.16 35
1632.85 35
1637.87 35
1643.5 34
1648.52 35
1656.74 35
1662.48 34
1668.32 34
1673.95 34
1679.63 34
1685.16 34
1691.46 34
1697.19 34
1703.06 34
1708.62 34
1714.75 34
1720.05 34
1725.84 34
1730.92 33
1736.57 33
1742.37 33
1747.65 33
1753.23 33
1759.27 33
1764.4 33
1769.41 33
1774.55 33
1779.76 33
1786.2 33
1791.71 32
1797.59 32
1803.44 32
1808.91 32
