2.0	199.414
4.0	229.604
6.0	219.161
8.0	228.425
10.0	216.517
12.0	244.762
14.0	226.926
16.0	214.139
18.0	258.019
20.0	221.777
22.0	225.458
24.0	250.738
26.0	233.725
28.0	231.439
30.0	237.608
32.0	228.894
34.0	241.192
36.0	232.193
38.0	214.902
40.0	250.091
42.0	225.607
44.0	224.82
46.0	248.758
48.0	223.616
50.0	222.058
52.0	215.175
54.0	228.93
56.0	218.51
58.0	212.308
60.0	216.882
62.0	210.304
64.0	210.869
66.0	253.662
68.0	188.73
70.0	224.756
72.0	233.329
74.0	216.789
76.0	205.893
78.0	196.317
80.0	242.906
82.0	230.261
84.0	216.297
86.0	209.167
88.0	242.006
90.0	198.494
92.0	227.205
94.0	233.917
96.0	219.192
98.0	216.695
100.0	196.377
102.0	245.296
104.0	214.529
106.0	210.289
108.0	195.434
110.0	220.699
112.0	250.569
114.0	217.277
116.0	197.336
118.0	227.843
120.0	224.592
122.0	226.982
124.0	216.239
126.0	208.186
128.0	230.384
130.0	215.639
132.0	195.202
134.0	226.255
136.0	221.222
138.0	195.829
140.0	205.645
142.0	248.994
144.0	227.982
146.0	213.104
148.0	213.345
150.0	204.153
152.0	232.551
154.0	209.484
156.0	194.0
158.0	245.726
160.0	215.231
162.0	215.771
164.0	215.673
166.0	210.229
168.0	226.625
170.0	217.359
172.0	197.108
174.0	240.835
176.0	208.665
178.0	197.654
180.0	219.893
182.0	197.655
184.0	211.566
186.0	244.765
188.0	220.266
190.0	195.767
192.0	211.637
194.0	243.624
196.0	214.296
198.0	219.361
200.0	211.265
202.0	196.492
204.0	221.768
206.0	226.382
208.0	217.414
210.0	210.778
212.0	201.319
214.0	213.976
216.0	196.306
218.0	225.137
220.0	201.813
222.0	246.37
224.0	222.884
226.0	197.961
228.0	214.226
230.0	229.409
232.0	220.775
234.0	211.638
236.0	195.556
238.0	239.714
240.0	197.92
242.0	193.226
244.0	244.968
246.0	208.977
248.0	201.415
250.0	211.111
252.0	227.621
254.0	215.347
256.0	195.623
258.0	228.554
260.0	213.515
262.0	197.004
264.0	237.418
266.0	211.225
268.0	203.051
270.0	202.002
272.0	225.031
274.0	225.238
276.0	218.257
278.0	202.253
280.0	228.66
282.0	211.139
284.0	194.376
286.0	202.454
288.0	198.553
290.0	244.981
292.0	219.287
294.0	203.451
296.0	202.726
298.0	212.811
300.0	243.793
302.0	208.685
304.0	213.323
306.0	206.306
308.0	204.929
310.0	195.485
312.0	122.072
314.0	80.697
316.0	71.751
318.0	73.24
320.0	72.52
322.0	224.99
324.0	172.148
326.0	95.945
328.0	72.609
330.0	70.868
332.0	71.093
334.0	203.092
336.0	174.207
338.0	109.847
340.0	89.308
342.0	138.44
344.0	115.877
346.0	71.103
348.0	111.132
350.0	184.283
352.0	115.193
354.0	113.006
356.0	92.58
358.0	71.169
360.0	73.6
362.0	157.062
364.0	187.753
366.0	114.659
368.0	112.506
370.0	89.128
372.0	72.234
374.0	70.494
376.0	177.085
378.0	168.994
380.0	111.494
382.0	89.42
384.0	71.798
386.0	68.221
388.0	102.897
390.0	250.949
392.0	109.586
394.0	87.336
396.0	71.329
398.0	71.236
400.0	122.247
402.0	155.573
404.0	173.837
406.0	109.831
408.0	110.151
410.0	70.844
412.0	73.562
414.0	69.965
416.0	186.509
418.0	70.781
420.0	71.471
422.0	71.416
424.0	157.241
426.0	125.805
428.0	150.785
430.0	70.163
432.0	69.942
434.0	215.493
436.0	154.721
438.0	109.858
440.0	108.837
442.0	113.858
444.0	80.043
446.0	70.228
448.0	97.448
450.0	72.989
452.0	163.928
454.0	69.509
456.0	71.223
458.0	158.033
460.0	209.536
462.0	69.065
464.0	68.183
466.0	67.578
468.0	67.687
470.0	201.369
472.0	112.074
474.0	68.153
476.0	90.53
478.0	240.212
480.0	108.85
482.0	65.732
484.0	148.862
486.0	67.745
488.0	66.495
490.0	68.479
492.0	67.412
494.0	186.675
496.0	80.389
498.0	66.234
500.0	68.006
502.0	177.794
504.0	121.244
506.0	66.7
508.0	65.426
510.0	134.138
512.0	140.823
514.0	66.0
516.0	69.915
518.0	183.656
520.0	194.074
522.0	116.532
524.0	109.275
526.0	116.841
528.0	89.689
530.0	66.155
532.0	63.93
534.0	141.253
536.0	150.442
538.0	64.61
540.0	67.28
542.0	63.97
544.0	65.055
546.0	202.969
548.0	178.308
550.0	81.292
552.0	65.383
554.0	65.039
556.0	64.504
558.0	124.147
560.0	234.063
562.0	105.812
564.0	82.78
566.0	68.021
568.0	62.331
570.0	59.598
572.0	67.81
574.0	64.677
576.0	178.252
578.0	222.649
580.0	112.027
582.0	103.266
584.0	89.309
586.0	63.576
588.0	61.781
590.0	63.416
592.0	177.701
594.0	144.722
596.0	120.168
598.0	103.365
600.0	107.239
602.0	84.325
604.0	65.33
606.0	63.31
608.0	61.849
610.0	86.087
612.0	237.793
614.0	109.681
616.0	87.84
618.0	62.106
620.0	62.092
622.0	64.416
624.0	162.56
626.0	150.637
628.0	121.385
630.0	103.683
632.0	62.817
634.0	61.828
636.0	63.405
638.0	59.009
640.0	123.369
642.0	216.724
644.0	99.585
646.0	66.046
648.0	59.647
650.0	59.624
652.0	60.666
654.0	127.154
656.0	220.433
658.0	63.292
660.0	60.518
662.0	59.763
664.0	59.278
666.0	57.987
668.0	223.81
670.0	158.684
672.0	61.021
674.0	57.39
676.0	58.856
678.0	57.316
680.0	70.637
682.0	237.74
684.0	109.717
686.0	63.827
688.0	57.673
690.0	75.173
692.0	211.852
694.0	100.726
696.0	81.729
698.0	55.679
700.0	61.528
702.0	57.698
704.0	59.942
706.0	233.992
708.0	100.301
710.0	57.184
712.0	57.044
714.0	59.744
716.0	57.337
718.0	57.498
720.0	145.562
722.0	235.35
724.0	90.8
726.0	96.233
728.0	97.734
730.0	55.629
732.0	54.408
734.0	54.338
736.0	51.752
738.0	107.467
740.0	59.386
742.0	56.782
744.0	83.729
746.0	235.784
748.0	163.66
750.0	58.118
752.0	111.883
754.0	94.322
756.0	53.928
758.0	54.062
760.0	54.711
762.0	129.666
764.0	169.49
766.0	87.778
768.0	94.364
770.0	73.654
772.0	56.841
774.0	55.455
776.0	53.816
778.0	118.237
780.0	187.332
782.0	88.403
784.0	94.52
786.0	92.72
788.0	55.276
790.0	53.194
792.0	50.112
794.0	55.533
796.0	54.477
798.0	56.427
800.0	56.238
802.0	208.5
804.0	215.542
806.0	53.96
808.0	56.846
810.0	52.881
812.0	54.184
814.0	53.766
816.0	139.084
818.0	215.426
820.0	77.946
822.0	55.048
824.0	51.552
826.0	50.719
828.0	67.555
830.0	236.635
832.0	58.2
834.0	117.73
836.0	95.699
838.0	92.602
840.0	93.775
842.0	73.658
844.0	52.645
846.0	53.549
848.0	53.107
850.0	52.904
852.0	54.963
854.0	54.592
856.0	79.233
858.0	234.725
860.0	162.27
862.0	93.712
864.0	61.548
866.0	53.779
868.0	54.503
870.0	50.021
872.0	53.707
874.0	184.126
876.0	156.363
878.0	85.483
880.0	92.611
882.0	91.725
884.0	52.812
886.0	50.419
888.0	48.414
890.0	49.721
892.0	44.029
894.0	52.464
896.0	83.842
898.0	237.321
900.0	130.182
902.0	51.141
904.0	124.589
906.0	76.527
908.0	49.439
910.0	73.326
912.0	158.966
914.0	82.142
916.0	91.569
918.0	71.991
920.0	51.965
922.0	143.398
924.0	75.985
926.0	92.882
928.0	91.195
930.0	89.269
932.0	92.547
934.0	90.585
936.0	91.764
938.0	70.81
940.0	67.055
942.0	57.564
944.0	142.216
946.0	89.685
948.0	89.511
950.0	70.432
952.0	54.639
954.0	54.305
956.0	51.123
958.0	99.168
960.0	176.572
962.0	99.19
964.0	52.873
966.0	48.528
968.0	52.482
970.0	47.803
972.0	51.665
974.0	50.533
976.0	204.893
978.0	159.785
980.0	69.183
982.0	48.607
984.0	49.884
986.0	50.228
988.0	52.351
990.0	50.476
992.0	233.26
994.0	117.385
996.0	96.222
998.0	49.673
1000.0	52.723
1002.0	47.257
1004.0	49.843
1006.0	53.01
1008.0	47.849
1010.0	54.965
1012.0	63.835
1014.0	235.289
1016.0	179.626
1018.0	89.781
1020.0	52.595
1022.0	51.977
1024.0	50.211
1026.0	49.766
1028.0	51.852
1030.0	202.075
1032.0	132.948
1034.0	89.789
1036.0	69.881
1038.0	92.151
1040.0	66.313
1042.0	49.121
1044.0	123.914
1046.0	91.395
1048.0	88.759
1050.0	65.349
1052.0	98.49
1054.0	75.328
1056.0	48.782
1058.0	47.078
1060.0	54.435
1062.0	48.717
1064.0	48.425
1066.0	77.614
1068.0	235.799
1070.0	106.504
1072.0	81.904
1074.0	79.765
1076.0	75.566
1078.0	63.495
1080.0	89.157
1082.0	107.086
1084.0	88.265
1086.0	69.884
1088.0	112.283
1090.0	83.274
1092.0	56.605
1094.0	53.966
1096.0	51.516
1098.0	52.097
1100.0	52.194
1102.0	228.305
1104.0	81.258
1106.0	54.415
1108.0	52.09
1110.0	53.272
1112.0	51.263
1114.0	49.224
1116.0	49.853
1118.0	193.941
1120.0	176.788
1122.0	91.646
1124.0	88.852
1126.0	70.107
1128.0	50.303
1130.0	49.51
1132.0	68.261
1134.0	163.182
1136.0	89.881
1138.0	90.772
1140.0	77.824
1142.0	54.291
1144.0	48.527
1146.0	47.173
1148.0	49.896
1150.0	98.415
1152.0	80.264
1154.0	122.476
1156.0	163.643
1158.0	88.247
1160.0	71.06
1162.0	50.494
1164.0	51.256
1166.0	47.879
1168.0	49.356
1170.0	46.488
1172.0	212.447
1174.0	101.821
1176.0	48.178
1178.0	52.393
1180.0	50.341
1182.0	47.441
1184.0	46.875
1186.0	139.866
1188.0	215.617
1190.0	75.39
1192.0	82.171
1194.0	86.66
1196.0	47.836
1198.0	47.952
1200.0	47.547
