 3594
 3706
 3709
 3717
 3734
 3738
 3777
 3777
 3788
 3795
 3801
 3801
 3804
 3804
 3820
 3824
 3836
 3850
 3862
 3871
 3881
 3891
 3902
 3923
 3924
 3926
 3931
 3931
 3944
 3959
 3959
 3967
 3968
 3978
 3991
 3991
 3993
 3997
 4004
 4006
 4019
 4023
 4025
 4038
 4060
 4061
 4072
 4078
 4086
 4087
 4092
 4095
 4095
 4105
 4107
 4112
 4120
 4123
 4124
 4131
 4134
 4136
 4139
 4151
 4153
 4158
 4159
 4166
 4168
 4169
 4172
 4189
 4209
 4221
 4222
 4228
 4239
 4248
 4250
 4252
 4258
 4266
 4276
 4279
 4280
 4280
 4295
 4298
 4298
 4314
 4319
 4319
 4321
 4330
 4332
 4333
 4333
 4342
 4343
 4354
 4356
 4356
 4356
 4358
 4363
 4364
 4365
 4365
 4366
 4370
 4380
 4385
 4387
 4388
 4392
 4399
 4404
 4406
 4407
 4408
 4412
 4418
 4428
 4438
 4443
 4443
 4446
 4452
 4452
 4454
 4456
 4458
 4462
 4463
 4472
 4474
 4476
 4490
 4493
 4500
 4501
 4509
 4511
 4519
 4522
 4567
 4572
 4575
 4581
 4599
 4599
 4616
 4621
 4631
 4634
 4636
 4644
 4648
 4652
 4657
 4663
 4668
 4684
 4686
 4693
 4731
 4756
 4756
 4771
 4778
 4778
 4782
 4793
 4796
 4807
 4810
 4810
 4813
 4816
 4826
 4826
 4830
 4833
 4834
 4836
 4838
 4864
 4870
 4874
 4895
 5052
 5054
 5066
 5075
 5099
 5117
 5217
 5232
 5326
 5341
 5347
 5366
 5371
 5392
 5409
 5454
 5478
 5557
 5617
 5705
 5792
 5825
 5853
 5861
 5900
 5978
 5988
 6009
 6018
 6020
 6046
 6083
 6114
 6142
 6181
 6354
 6387
 6424
 6447
 6490
 6686
 6693
 6743
 6748
 6796
 6817
 6818
 6943
 7169
 7242
 7390
 7404
 7513
 7584
 7658
 7668
 7672
 7704
 7743
 7789
 7914
 7943
 7949
 8108
 8172
 8228
 8272
 8299
 8323
 8331
 8465
 8490
 8494
 8514
 8537
 8577
 8640
 8648
 8657
 8683
 8717
 8754
 8810
 8815
 8819
 8831
 8844
 8873
 8897
 8904
 8932
 9003
 9045
 9092
 9151
 9231
 9333
 9352
 9380
 9421
 9611
 9687
 9690
 9711
 9729
 9768
 9786
 9819
 9870
 9918
 10067
 10084
 10108
 10228
 10290
 10305
 10314
 10450
 10469
 10472
 10487
 10494
 10510
 10522
 10547
 10564
 10594
 10609
 10626
 10637
 10658
 10667
 10732
 10759
 10797
 10798
 10824
 10835
 10845
 10850
 10857
 10868
 10886
 10893
 10894
 10906
 10907
 10949
 11021
 11049
 11060
 11070
 11083
 11090
 11096
 11105
 11161
 11252
 11497
 11514
 11542
 11554
 11579
 11790
 11834
 11865
 12031
 12083
 12132
 12152
 12157
 12196
 12205
 12254
 12334
 12379
 12580
 12612
 12615
 12947
 12971
 12977
 13001
 13013
 13039
 13115
 13201
 13301
 13304
 13368
 13398
 13452
 13454
 13486
 13506
 13541
 13568
 13570
 13577
 13668
 13721
 13724
 13725
 13729
 13741
 13748
 13752
 13759
 13760
 13767
 13843
 13847
 13854
 13874
 13904
 13914
 14006
 14010
 14019
 14021
 14041
 14052
 14065
 14083
 14159
 14188
 14229
 14304
 14382
 14393
 14409
 14430
 14447
 14531
 14535
 14553
 14555
 14625
 14641
 14660
 14716
 14721
 14782
 14796
 14897
 14902
 14907
 14944
 14951
 14964
 14973
 15033
 15130
 15164
 15213
 15218
 15299
 15352
 15375
 15376
 15385
 15411
 15424
 15455
 15483
 15500
 15525
 15602
 15631
 15680
 15793
 15808
 15834
 15942
 15980
 16091
 16101
 16109
 16134
 16240
 16248
 16252
 16342
 16357
 16523
 16542
 16562
 16574
 16603
 16624
 16862
 16904
 16908
 16912
 16946
 16953
 17075
 17087
 17185
 17195
 17293
 17391
 17448
 17499
 17537
 17563
 17591
 17635
 17647
 17658
 17663
 17668
 17674
 17743
 17812
 17814
 17824
 17825
 17972
 18024
 18040
 18048
 18167
 18176
 18191
 18222
 18244
 18249
 18297
 18334
 18398
 18427
 18461
 18492
 18549
 18609
 18629
 18654
 18660
 18671
 18754
 18779
 18786
 18795
 18797
 18814
 18832
 18860
 18872
 18907
 18916
 18936
 18944
 18946
 18973
 18992
 19020
 19023
 19026
 19081
 19095
 19099
 19133
 19147
 19192
 19239
 19249
 19263
 19320
 19342
 19484
 19499
 19510
 19564
 19576
 19594
 19669
 19673
 19678
 19701
 19711
 19717
 19732
 19747
 19788
 19795
 19834
 19905
 19942
 19987
 20163
 20274
 20327
 20353
 20358
 20378
 20386
 20402
 20448
 20471
 20500
 20612
 20713
 20936
 20955
 20976
 21132
 21254
 21416
 22441
