# timestamp	GC Total Latency (msec)		Read Latency (msec)	Write Latency (msec)\n
79.4626 7 0 0
80.4626 8 0 0
81.4625 10 1 0
82.4626 14 4 2
83.4625 16 5 3
84.4625 18 6 4
85.4625 22 8 5
86.4625 24 10 6
87.4625 28 12 7
88.4666 31 14 9
89.4665 36 17 11
90.4665 43 21 14
91.4667 56 29 19
92.4679 79 43 29
93.4706 122 68 47
94.4746 204 113 85
95.4787 298 154 138
96.4827 382 189 189
97.4868 481 233 244
98.4909 611 296 312
99.4949 790 383 406
100.499 949 459 490
101.503 1099 529 571
102.507 1244 596 650
103.511 1363 650 716
104.515 1504 714 794
105.519 1621 767 859
106.523 1726 813 920
107.527 1841 863 985
108.532 1943 908 1043
109.535 2031 946 1095
110.54 2140 992 1158
111.545 2235 1032 1213
112.548 2333 1074 1272
113.552 2416 1108 1322
114.556 2501 1143 1371
115.56 2600 1184 1430
116.567 2685 1219 1482
117.568 2763 1251 1528
118.572 2843 1285 1575
119.577 2917 1315 1620
120.58 2991 1345 1663
121.584 3058 1373 1703
122.588 3127 1401 1745
123.592 3190 1426 1783
124.596 3255 1453 1821
125.6 3299 1471 1847
126.604 3354 1494 1880
127.608 3410 1517 1914
128.612 3460 1537 1943
129.616 3512 1558 1974
130.621 3550 1574 1997
131.625 3595 1593 2024
132.645 3638 1610 2049
133.649 3685 1629 2077
134.653 3727 1646 2103
135.657 3762 1661 2124
136.661 3798 1676 2145
137.665 3835 1691 2167
138.669 3864 1703 2185
139.673 3899 1717 2206
140.679 3933 1730 2226
141.689 3963 1743 2244
142.693 3996 1756 2264
143.697 4026 1769 2282
144.701 4056 1781 2300
145.705 4084 1792 2317
146.709 4111 1803 2333
147.713 4135 1813 2348
148.717 4161 1823 2364
149.732 4186 1833 2378
150.733 4214 1845 2395
151.737 4236 1854 2408
152.742 4259 1863 2422
153.746 4281 1872 2436
154.75 4303 1881 2449
155.754 4327 1891 2463
156.758 4347 1899 2475
157.762 4370 1908 2489
158.766 4386 1914 2499
159.77 4406 1922 2511
160.774 4424 1929 2522
161.778 4445 1938 2535
162.782 4462 1945 2545
163.79 4482 1952 2557
164.79 4499 1959 2568
165.794 4515 1966 2578
166.798 4534 1974 2589
167.802 4550 1980 2599
168.806 4567 1987 2609
169.81 4583 1993 2619
170.814 4600 2000 2629
171.818 4615 2006 2639
172.822 4631 2012 2648
173.826 4646 2018 2657
174.83 4661 2024 2667
175.834 4673 2028 2674
176.838 4688 2034 2684
177.838 4701 2039 2692
178.843 4717 2045 2702
179.849 4730 2050 2710
180.851 4743 2055 2718
181.855 4756 2060 2726
182.859 4770 2065 2734
183.863 4783 2070 2743
184.867 4795 2075 2750
185.871 4807 2079 2757
186.875 4818 2084 2764
187.879 4831 2089 2773
188.883 4842 2093 2780
189.887 4855 2098 2788
190.891 4865 2102 2794
191.895 4876 2106 2801
192.899 4887 2110 2808
193.915 4899 2114 2815
194.919 4910 2118 2822
195.923 4921 2123 2829
196.927 4934 2127 2837
197.931 4945 2132 2844
198.935 4955 2135 2851
199.939 4966 2139 2858
200.943 4978 2144 2866
201.947 4989 2148 2873
202.951 4998 2151 2879
203.955 5009 2155 2885
204.959 5016 2158 2890
205.963 5026 2161 2896
206.967 5034 2164 2902
207.976 5044 2168 2908
208.98 5054 2172 2915
209.983 5063 2175 2921
210.987 5073 2179 2927
211.991 5083 2182 2933
212.995 5092 2185 2939
214.011 5101 2188 2945
215.011 5110 2192 2951
216.015 5119 2195 2956
217.02 5128 2198 2962
218.023 5136 2201 2967
219.028 5144 2204 2973
220.032 5153 2207 2979
221.036 5161 2210 2984
222.04 5170 2213 2990
223.044 5176 2216 2993
224.048 5184 2218 2998
225.058 5193 2221 3004
226.06 5199 2224 3009
227.064 5207 2226 3014
228.068 5216 2230 3020
229.072 5224 2233 3025
230.076 5232 2235 3030
231.08 5240 2238 3035
232.084 5248 2241 3041
233.088 5254 2243 3045
234.092 5261 2245 3049
235.096 5269 2248 3055
236.101 5275 2250 3059
237.104 5282 2253 3063
238.108 5290 2255 3068
239.112 5294 2257 3071
240.116 5300 2259 3075
241.124 5307 2261 3079
242.128 5313 2264 3084
243.132 5320 2266 3088
244.136 5328 2269 3093
245.14 5335 2271 3097
246.144 5341 2273 3102
247.148 5348 2276 3106
248.152 5353 2278 3110
249.156 5361 2280 3115
250.16 5367 2282 3119
251.164 5374 2285 3123
252.168 5380 2287 3127
253.172 5388 2289 3132
254.176 5392 2291 3136
255.18 5399 2293 3140
256.184 5405 2296 3144
257.189 5413 2298 3149
258.192 5419 2300 3154
259.196 5426 2302 3158
260.201 5432 2304 3162
261.204 5438 2306 3166
262.208 5444 2308 3170
263.212 5451 2311 3175
264.216 5456 2312 3178
265.22 5462 2314 3183
266.227 5469 2317 3187
267.231 5472 2318 3189
268.233 5478 2320 3194
269.237 5483 2321 3197
270.241 5489 2323 3201
271.245 5496 2325 3206
272.249 5502 2327 3210
273.253 5506 2329 3213
274.257 5511 2331 3216
275.261 5517 2332 3220
276.269 5522 2334 3223
277.273 5528 2336 3227
278.277 5533 2337 3231
279.281 5538 2339 3235
280.285 5544 2341 3238
281.289 5550 2343 3243
282.293 5554 2344 3245
283.297 5558 2345 3248
284.321 5563 2347 3252
285.321 5568 2349 3255
286.325 5574 2351 3259
287.329 5579 2352 3263
288.333 5586 2354 3267
289.337 5591 2356 3271
290.343 5597 2358 3275
291.345 5601 2359 3278
292.349 5606 2360 3281
293.353 5611 2362 3285
294.357 5616 2364 3288
295.361 5621 2365 3292
296.365 5627 2367 3296
297.369 5631 2368 3299
298.373 5636 2370 3303
299.378 5641 2371 3306
300.381 5646 2373 3310
301.385 5651 2374 3313
302.389 5656 2376 3317
303.393 5661 2377 3320
304.397 5666 2379 3323
305.402 5671 2380 3327
306.405 5677 2382 3331
307.409 5682 2384 3335
308.413 5687 2385 3338
309.417 5690 2386 3341
310.421 5695 2387 3345
311.425 5700 2389 3348
312.429 5705 2390 3351
313.433 5709 2391 3354
314.437 5714 2393 3358
315.441 5717 2394 3360
316.445 5722 2395 3364
317.449 5727 2396 3367
318.453 5731 2398 3371
319.457 5737 2399 3375
320.461 5742 2401 3378
321.465 5746 2402 3381
322.469 5751 2403 3385
323.473 5757 2405 3389
324.477 5763 2406 3394
325.481 5768 2408 3398
326.485 5773 2409 3401
327.509 5778 2410 3405
328.513 5783 2412 3408
329.517 5788 2413 3413
330.521 5793 2414 3416
331.526 5800 2416 3421
332.529 5807 2418 3426
333.535 5813 2420 3431
334.537 5820 2421 3437
335.541 5825 2422 3441
336.545 5834 2424 3447
337.55 5840 2426 3452
338.558 5849 2428 3459
339.562 5856 2430 3465
340.566 5863 2431 3470
341.57 5870 2433 3475
342.574 5876 2434 3480
343.578 5883 2436 3485
344.582 5893 2438 3493
345.587 5898 2439 3497
346.59 5906 2441 3503
347.594 5918 2444 3512
348.598 5920 2444 3514
349.602 5926 2446 3519
350.606 5934 2448 3525
351.61 5942 2450 3531
352.614 5950 2452 3538
353.618 5959 2454 3544
354.622 5963 2454 3548
355.626 5971 2456 3554
356.633 5982 2459 3563
357.634 5989 2461 3568
358.638 5999 2463 3575
359.646 6009 2465 3583
360.646 6018 2468 3591
361.65 6027 2470 3597
362.654 6032 2470 3601
363.658 6042 2473 3609
364.662 6052 2475 3617
365.666 6062 2478 3624
366.67 6072 2480 3632
367.674 6081 2482 3639
368.678 6091 2485 3647
369.682 6099 2486 3653
370.686 6109 2489 3661
371.692 6119 2491 3668
372.694 6131 2494 3677
373.698 6138 2496 3683
374.702 6148 2498 3691
375.706 6158 2500 3699
376.712 6169 2502 3708
377.714 6177 2504 3714
378.718 6185 2506 3720
379.722 6196 2508 3730
380.726 6209 2511 3739
381.73 6216 2512 3745
382.734 6224 2514 3752
383.738 6238 2517 3763
384.742 6247 2519 3770
385.746 6263 2522 3783
386.75 6266 2522 3785
387.754 6282 2526 3798
388.758 6309 2532 3819
389.762 6299 2528 3813
390.766 6299 2528 3813
391.772 6307 2530 3819
392.774 6314 2532 3825
393.779 6323 2534 3832
394.794 6334 2536 3841
395.799 6360 2542 3861
396.802 6374 2544 3873
397.806 6370 2543 3870
398.81 6378 2545 3876
399.814 6387 2547 3883
400.818 6404 2550 3897
401.822 6437 2557 3924
402.826 6430 2554 3919
403.834 6437 2556 3924
404.839 6446 2558 3931
405.843 6467 2563 3948
406.846 6479 2565 3958
407.851 6517 2573 3989
408.854 6591 2588 4048
409.858 6662 2603 4105
410.862 6643 2595 4093
411.866 6626 2589 4083
412.87 6607 2581 4071
413.874 6592 2575 4061
414.878 6581 2572 4054
415.882 6579 2572 4052
416.886 6581 2572 4054
417.89 6587 2574 4059
418.895 6596 2576 4065
419.898 6601 2577 4069
420.903 6607 2579 4073
421.906 6617 2581 4081
422.91 6634 2585 4095
423.914 6645 2587 4104
424.918 6678 2593 4130
425.922 6680 2594 4132
426.927 6694 2597 4144
427.93 6767 2612 4202
428.934 6834 2626 4256
429.954 6887 2636 4299
430.954 6868 2629 4287
431.958 6849 2622 4274
432.963 6830 2615 4262
433.966 6814 2609 4252
434.97 6799 2604 4243
435.97 6794 2602 4239
436.975 6793 2602 4238
437.978 6796 2603 4240
438.982 6801 2605 4244
439.987 6806 2606 4247
440.992 6811 2607 4251
441.995 6818 2609 4257
442.999 6831 2611 4267
444.007 6844 2614 4277
445.01 6856 2617 4287
446.014 6925 2631 4342
447.019 6916 2627 4337
448.023 6989 2642 4395
449.026 7060 2657 4453
450.03 7044 2651 4443
451.035 7027 2644 4432
452.039 7010 2638 4421
453.042 6993 2632 4410
454.047 6978 2626 4401
455.05 6969 2623 4394
456.055 6966 2623 4392
457.058 6966 2623 4392
458.063 6970 2625 4394
459.066 6971 2625 4395
460.071 6977 2627 4399
461.074 6981 2628 4402
462.078 6988 2629 4407
463.082 7003 2632 4420
464.086 7009 2634 4424
465.091 7029 2638 4440
466.095 7033 2639 4444
467.099 7062 2645 4467
468.103 7132 2659 4523
469.108 7197 2672 4575
470.111 7258 2685 4625
471.115 7259 2684 4627
472.119 7244 2678 4617
473.123 7228 2672 4607
474.13 7212 2666 4597
475.131 7199 2662 4588
476.135 7183 2656 4578
477.139 7171 2651 4570
478.143 7164 2650 4565
479.147 7162 2649 4563
480.151 7162 2650 4563
481.155 7165 2651 4565
482.159 7169 2652 4567
483.163 7173 2653 4570
484.167 7178 2654 4574
485.171 7184 2656 4579
486.175 7216 2662 4605
487.179 7209 2660 4599
488.183 7213 2661 4602
489.187 7218 2663 4606
490.192 7256 2670 4636
491.195 7267 2672 4647
492.199 7265 2671 4645
