# timestamp	command count (MB)\n
-334.755 0
-295.461 0
-293.939 0
-290.045 0
-289.021 0
-287.994 0
-286.895 0
-285.895 0
-284.801 0
-283.755 0
-282.756 0
-280.774 0
-279.776 0
-278.776 0
-277.776 0
-275.311 0
-274.22 0
-273.114 0
-272.114 0
-271.092 0
-269.907 0
-265.88 0
-264.863 0
-263.843 0
-259.306 0
-258.306 0
-257.299 0
-256.284 0
-254.592 0
-253.568 0
-252.567 0
-251.567 0
-250.558 0
-249.56 0
-248.011 0
-247.012 0
-245.208 0
-240.483 0
-239.479 0
-238.48 0
-235.677 0
-234.68 0
-233.678 0
-232.68 0
-229.348 0
-228.336 0
-227.331 0
-226.143 0
-221.429 0
-220.431 0
-217.43 0
-216.432 0
-215.428 0
-213.523 0
-212.035 0
-207.253 0
-206.245 0
-205.248 0
-204.238 0
-203.07 0
-201.529 0
-200.531 0
-199.201 0
-198.068 0
-197.065 0
-196.067 0
-194.147 0
-192.615 0
-189.25 0
-188.242 0
-187.244 0
-185.906 0
-184.387 0
-183.149 0
-181.753 0
-180.756 0
-179.754 0
-178.753 0
-177.755 0
-176.593 0
-174.761 0
-173.764 0
-172.305 0
-171.293 0
-170.296 0
-168.929 0
-163.863 0
-162.848 0
-161.848 0
-160.22 0
-159.217 0
-158.219 0
-156.703 0
-153.929 0
-152.931 0
-151.132 0
-149.845 0
-145.112 0
-144.11 0
-143.111 0
-142.111 0
-141.109 0
-139.206 0
-137.587 0
-136.586 0
-135.558 0
-134.284 0
-132.641 0
-130.76 0
-128.825 0
-124.588 0
-123.588 0
-122.584 0
-121.582 0
-120.475 0
-119.005 0
-115.411 0
-114.399 0
-113.398 0
-112.083 0
-111.079 0
-109.549 0
-104.458 0
-103.455 0
-102.456 0
-101.449 0
-100.452 0
-98.844 0
-97.3018 0
-95.7353 0
-90.8126 0
-89.8122 0
-88.783 0
-87.7822 0
-85.5218 0
-84.5234 0
-83.4821 0
-82.4847 0
-81.3176 0
-80.0878 0
-78.9691 0
-77.9639 0
-76.2581 0
-74.0459 0
-73.0394 0
-72.0289 0
-70.7431 0
-68.7618 0
-63.6272 0
-62.6274 0
-61.6288 0
-60.6288 0
-59.6239 0
-58.3422 0
-57.3446 0
-56.3433 0
-55.1703 0
-53.5981 0
-51.3351 0
-50.3325 0
-48.4283 0
-47.2595 0
-44.6636 0
-43.6416 0
-42.6242 0
-41.2869 0
-39.9961 0
-38.995 0
-37.9346 0
-35.9621 0
-31.9529 0
-30.9464 0
-29.9467 0
-28.1969 0
-25.0186 0
-24.007 0
-20.9726 0
-19.9715 0
-18.8931 0
-17.3759 0
-12.2945 0
-11.2915 0
-10.2879 0
-9.28809 0
-8.28377 0
-7.28505 0
-6.28441 0
-4.89893 0
-3.72344 0
-2.72352 0
-1.7235 0
-0.723295 0
0.276657 0
1.277 0
2.27688 0
3.27691 0
4.27716 0
5.2772 0
7.44164 0
8.44297 0
9.44287 0
10.4429 0
11.4469 0
12.4469 0
13.4469 0
14.4471 0
15.4469 0
16.4469 0
17.4469 0
18.4469 0
19.4469 0
20.4468 0
21.4468 0
22.4468 0
23.4468 0
24.4468 0
25.4468 0
26.4469 0
27.4468 0
28.4468 0
29.4508 0
30.4508 0
31.4508 0
32.4509 0
33.4508 0
34.4508 0
35.4548 0
36.4547 0
37.455 0
38.4548 0
39.4548 0
40.4548 0
41.4548 0
42.4547 0
43.4547 0
44.4547 0
45.4547 0
46.4553 0
47.4547 0
48.4547 0
49.4547 0
50.4547 0
51.4547 0
52.4588 0
53.4587 0
54.4587 0
55.4587 0
56.4589 0
57.4587 0
58.4586 0
59.4587 0
60.4586 0
61.4587 0
62.4591 0
63.4586 0
64.4587 0
65.4586 0
66.4586 0
67.4586 0
68.4586 0
69.4586 0
70.4586 0
71.4586 0
72.4586 0
73.4586 0
74.4586 0
75.4626 0
76.4626 0
77.4626 0
78.4626 0
79.4626 0
80.4626 0
81.4626 0
82.4626 0
83.4625 0
84.4625 0
85.4625 1
86.4625 0
87.4625 1
88.4666 0
89.4665 1
90.4665 2
91.4667 2
92.4679 5
93.4706 10
94.4746 19
95.4787 13
96.4827 9
97.4868 21
98.4909 47
99.4949 72
100.499 72
101.503 75
102.507 79
103.511 71
104.515 93
105.519 82
106.523 79
107.527 95
108.532 88
109.535 81
110.54 108
111.545 98
112.548 106
113.552 97
114.556 103
115.56 126
116.567 115
117.568 111
118.572 116
119.577 117
120.58 120
121.584 118
122.588 128
123.592 118
124.596 130
125.6 92
126.604 120
127.608 126
128.612 117
129.616 129
130.621 101
131.625 120
132.645 118
133.649 132
134.653 125
135.657 110
136.661 117
137.665 122
138.669 103
139.673 124
140.679 123
141.689 110
142.693 129
143.697 121
144.701 123
145.705 116
146.709 123
147.713 114
148.717 122
149.732 118
150.733 136
151.737 116
152.742 126
153.746 117
154.75 119
155.754 134
156.758 112
157.762 137
158.766 108
159.77 120
160.774 113
161.778 138
162.782 108
163.79 134
164.79 117
165.794 117
166.798 133
167.802 124
168.806 124
169.81 126
170.814 128
171.818 124
172.822 121
173.826 125
174.83 131
175.834 109
176.838 135
177.838 121
178.843 137
179.849 119
180.851 136
181.855 121
182.859 127
183.863 129
184.867 128
185.871 123
186.875 126
187.879 137
188.883 118
189.887 136
190.891 116
191.895 121
192.899 122
193.915 131
194.919 130
195.923 142
196.927 148
197.931 137
198.935 122
199.939 145
200.943 148
201.947 145
202.951 123
203.955 135
204.959 120
205.963 137
206.967 124
207.976 149
208.98 135
209.983 132
210.987 140
211.991 139
212.995 138
214.011 136
215.011 146
216.015 138
217.02 142
218.023 122
219.028 139
220.032 141
221.036 128
222.04 136
223.044 119
224.048 132
225.059 141
226.06 128
227.064 140
228.068 150
229.072 130
230.076 138
231.08 151
232.084 143
233.088 116
234.092 140
235.096 141
236.101 122
237.104 133
238.108 147
239.112 114
240.116 134
241.124 135
242.128 135
243.132 133
244.136 154
245.14 134
246.144 131
247.148 144
248.152 121
249.156 152
250.16 141
251.164 145
252.168 130
253.172 156
254.176 121
255.18 143
256.184 140
257.189 162
258.192 141
259.196 145
260.201 146
261.204 133
262.208 152
263.212 155
264.216 132
265.22 145
266.227 155
267.231 114
268.233 155
269.237 135
270.241 131
271.245 159
272.249 148
273.253 118
274.257 144
275.261 151
276.269 133
277.273 149
278.277 136
279.281 141
280.285 156
281.289 155
282.293 120
283.297 150
284.321 141
285.321 130
286.325 158
287.329 146
288.333 150
289.337 153
290.343 158
291.345 133
292.349 136
293.353 161
294.357 135
295.361 148
296.365 166
297.369 147
298.373 149
299.378 155
300.381 157
301.385 139
302.389 159
303.393 145
304.397 140
305.402 162
306.405 156
307.409 160
308.413 157
309.417 152
310.421 147
311.425 152
312.429 147
313.433 141
314.437 162
315.441 147
316.445 140
317.449 163
318.453 140
319.457 164
320.461 173
321.465 158
322.469 166
323.473 176
324.477 163
325.481 168
326.485 172
327.509 143
328.513 173
329.517 162
330.521 145
331.526 194
332.529 183
333.535 179
334.537 186
335.541 168
336.545 204
337.55 185
338.558 203
339.562 197
340.566 173
341.57 196
342.574 193
343.578 178
344.582 229
345.587 165
346.59 207
347.594 253
348.598 154
349.602 191
350.606 203
351.61 202
352.614 212
353.618 221
354.622 168
355.626 206
356.633 252
357.634 184
358.638 215
359.646 241
360.646 226
361.65 202
362.654 189
363.658 238
364.662 217
365.666 238
366.67 227
367.674 245
368.678 243
369.682 234
370.686 249
371.692 227
372.694 278
373.698 201
374.702 261
375.706 244
376.712 273
377.714 239
378.718 207
379.722 288
380.726 282
381.73 243
382.734 211
383.738 316
384.742 238
385.746 351
386.75 162
387.754 359
388.758 524
389.762 52
390.766 139
391.772 228
392.774 224
393.779 234
394.794 250
395.799 501
396.802 286
397.806 92
398.81 233
399.814 254
400.818 363
401.822 614
402.826 71
403.834 231
404.839 251
405.843 409
406.846 292
407.851 691
408.854 1213
409.858 288
410.862 584
411.866 287
412.87 1
413.874 5
414.878 39
415.882 119
416.886 164
417.89 231
418.895 272
419.898 229
420.903 207
421.906 289
422.91 394
423.914 290
424.918 657
425.922 167
426.927 349
427.93 1242
428.934 688
429.954 0
430.954 719
431.958 639
432.963 88
433.966 5
434.97 10
435.97 57
436.975 129
437.978 206
438.982 227
439.987 241
440.992 223
441.995 264
442.999 367
444.007 359
445.01 339
446.014 1315
447.019 118
448.023 1402
449.026 15
450.03 240
451.035 416
452.039 701
453.042 2
454.047 4
455.05 31
456.055 115
457.058 143
458.063 231
459.066 163
460.071 281
461.074 215
462.078 269
463.082 490
464.087 261
465.091 509
466.095 211
467.099 686
468.103 1456
469.108 239
470.111 0
471.115 117
472.119 476
473.123 506
474.13 643
475.131 659
476.135 244
477.139 9
478.143 74
479.147 105
480.151 163
481.155 208
482.159 218
483.163 256
484.167 257
485.171 294
486.175 801
487.179 70
488.183 230
489.187 252
490.192 892
491.195 521
492.199 143
