# timestamp	memory footprint (MB)\n
-334.755 0
-295.461 0
-293.939 0
-290.045 0
-289.021 0
-287.994 0
-286.895 0
-285.895 0
-284.801 0
-283.755 0
-282.756 0
-280.774 0
-279.776 0
-278.776 0
-277.776 0
-275.311 0
-274.22 0
-273.114 0
-272.114 0
-271.092 0
-269.907 0
-265.88 0
-264.863 0
-263.843 0
-259.306 0
-258.306 0
-257.299 0
-256.284 0
-254.592 0
-253.568 0
-252.567 0
-251.567 0
-250.558 0
-249.56 0
-248.011 0
-247.012 0
-245.208 0
-240.483 0
-239.479 0
-238.48 0
-235.677 0
-234.68 0
-233.678 0
-232.68 0
-229.348 0
-228.336 0
-227.331 0
-226.142 0
-221.429 0
-220.431 0
-217.43 0
-216.432 0
-215.428 0
-213.523 0
-212.035 0
-207.253 0
-206.245 0
-205.248 0
-204.238 0
-203.07 0
-201.529 0
-200.531 0
-199.201 0
-198.068 0
-197.065 0
-196.067 0
-194.147 0
-192.615 0
-189.25 0
-188.242 0
-187.244 0
-185.906 0
-184.387 0
-183.149 0
-181.753 0
-180.756 0
-179.754 0
-178.753 0
-177.755 0
-176.593 0
-174.761 0
-173.764 0
-172.305 0
-171.293 0
-170.296 0
-168.929 0
-163.863 0
-162.848 0
-161.848 0
-160.22 0
-159.217 0
-158.219 0
-156.703 0
-153.929 0
-152.931 0
-151.132 0
-149.845 0
-145.112 0
-144.11 0
-143.111 0
-142.111 0
-141.109 0
-139.206 0
-137.587 0
-136.586 0
-135.558 0
-134.284 0
-132.641 0
-130.76 0
-128.825 0
-124.588 0
-123.588 0
-122.584 0
-121.582 0
-120.475 0
-119.005 0
-115.411 0
-114.399 0
-113.398 0
-112.083 0
-111.079 0
-109.549 0
-104.458 0
-103.455 0
-102.456 0
-101.449 0
-100.452 0
-98.844 0
-97.3018 0
-95.7353 0
-90.8126 0
-89.8122 0
-88.783 0
-87.7822 0
-85.5218 0
-84.5234 0
-83.4821 0
-82.4847 0
-81.3176 0
-80.0878 0
-78.9691 0
-77.9639 0
-76.2581 0
-74.0459 0
-73.0394 0
-72.0289 0
-70.7431 0
-68.7618 0
-63.6272 0
-62.6274 0
-61.6288 0
-60.6288 0
-59.6239 0
-58.3422 0
-57.3446 0
-56.3433 0
-55.1703 0
-53.5981 0
-51.3351 0
-50.3325 0
-48.4283 0
-47.2595 0
-44.6636 0
-43.6416 0
-42.6242 0
-41.2869 0
-39.9961 0
-38.995 0
-37.9346 0
-35.9621 0
-31.9529 0
-30.9464 0
-29.9467 0
-28.1969 0
-25.0186 0
-24.007 0
-20.9726 0
-19.9715 0
-18.8931 0
-17.3759 0
-12.2945 0
-11.2915 0
-10.2879 0
-9.28808 0
-8.28377 0
-7.28505 0
-6.28441 0
-4.89892 0
-3.72344 0
-2.72352 0
-1.72349 0
-0.723293 0
0.276658 0
1.27701 0
2.27688 0
3.27692 0
4.27717 0
5.27721 0
7.44164 0
8.44297 0
9.44288 0
10.4429 0
11.4469 0
12.4469 0
13.4469 0
14.4471 0
15.4469 0
16.4469 0
17.4469 0
18.4469 0
19.4469 0
20.4468 0
21.4468 0
22.4468 0
23.4468 0
24.4468 0
25.4468 0
26.4469 0
27.4468 0
28.4468 0
29.4508 0
30.4508 0
31.4508 0
32.4509 0
33.4508 0
34.4508 0
35.4548 0
36.4547 0
37.455 0
38.4548 0
39.4548 0
40.4548 0
41.4548 0
42.4547 0
43.4547 0
44.4547 0
45.4547 0
46.4553 0
47.4547 0
48.4547 0
49.4547 0
50.4547 0
51.4547 0
52.4588 0
53.4587 0
54.4587 0
55.4587 0
56.4589 0
57.4587 0
58.4587 0
59.4587 0
60.4586 0
61.4587 0
62.4591 0
63.4586 0
64.4587 0
65.4586 0
66.4586 0
67.4586 0
68.4586 0
69.4586 0
70.4586 0
71.4586 0
72.4586 0
73.4586 0
74.4586 0
75.4626 0
76.4626 0
77.4626 0
78.4626 0
79.4626 0
80.4626 0
81.4626 0
82.4626 0
83.4625 0
84.4625 0
85.4625 0
86.4625 0
87.4625 0
88.4666 0
89.4665 0
90.4665 0
91.4667 0
92.4679 0
93.4706 0
94.4746 0
95.4787 0
96.4827 0
97.4868 0
98.4909 0
99.4949 0
100.499 0
101.503 0
102.507 0
103.511 0
104.515 0
105.519 0
106.523 0
107.527 0
108.532 0
109.535 0
110.54 0
111.545 0
112.548 0
113.552 0
114.556 0
115.56 0
116.567 0
117.568 0
118.572 0
119.577 0
120.58 0
121.584 0
122.588 0
123.592 0
124.596 0
125.6 0
126.604 0
127.608 0
128.612 0
129.616 0
130.621 0
131.625 0
132.645 0
133.649 0
134.653 0
135.657 0
136.661 0
137.665 0
138.669 0
139.673 0
140.679 0
141.689 0
142.693 0
143.697 0
144.701 0
145.705 0
146.709 0
147.713 0
148.717 0
149.732 0
150.733 0
151.737 0
152.742 0
153.746 0
154.75 0
155.754 0
156.758 0
157.762 0
158.766 0
159.77 0
160.774 0
161.778 0
162.782 0
163.79 0
164.79 0
165.794 0
166.798 0
167.802 0
168.806 0
169.81 0
170.814 0
171.818 0
172.822 0
173.826 0
174.83 0
175.834 0
176.838 0
177.838 0
178.843 0
179.849 0
180.851 0
181.855 0
182.859 0
183.863 0
184.867 0
185.871 0
186.875 0
187.879 0
188.883 0
189.887 0
190.891 0
191.895 0
192.899 0
193.915 0
194.919 0
195.923 0
196.927 0
197.931 0
198.935 0
199.939 0
200.943 0
201.947 0
202.951 0
203.955 0
204.959 0
205.963 0
206.967 0
207.976 0
208.98 0
209.983 0
210.987 0
211.991 0
212.995 0
214.011 0
215.011 0
216.015 0
217.02 0
218.023 0
219.028 0
220.032 0
221.036 0
222.04 0
223.044 0
224.048 0
225.059 0
226.06 0
227.064 0
228.068 0
229.072 0
230.076 0
231.08 0
232.084 0
233.088 0
234.092 0
235.096 0
236.101 0
237.104 0
238.108 0
239.112 0
240.116 0
241.124 0
242.128 0
243.132 0
244.136 0
245.14 0
246.144 0
247.148 0
248.152 0
249.156 0
250.16 0
251.164 0
252.168 0
253.172 0
254.176 0
255.18 0
256.184 0
257.189 0
258.192 0
259.196 0
260.201 0
261.204 0
262.208 0
263.212 0
264.217 0
265.22 0
266.227 0
267.231 0
268.233 0
269.237 0
270.241 0
271.245 0
272.249 0
273.253 0
274.257 0
275.261 0
276.269 0
277.273 0
278.277 0
279.281 0
280.285 0
281.289 0
282.293 0
283.297 0
284.321 0
285.321 0
286.325 0
287.329 0
288.333 0
289.337 0
290.343 0
291.345 0
292.349 0
293.353 0
294.357 0
295.361 0
296.365 0
297.369 0
298.373 0
299.378 0
300.381 0
301.385 0
302.389 0
303.393 0
304.397 0
305.402 0
306.405 0
307.409 0
308.413 0
309.417 0
310.421 0
311.425 0
312.429 0
313.433 0
314.437 0
315.441 0
316.445 0
317.449 0
318.453 0
319.457 0
320.461 0
321.465 0
322.469 0
323.473 0
324.477 0
325.481 0
326.485 0
327.509 0
328.513 0
329.517 0
330.521 0
331.526 0
332.529 0
333.535 0
334.537 0
335.541 0
336.545 0
337.55 0
338.558 0
339.562 0
340.566 0
341.57 0
342.574 0
343.578 0
344.582 0
345.587 0
346.59 0
347.594 0
348.598 0
349.602 0
350.606 0
351.61 0
352.614 0
353.618 0
354.622 0
355.626 0
356.633 0
357.634 0
358.638 0
359.646 0
360.646 0
361.65 0
362.654 0
363.658 0
364.662 0
365.666 0
366.67 0
367.674 0
368.678 0
369.682 0
370.686 0
371.692 0
372.694 0
373.698 0
374.702 0
375.706 0
376.712 0
377.714 0
378.718 0
379.722 0
380.726 0
381.73 0
382.734 0
383.738 0
384.742 0
385.746 0
386.75 0
387.754 1
388.758 0
389.762 0
390.766 0
391.772 0
392.774 0
393.779 0
394.794 0
395.799 2
396.802 0
397.806 0
398.81 0
399.814 0
400.818 0
401.822 1
402.826 0
403.834 0
404.839 0
405.843 1
406.846 0
407.851 3
408.854 12
409.858 19
410.862 8
411.866 2
412.87 0
413.874 0
414.878 0
415.882 0
416.886 0
417.89 0
418.895 0
419.898 0
420.903 0
421.906 0
422.91 1
423.914 0
424.918 1
425.922 0
426.927 0
427.93 9
428.934 17
429.954 13
430.954 10
431.958 7
432.963 7
433.966 0
434.97 0
435.97 0
436.975 0
437.978 0
438.982 0
439.987 0
440.992 0
441.995 0
442.999 0
444.007 0
445.01 1
446.014 10
447.019 4
448.023 13
449.026 23
450.03 12
451.035 7
452.039 3
453.043 0
454.047 0
455.05 0
456.055 0
457.058 0
458.063 0
459.066 0
460.071 0
461.074 0
462.078 0
463.082 0
464.087 0
465.091 0
466.095 0
467.099 2
468.103 12
469.108 21
470.111 30
471.115 20
472.119 15
473.123 12
474.13 10
475.131 6
476.135 2
477.139 0
478.143 0
479.147 0
480.151 0
481.155 0
482.159 0
483.163 0
484.167 0
485.171 0
486.175 1
487.179 0
488.183 0
489.187 0
490.192 6
491.195 2
492.199 0
