# timestamp	utilization (%) \n
-289.021 0
-283.755 0
-277.776 0
-271.092 0
-259.306 0
-253.568 0
-248.011 0
-238.48 0
-229.348 0
-220.431 0
-212.035 0
-203.07 0
-197.065 0
-188.242 0
-181.753 0
-176.593 0
-170.296 0
-160.22 0
-152.931 0
-143.111 0
-136.586 0
-128.825 0
-120.475 0
-112.083 0
-102.456 0
-95.7353 0
-85.5218 0
-80.0878 0
-73.0394 0
-62.6274 0
-57.3446 0
-50.3325 0
-42.6242 0
-35.9621 0
-25.0186 0
-17.3759 0
-8.28377 0
-2.72351 0
2.27688 0
8.44297 0
13.4469 0
18.4469 0
23.4468 0
28.4468 0
33.4508 0
38.4548 0
43.4547 0
48.4547 0
53.4587 0
58.4587 0
63.4586 0
68.4586 0
73.4586 0
78.4626 0
83.4625 0
88.4666 0
93.4707 0
98.4909 0
103.511 0
108.532 0
113.552 0
118.572 0
123.592 0
128.612 0
133.649 0
138.669 0
143.697 0
148.717 1
153.746 1
158.766 1
163.79 1
168.806 1
173.826 1
178.843 1
183.863 1
188.883 1
193.915 2
198.935 2
203.955 2
208.98 2
214.011 2
219.028 2
224.048 2
229.072 2
234.092 3
239.112 3
244.136 3
249.156 3
254.176 3
259.196 3
264.217 3
269.237 3
274.257 4
279.281 4
284.321 4
289.337 4
294.357 4
299.378 4
304.397 4
309.417 4
314.437 5
319.457 5
324.477 5
329.517 5
334.537 5
339.562 5
344.582 6
349.602 6
354.622 6
359.646 6
364.662 6
369.682 6
374.702 7
379.722 7
384.742 7
389.762 7
394.794 8
399.814 8
404.839 8
409.858 9
414.878 8
419.898 8
424.918 8
429.954 9
434.97 8
439.987 8
445.01 8
450.03 8
455.05 8
460.071 8
465.091 8
470.111 9
475.131 8
480.151 8
485.171 8
490.192 9
