# timestamp	utilization (%) \n
-274.928 4
-258.426 8
-244.831 12
-221.407 17
-204.405 22
-185.545 27
-163.846 31
-145.092 35
-128.394 40
-104.439 45
-85.5028 49
-63.61 54
-47.2441 59
-25.0019 63
-9.77545 67
7.61256 67
12.6816 68
17.7786 68
22.9065 69
28.0127 70
33.1311 70
38.133 71
43.2556 72
48.2928 72
53.4043 73
58.4729 73
63.5413 74
68.5435 75
73.5996 75
78.6981 76
83.7918 77
88.8481 76
93.8816 76
98.98 76
103.985 76
109.049 76
114.102 76
119.22 76
124.282 76
129.501 76
134.682 76
139.746 76
144.883 76
149.909 76
155.097 76
160.127 76
165.335 76
170.504 76
175.634 75
180.777 75
185.898 75
191.05 75
196.222 75
201.363 74
206.439 74
211.46 74
216.564 74
221.681 74
226.732 74
231.772 74
236.781 74
241.784 73
246.924 73
252.008 73
257.146 73
262.278 73
267.324 73
272.454 72
277.476 72
282.638 72
287.655 72
292.662 72
297.876 72
303.033 71
308.128 71
313.25 71
318.394 71
323.549 71
328.631 71
333.816 70
338.914 70
344.005 70
349.265 70
354.388 70
359.617 69
364.643 69
369.814 69
374.834 69
379.85 68
384.948 68
390.061 68
395.253 68
400.365 67
405.445 67
410.946 68
415.956 67
421.057 67
426.066 67
431.683 68
436.788 67
441.86 67
448.997 68
454.029 67
459.044 67
464.1 67
470.288 68
475.65 68
480.786 67
486.024 67
491.461 67
