# timestamp	utilization (%) \n
-251.423 4
-235.303 8
-217.053 11
-202.791 15
-185.592 19
-167.728 24
-149.651 28
-131.565 32
-113.579 36
-95.5552 40
-78.3609 44
-60.2388 49
-42.1062 53
-23.9192 57
-16.5939 58
-11.3119 59
7.61363 59
12.711 59
17.75 60
22.7543 60
27.753 61
32.7522 62
37.8119 62
42.9126 63
47.9283 63
53.0067 64
58.0507 65
63.0997 65
68.1788 66
73.2051 67
78.2387 67
83.2407 67
88.2575 67
93.3938 67
98.4361 67
103.588 67
108.665 67
113.664 67
118.778 67
123.91 67
129.041 67
134.171 67
139.244 67
144.337 66
149.454 66
154.485 66
159.544 66
164.691 66
169.733 66
174.888 65
179.912 65
184.952 65
190.158 65
195.235 65
200.279 65
205.44 65
210.572 65
215.632 64
220.654 64
225.779 64
230.889 64
235.938 64
240.994 64
246.119 64
251.153 64
256.296 63
261.313 63
266.391 63
271.425 63
276.589 63
281.663 63
286.796 62
291.845 62
296.852 62
301.918 62
307.221 62
312.387 62
317.759 61
322.768 61
327.807 61
332.946 61
337.959 61
343.233 60
348.515 60
353.557 60
358.789 60
364.281 60
369.319 59
374.361 59
379.464 59
384.674 59
390.007 59
395.514 59
400.704 59
406.464 59
414.079 59
419.09 59
424.321 59
429.325 59
434.908 59
443.204 59
448.297 59
453.295 59
458.662 59
464.531 59
469.543 58
476.762 59
481.848 58
486.857 58
491.875 58
496.907 57
502.001 57
508.16 57
513.294 57
518.516 57
524.22 56
529.23 56
534.287 56
539.301 56
544.665 55
549.961 55
555.132 55
560.46 55
565.612 54
570.65 54
575.864 54
580.879 53
586.048 53
591.127 53
596.137 53
601.164 53
606.184 52
611.698 52
616.912 52
621.988 52
627.084 51
632.116 51
637.522 51
642.529 50
647.66 50
652.691 50
657.703 50
663.735 50
668.749 49
674.317 49
679.555 49
685.178 49
690.486 48
695.519 48
700.615 48
705.616 48
710.844 47
715.936 47
721.006 47
726.021 47
731.314 47
736.328 46
741.352 46
746.376 46
751.617 46
756.786 45
761.977 45
767.015 45
772.092 45
777.239 45
782.248 44
787.325 44
792.483 44
797.544 44
802.65 44
808.064 43
813.26 43
818.272 43
823.411 43
828.453 42
833.601 42
838.914 42
844.09 42
849.365 42
854.494 41
859.772 41
864.829 41
869.843 41
874.897 41
879.945 40
885.279 40
890.3 40
895.528 40
900.689 39
905.811 39
910.983 39
915.989 39
921.41 39
926.497 38
931.634 38
936.766 38
941.793 38
946.831 38
951.847 37
956.885 37
961.974 37
967.01 37
972.038 37
977.049 36
982.085 36
987.439 36
992.843 36
997.945 36
1003.11 35
1008.11 35
1013.38 35
1018.39 35
1023.66 35
1028.73 34
1033.81 34
1038.83 34
1043.92 34
1049.03 34
1054.04 33
1059.12 33
1064.34 33
1069.51 33
1074.51 33
1079.64 32
1084.76 32
1089.77 32
1094.93 32
1099.94 32
1104.95 31
1110.02 31
1115.12 31
1120.25 31
1125.47 31
1130.61 30
1135.67 30
1140.86 30
1145.95 30
1151.17 30
1156.28 30
1161.41 29
1166.92 29
1172.08 29
1177.17 29
1182.27 29
1187.38 29
1192.49 28
1197.49 28
1202.56 28
1207.67 28
1212.68 28
1217.89 28
1222.95 27
1228.14 27
1233.28 27
