2.0	257.411
4.0	241.264
6.0	221.738
8.0	224.877
10.0	221.555
12.0	238.214
14.0	226.449
16.0	220.995
18.0	251.449
20.0	221.77
22.0	233.822
24.0	239.296
26.0	216.137
28.0	258.202
30.0	232.961
32.0	234.145
34.0	236.061
36.0	231.951
38.0	242.205
40.0	233.798
42.0	211.778
44.0	237.899
46.0	221.658
48.0	199.448
50.0	250.089
52.0	212.917
54.0	210.861
56.0	242.549
58.0	215.837
60.0	219.549
62.0	222.715
64.0	220.476
66.0	222.773
68.0	215.948
70.0	199.842
72.0	233.094
74.0	239.935
76.0	220.872
78.0	216.941
80.0	212.684
82.0	222.714
84.0	223.542
86.0	198.937
88.0	238.432
90.0	219.513
92.0	200.326
94.0	216.684
96.0	204.767
98.0	233.988
100.0	218.284
102.0	198.684
104.0	236.627
106.0	215.09
108.0	201.788
110.0	246.914
112.0	225.692
114.0	223.223
116.0	215.937
118.0	226.422
120.0	220.773
122.0	214.956
124.0	201.88
126.0	219.223
128.0	164.526
130.0	236.148
132.0	215.675
134.0	199.302
136.0	250.528
138.0	219.989
140.0	199.704
142.0	209.679
144.0	221.679
146.0	207.676
148.0	206.398
150.0	242.519
152.0	222.744
154.0	214.783
156.0	210.774
158.0	209.677
160.0	247.875
162.0	212.136
164.0	198.061
166.0	244.178
168.0	211.166
170.0	223.264
172.0	212.791
174.0	205.314
176.0	240.654
178.0	208.256
180.0	230.038
182.0	149.466
184.0	226.451
186.0	217.313
188.0	212.952
190.0	228.281
192.0	218.631
194.0	126.694
196.0	124.934
198.0	149.014
200.0	235.899
202.0	215.032
204.0	204.326
206.0	197.739
208.0	237.149
210.0	171.861
212.0	176.417
214.0	214.533
216.0	208.664
218.0	207.08
220.0	234.99
222.0	218.201
224.0	211.395
226.0	204.337
228.0	215.403
230.0	241.834
232.0	200.172
234.0	215.051
236.0	236.395
238.0	219.03
240.0	213.034
242.0	210.421
244.0	207.323
246.0	236.308
248.0	187.715
250.0	211.677
252.0	228.545
254.0	214.928
256.0	202.039
258.0	226.035
260.0	235.137
262.0	218.653
264.0	213.106
266.0	214.794
268.0	226.954
270.0	207.854
272.0	211.591
274.0	236.366
276.0	218.304
278.0	221.39
280.0	203.706
282.0	229.743
284.0	220.784
286.0	215.75
288.0	201.461
290.0	234.822
292.0	180.081
294.0	126.361
296.0	131.872
298.0	194.996
300.0	199.134
302.0	146.252
304.0	230.689
306.0	213.901
308.0	211.835
310.0	202.783
312.0	240.081
314.0	208.952
316.0	208.881
318.0	234.466
320.0	197.704
322.0	185.163
324.0	182.452
326.0	179.979
328.0	201.407
330.0	181.687
332.0	179.112
334.0	189.545
336.0	186.314
338.0	192.5
340.0	185.405
342.0	203.229
344.0	216.004
346.0	206.753
348.0	203.744
350.0	206.831
352.0	196.198
354.0	208.628
356.0	171.125
358.0	182.01
360.0	179.21
362.0	172.538
364.0	197.51
366.0	182.723
368.0	177.187
370.0	178.946
372.0	179.601
374.0	202.401
376.0	184.199
378.0	180.456
380.0	161.848
382.0	190.33
384.0	186.583
386.0	181.933
388.0	178.495
390.0	150.406
392.0	189.751
394.0	187.674
396.0	185.045
398.0	178.623
400.0	192.389
402.0	195.523
404.0	198.722
406.0	197.938
408.0	202.641
410.0	143.36
412.0	136.684
414.0	136.372
416.0	132.479
418.0	134.06
420.0	127.202
422.0	133.66
424.0	212.549
426.0	193.656
428.0	173.821
430.0	173.481
432.0	198.919
434.0	202.942
436.0	184.403
438.0	188.281
440.0	179.489
442.0	178.984
444.0	187.109
446.0	180.001
448.0	178.834
450.0	177.771
452.0	176.416
454.0	189.796
456.0	180.707
458.0	188.854
460.0	190.611
462.0	177.191
464.0	176.322
466.0	178.859
468.0	185.517
470.0	176.949
472.0	184.0
474.0	175.486
476.0	175.574
478.0	175.613
480.0	177.245
482.0	165.683
484.0	175.052
486.0	184.639
488.0	185.817
490.0	176.792
492.0	183.026
494.0	177.231
496.0	174.014
498.0	176.666
500.0	173.691
502.0	179.79
504.0	179.608
506.0	185.056
508.0	189.846
510.0	182.22
512.0	179.065
514.0	178.525
516.0	178.529
518.0	175.684
520.0	181.167
522.0	192.018
524.0	187.253
526.0	176.072
528.0	176.212
530.0	175.475
532.0	187.298
534.0	184.199
536.0	174.847
538.0	182.784
540.0	177.516
542.0	160.872
544.0	171.337
546.0	176.453
548.0	194.315
550.0	173.47
552.0	174.525
554.0	175.352
556.0	182.004
558.0	178.008
560.0	178.358
562.0	175.715
564.0	177.441
566.0	176.741
568.0	178.045
570.0	177.107
572.0	175.06
574.0	170.785
576.0	163.495
578.0	182.324
580.0	194.201
582.0	187.301
584.0	172.459
586.0	173.045
588.0	169.654
590.0	174.932
592.0	165.468
594.0	176.691
596.0	174.23
598.0	165.813
600.0	148.826
602.0	149.199
604.0	148.798
606.0	148.863
608.0	148.496
610.0	163.483
612.0	172.203
614.0	166.372
616.0	177.776
618.0	178.463
620.0	168.445
622.0	142.089
624.0	141.433
626.0	141.673
628.0	141.366
630.0	162.28
632.0	166.147
634.0	160.232
636.0	173.775
638.0	157.009
640.0	141.57
642.0	146.038
644.0	166.03
646.0	147.011
648.0	168.0
650.0	166.477
652.0	151.517
654.0	163.48
656.0	184.694
658.0	203.568
660.0	202.775
662.0	198.777
664.0	205.94
666.0	187.146
668.0	187.632
670.0	178.901
672.0	192.015
674.0	187.435
676.0	198.234
678.0	193.709
680.0	194.24
682.0	193.202
684.0	190.109
686.0	194.044
688.0	220.482
690.0	192.08
692.0	212.267
694.0	180.705
696.0	200.297
698.0	191.556
700.0	195.32
702.0	187.656
704.0	170.465
706.0	158.267
708.0	178.877
710.0	171.735
712.0	184.689
714.0	181.502
716.0	186.489
718.0	191.242
720.0	176.833
722.0	176.352
724.0	172.544
726.0	173.67
728.0	166.259
730.0	172.085
732.0	171.877
734.0	144.256
736.0	143.928
738.0	142.027
740.0	140.568
742.0	140.84
744.0	143.574
746.0	162.319
748.0	162.152
750.0	166.315
752.0	158.596
754.0	143.418
756.0	162.058
758.0	144.35
760.0	125.699
762.0	158.536
764.0	140.891
766.0	141.377
768.0	158.557
770.0	158.581
772.0	158.758
774.0	165.912
776.0	140.48
778.0	165.819
780.0	140.61
782.0	141.174
784.0	145.103
786.0	155.618
788.0	158.041
790.0	161.42
792.0	157.41
794.0	163.378
796.0	148.731
798.0	140.484
800.0	141.129
802.0	142.671
804.0	160.843
806.0	136.499
808.0	127.203
810.0	125.304
812.0	125.565
814.0	117.619
816.0	118.777
818.0	135.21
820.0	134.772
822.0	123.517
824.0	128.985
826.0	120.317
828.0	120.977
830.0	119.186
832.0	117.209
834.0	118.456
836.0	115.037
838.0	136.981
840.0	121.074
842.0	119.499
844.0	171.743
846.0	145.109
848.0	115.645
850.0	146.666
852.0	152.26
854.0	141.695
856.0	146.04
858.0	146.452
860.0	151.86
862.0	142.218
864.0	147.614
866.0	144.926
868.0	143.403
870.0	146.0
872.0	141.276
874.0	146.04
876.0	152.575
878.0	146.023
880.0	146.931
882.0	149.382
884.0	146.142
886.0	140.206
888.0	150.854
890.0	151.587
892.0	139.026
894.0	146.112
896.0	143.428
898.0	139.088
900.0	138.238
902.0	138.189
904.0	146.4
906.0	139.916
908.0	143.782
910.0	150.445
912.0	141.563
914.0	143.99
916.0	138.2
918.0	144.282
920.0	141.244
922.0	141.15
924.0	145.963
926.0	148.202
928.0	148.485
930.0	152.829
932.0	112.418
934.0	140.016
936.0	139.918
938.0	146.349
940.0	144.806
942.0	140.56
944.0	140.306
946.0	147.698
948.0	141.06
950.0	143.321
952.0	137.151
954.0	141.205
956.0	127.983
958.0	141.401
960.0	127.774
962.0	123.957
964.0	135.137
966.0	135.663
968.0	144.243
970.0	139.242
972.0	149.464
974.0	151.904
976.0	147.943
978.0	137.001
980.0	138.882
982.0	143.83
984.0	130.893
986.0	143.37
988.0	137.157
990.0	144.927
992.0	163.791
994.0	139.753
996.0	114.312
998.0	116.706
1000.0	121.957
1002.0	124.053
1004.0	124.204
1006.0	124.875
1008.0	124.566
1010.0	127.487
1012.0	138.887
1014.0	136.404
1016.0	138.073
1018.0	135.213
1020.0	130.388
1022.0	134.87
1024.0	137.295
1026.0	138.052
1028.0	124.446
1030.0	131.023
1032.0	131.148
1034.0	133.169
1036.0	124.501
1038.0	127.024
1040.0	128.787
1042.0	127.078
1044.0	124.739
1046.0	127.204
1048.0	135.137
1050.0	122.558
1052.0	123.648
1054.0	127.513
1056.0	131.577
1058.0	120.955
1060.0	148.71
1062.0	132.015
1064.0	138.248
1066.0	185.499
1068.0	196.661
1070.0	188.189
1072.0	188.82
1074.0	167.721
1076.0	169.786
1078.0	160.943
1080.0	167.866
1082.0	184.05
1084.0	166.255
1086.0	171.546
1088.0	166.903
1090.0	171.458
1092.0	169.457
1094.0	169.527
1096.0	168.455
1098.0	176.937
1100.0	171.121
1102.0	169.481
1104.0	170.429
1106.0	141.623
1108.0	134.114
1110.0	133.259
1112.0	143.462
1114.0	144.866
1116.0	158.519
1118.0	148.741
1120.0	143.892
1122.0	138.749
1124.0	134.562
1126.0	144.293
1128.0	158.588
1130.0	149.176
1132.0	152.145
1134.0	132.916
1136.0	135.407
1138.0	154.174
1140.0	150.104
1142.0	151.345
1144.0	156.104
1146.0	139.062
1148.0	142.297
1150.0	145.71
1152.0	146.459
1154.0	139.46
1156.0	149.113
1158.0	151.449
1160.0	154.25
1162.0	148.165
1164.0	149.009
1166.0	140.537
1168.0	153.134
1170.0	144.87
1172.0	136.604
1174.0	147.983
1176.0	144.054
1178.0	150.166
1180.0	142.647
1182.0	151.588
1184.0	156.108
1186.0	145.405
1188.0	145.796
1190.0	142.426
1192.0	137.282
1194.0	146.845
1196.0	141.026
1198.0	146.06
1200.0	148.409
