# timestamp	memory footprint (MB)\n
-10.5441 0
-2.12347 0
-0.601248 0
4.20211 0
5.20306 0
6.20327 0
7.20287 0
8.20322 0
9.20283 0
10.2027 0
11.3411 0
12.4398 0
13.629 0
14.6265 0
15.6268 0
18.1008 0
19.2651 0
20.2624 0
21.2626 0
23.7911 0
24.7907 0
25.7903 0
26.7903 0
29.0315 0
30.0347 0
31.0841 0
32.0865 0
33.1444 0
34.1465 0
35.1509 0
36.1547 0
37.4166 0
38.6929 0
39.9659 0
41.2114 0
42.2145 0
44.5186 0
45.5228 0
46.5577 0
47.5587 0
48.5628 0
50.7315 0
51.7348 0
52.7389 0
53.7427 0
56.2172 0
57.2187 0
58.5148 0
59.5187 0
60.6605 0
61.6634 0
62.7251 0
63.7268 0
65.1644 0
66.1671 0
67.1748 0
68.179 0
69.1829 0
70.2071 0
71.2112 0
74.2577 0
75.2591 0
76.2875 0
77.2911 0
78.4779 0
79.4791 0
80.4831 0
81.4871 0
83.479 0
84.4833 0
85.4873 0
86.491 0
89.1796 0
90.1829 0
91.1873 0
92.191 0
93.3656 0
94.3676 0
95.3789 0
96.383 0
97.9748 0
98.9751 0
99.9829 0
100.983 0
101.987 0
102.991 0
104.711 0
105.763 0
106.767 0
107.771 0
108.775 0
111.199 0
112.204 0
113.347 0
114.347 0
115.495 0
116.491 0
118.353 0
119.351 0
120.467 0
121.463 0
122.463 0
123.464 0
124.463 0
125.463 0
126.594 0
127.591 0
130.289 0
131.287 0
132.287 0
133.287 0
134.287 0
136.807 0
137.803 0
138.879 0
139.879 0
140.879 0
143.745 0
144.743 0
145.743 0
146.743 0
147.743 0
150.425 0
151.423 0
152.503 0
153.503 0
154.503 0
155.503 0
156.503 0
157.503 0
158.503 0
160.714 0
161.711 0
162.711 0
163.711 0
164.711 0
166.839 0
167.839 0
169.215 0
170.211 0
171.332 0
172.331 0
173.331 0
174.331 0
176.342 0
177.339 0
178.373 0
179.371 0
180.823 0
181.823 0
183.562 0
184.559 0
185.682 0
186.679 0
187.757 0
188.755 0
189.755 0
190.968 0
191.967 0
192.967 0
193.967 0
194.967 0
195.968 0
196.967 0
197.967 0
200.152 0
201.355 0
202.547 0
203.547 0
204.547 0
205.547 0
206.546 0
209.448 0
210.446 0
211.447 0
212.977 0
213.975 0
214.975 0
215.974 0
216.975 0
218.067 0
220.244 0
221.484 0
222.482 0
223.483 0
224.482 0
225.482 0
226.483 0
227.483 0
230.543 0
231.542 0
232.542 0
233.542 0
236.31 0
237.31 0
238.815 0
239.815 0
240.814 0
241.814 0
242.814 0
243.814 0
246.207 0
247.206 0
248.206 0
249.206 0
251.641 0
252.638 0
253.638 0
254.638 0
255.638 0
256.638 0
258.05 0
259.982 0
260.978 0
262.114 0
263.114 0
264.23 0
265.233 0
266.23 0
267.427 0
268.426 0
269.486 0
270.492 0
271.49 0
273.928 0
274.926 0
275.991 0
276.99 0
278.023 0
279.022 0
280.022 0
281.022 0
282.33 0
283.558 0
284.557 0
285.558 0
286.558 0
287.558 0
288.557 0
290.018 0
291.243 0
292.241 0
293.242 0
294.241 0
295.243 0
296.242 0
297.241 0
298.509 0
299.505 0
300.505 0
301.507 0
302.505 0
305.152 0
306.326 0
307.491 0
308.489 0
309.489 0
310.527 0
312.33 0
313.436 0
314.434 0
315.434 0
316.48 0
317.946 0
318.945 0
319.945 0
320.945 2
321.946 0
322.976 1
323.973 0
324.973 2
325.992 4
326.989 1
328.366 3
329.365 1
330.366 0
331.365 2
332.365 4
333.365 2
334.365 4
335.365 1
336.365 3
337.371 0
338.369 1
339.369 0
340.369 2
341.369 2
342.368 4
343.369 3
344.851 0
345.849 1
346.848 1
347.849 1
348.903 0
349.9 1
350.901 0
351.901 3
352.901 1
354.462 3
355.46 1
356.46 1
357.46 3
358.519 4
359.517 2
360.561 4
361.596 1
362.592 2
363.906 3
364.904 1
365.905 1
366.905 0
367.904 0
368.904 2
369.904 4
370.905 2
371.997 4
373.345 1
374.345 1
375.345 1
376.345 1
377.345 0
378.344 2
379.407 4
380.404 2
381.451 4
382.449 1
383.448 0
384.448 0
385.448 2
386.448 1
387.448 0
388.448 3
389.494 4
390.492 1
391.493 3
392.492 1
393.493 0
394.492 0
395.492 0
396.491 0
397.492 2
398.492 2
399.829 4
400.828 1
401.829 4
402.827 0
403.828 3
404.828 1
405.827 4
406.827 2
407.827 1
408.914 3
409.912 1
410.912 3
411.911 4
412.913 1
413.912 3
414.911 4
415.911 1
416.929 3
417.928 1
418.927 3
419.927 4
420.928 1
421.928 3
422.927 4
425.37 1
426.368 1
427.367 4
428.368 1
429.367 3
430.367 1
431.368 2
432.367 4
433.367 2
434.367 4
435.367 0
436.368 0
437.368 2
438.433 4
439.431 2
440.431 4
441.431 1
442.432 3
443.431 1
444.431 1
445.431 1
446.431 1
447.431 1
448.432 3
449.431 5
450.432 3
451.431 4
452.434 2
453.476 1
454.476 2
455.475 0
456.475 2
457.724 2
458.722 2
459.723 1
460.723 1
461.723 1
462.727 1
463.726 1
464.727 1
465.726 0
466.727 0
467.727 0
468.726 2
469.742 2
470.761 2
471.759 1
472.758 1
473.759 1
474.759 1
475.758 1
476.758 1
477.758 1
478.758 1
479.758 0
480.76 3
481.758 5
482.759 2
483.758 4
484.758 2
485.759 1
486.759 0
487.792 2
488.791 2
489.79 2
490.79 2
491.79 1
492.791 1
493.79 0
494.79 0
495.79 2
496.791 2
497.79 2
498.79 1
499.791 1
500.79 4
501.79 1
502.79 3
503.79 0
504.79 3
505.79 5
506.789 1
507.79 1
508.79 0
509.789 3
510.897 5
511.893 2
512.894 5
513.894 2
514.894 4
515.894 1
516.893 3
517.893 2
518.998 2
519.998 2
520.998 2
521.998 2
522.998 1
523.997 3
525.01 2
526.011 2
527.009 2
528.009 2
529.01 0
530.013 3
531.034 2
532.033 2
533.034 1
534.034 1
535.033 0
536.035 0
537.033 2
538.035 2
539.038 2
540.041 2
541.045 2
542.049 1
543.053 0
544.058 1
545.061 0
546.066 2
547.186 3
548.19 2
549.195 1
550.198 1
551.203 1
552.207 1
553.21 1
554.214 1
555.219 0
556.218 3
557.222 2
558.227 2
559.231 3
560.235 1
561.24 1
562.244 1
563.249 1
564.253 1
565.256 0
566.263 0
567.263 3
568.314 3
569.317 2
570.32 2
571.324 2
572.328 1
573.332 1
574.336 1
575.341 0
576.429 3
577.432 2
578.436 2
579.441 1
580.444 3
581.678 3
582.681 3
583.701 3
584.705 2
585.709 3
586.733 2
587.763 3
588.779 3
589.782 2
590.786 2
591.804 2
592.805 3
593.811 2
594.814 2
595.818 2
596.822 2
597.827 1
598.831 0
599.886 3
600.905 3
601.906 2
602.91 2
603.915 1
604.919 1
605.923 0
606.93 1
607.93 3
608.935 3
609.935 3
610.963 3
612.014 3
613.017 3
614.019 2
615.023 2
616.027 2
617.032 2
618.035 1
619.039 1
620.043 3
621.112 3
622.119 3
623.123 2
624.127 2
625.132 1
626.138 1
627.141 0
628.144 3
629.188 3
630.227 3
631.275 3
632.342 3
633.346 2
634.353 2
635.356 2
636.361 2
637.365 2
638.368 2
639.372 1
640.377 0
641.419 3
642.574 3
643.598 3
644.799 3
645.813 3
646.898 3
647.948 3
648.983 3
649.985 3
650.989 2
651.993 2
652.997 2
654.001 1
655.005 1
656.009 3
657.014 3
658.018 0
659.021 3
660.026 1
661.03 1
662.034 1
663.038 4
664.091 3
665.094 4
666.098 4
667.112 0
668.114 1
669.119 1
670.122 2
671.127 2
672.13 2
673.134 2
674.139 2
675.142 2
676.147 4
677.151 5
678.158 3
679.159 4
680.159 1
681.163 5
682.167 5
683.171 2
684.192 6
685.195 4
686.199 7
688.085 5
689.087 3
690.117 2
691.119 6
692.123 7
693.127 5
694.131 7
695.136 5
696.145 1
697.147 4
698.151 1
699.156 1
700.16 6
701.163 7
702.168 5
703.172 1
704.176 4
705.227 7
706.228 1
707.232 4
708.246 3
709.248 2
710.252 1
711.317 4
712.32 3
713.325 2
714.329 0
715.708 4
716.713 3
717.716 1
718.72 3
719.882 3
720.885 3
721.888 2
722.893 2
723.896 2
724.9 1
725.905 2
726.908 2
727.912 2
728.918 1
729.921 1
730.925 3
732.018 3
733.155 3
734.211 3
735.225 3
736.229 3
737.234 2
738.238 2
739.241 1
740.246 1
741.25 1
742.253 1
743.259 0
744.261 3
745.265 3
746.319 3
747.321 3
748.326 3
749.349 3
750.383 3
751.386 3
752.391 2
753.394 2
754.397 1
755.402 1
756.406 1
757.41 0
758.46 3
759.463 2
760.466 2
761.47 1
762.475 1
763.478 0
764.482 0
765.486 3
766.494 3
767.504 3
768.506 3
769.527 3
770.561 3
771.591 3
772.596 3
773.599 2
774.603 2
775.607 1
776.611 1
777.614 1
778.618 0
779.643 3
780.647 3
781.651 2
782.656 2
783.659 2
784.659 1
785.663 1
786.667 1
787.671 1
788.676 0
789.68 0
790.683 0
791.687 1
792.691 1
793.696 0
794.7 0
795.748 3
796.929 3
797.932 3
798.935 2
799.939 1
800.944 0
801.947 0
802.951 0
803.956 0
805.009 3
806.094 3
807.096 2
808.099 2
809.103 1
810.107 1
811.112 0
812.115 3
813.119 3
814.123 0
815.127 3
816.132 0
817.176 3
818.353 3
819.627 3
820.871 3
821.921 3
822.924 3
824.06 3
825.104 3
826.107 3
827.132 3
828.174 3
829.196 3
830.201 3
831.204 3
832.209 0
833.212 0
834.216 3
835.22 3
836.224 3
837.228 7
838.232 1
839.237 4
840.24 7
841.244 3
842.248 7
844.614 2
845.617 3
846.62 2
847.625 5
848.736 7
849.74 3
850.746 6
851.749 8
852.752 4
853.757 6
854.76 3
855.764 3
856.769 6
857.772 2
858.777 1
859.781 3
860.785 1
861.788 1
862.793 1
863.796 3
864.807 3
865.809 3
866.813 3
867.818 2
868.821 2
869.824 1
870.83 2
871.833 1
872.836 1
873.841 1
874.885 3
875.889 3
876.893 2
877.898 2
878.901 1
879.905 1
880.909 3
881.943 3
882.949 3
883.958 3
884.961 3
885.965 3
886.97 3
887.974 1
888.978 1
889.981 3
891.008 3
892.009 3
893.015 2
894.018 1
895.021 1
896.032 3
897.034 2
898.038 2
899.042 2
900.047 0
901.066 3
902.069 2
903.075 2
904.079 1
905.082 1
906.085 1
907.089 0
908.093 3
909.097 3
910.102 2
911.106 2
912.111 1
913.114 1
914.118 0
915.121 3
916.163 3
917.166 3
918.17 2
919.173 2
920.178 2
921.181 2
922.186 2
923.189 1
924.195 1
925.198 1
926.202 0
927.212 3
928.218 3
929.222 2
930.225 2
931.229 1
932.235 2
933.238 1
934.242 1
935.246 1
936.25 0
937.261 1
938.285 3
939.286 3
940.29 2
941.294 2
942.298 0
943.302 0
944.305 3
945.33 3
946.333 3
947.338 3
948.343 3
949.346 2
950.351 2
951.354 2
952.358 1
953.363 1
954.366 1
955.37 1
956.374 1
957.379 2
958.382 1
959.386 0
960.39 0
961.394 0
962.398 4
963.416 4
964.418 1
965.422 1
966.426 3
967.43 3
968.435 2
969.439 1
970.442 0
971.474 3
972.478 2
973.482 2
974.486 1
975.493 2
976.514 3
977.52 3
978.523 2
979.526 2
980.531 1
981.535 1
982.538 1
983.543 1
984.547 1
985.551 1
986.555 1
987.559 3
988.563 2
989.567 2
990.571 1
991.575 0
992.747 3
993.751 2
994.755 2
995.759 2
996.763 1
997.766 1
998.854 3
999.858 3
1000.86 3
1001.9 3
1002.94 3
1003.94 2
1004.95 2
1005.95 1
1006.96 1
1007.96 1
1008.96 0
1009.97 0
1010.97 0
1011.97 3
1012.98 0
1013.98 0
1014.99 3
1015.99 3
1016.99 3
1018 2
1019 2
1020.01 1
1021.01 1
1022.02 1
1023.02 1
1024.02 0
1025.03 3
1026.03 3
1027.03 2
1028.04 2
1029.04 1
1030.05 1
1031.05 1
1032.05 0
1033.06 0
1034.07 3
1035.07 3
1036.08 3
1037.08 0
1038.08 3
1039.09 0
1040.1 0
1041.1 3
1042.1 4
1043.11 4
1044.13 4
1045.13 3
1046.13 3
1047.14 3
1048.14 2
1049.14 2
1050.15 1
1051.15 1
1052.16 1
1053.16 1
1054.16 2
1055.17 1
1056.17 1
1057.18 5
1058.18 8
1059.18 4
1060.51 8
1061.51 3
1062.52 6
1063.52 1
1064.52 4
1065.75 6
1066.79 3
1067.8 0
1068.81 5
1069.81 9
1070.81 6
1071.82 2
1072.82 6
1073.83 1
1074.83 4
1075.83 8
1076.84 3
1077.84 2
1078.85 1
1079.85 0
1080.87 4
1081.87 2
1082.88 1
1083.88 1
1084.89 0
1085.92 4
1086.92 3
1087.93 2
1088.93 2
1089.94 1
1090.94 1
1091.94 1
1092.95 1
1093.95 0
1094.96 4
1096 3
1097.01 3
1098.01 2
1099.01 2
1100.02 1
1101.02 1
1102.03 1
1103.03 1
1104.03 0
1105.05 3
1106.06 3
1107.06 3
1108.07 2
1109.07 3
1110.08 2
1111.08 2
1112.08 1
1113.09 0
1114.09 0
1115.09 3
1116.11 3
1117.13 3
1118.14 3
1119.14 2
1120.15 2
1121.15 1
1122.16 1
1123.16 3
1124.26 3
1125.26 3
1126.27 3
1127.27 2
1128.27 2
1129.28 2
1130.28 2
1131.29 4
1132.29 2
1133.3 4
1134.3 3
1135.31 3
1136.31 1
1137.32 1
1138.32 0
1139.32 0
1140.33 3
1141.35 4
1142.37 3
1143.37 3
1144.38 3
1145.38 2
1146.39 2
1147.39 1
1148.4 1
1149.4 0
1150.44 3
1151.44 3
1152.44 3
1153.45 2
1154.45 2
1155.45 2
1156.46 1
1157.46 1
1158.47 1
1159.47 3
1160.48 3
1161.48 2
1162.48 2
1163.49 2
1164.49 1
1165.49 0
1166.51 0
1167.51 4
1168.56 3
1169.57 3
1170.57 3
1171.57 2
1172.57 1
1173.58 1
1174.58 1
1175.59 4
1176.59 3
1177.59 3
1178.64 3
1179.65 3
1180.65 2
1181.66 1
1182.66 1
1183.66 0
1184.66 0
1185.66 4
1186.67 3
1187.67 3
1188.68 2
1189.68 2
1190.68 2
1191.68 1
1192.68 0
1193.68 3
1194.69 3
1195.69 3
1196.69 3
1197.69 2
1198.69 2
1199.69 2
