# timestamp	memory footprint (MB)\n
-267.258 0
-254.263 0
-252.736 0
-248.784 0
-247.752 0
-246.71 0
-245.586 0
-244.586 0
-243.582 0
-242.511 0
-241.51 0
-239.663 0
-238.538 0
-237.527 0
-236.525 0
-234.255 0
-233.146 0
-232.038 0
-231.03 0
-229.073 0
-227.935 0
-226.922 0
-225.919 0
-224.605 0
-223.603 0
-220.608 0
-219.609 0
-218.603 0
-217.602 0
-214.016 0
-213.008 0
-211.996 0
-210.992 0
-208.591 0
-207.488 0
-206.483 0
-205.04 0
-204.032 0
-202.64 0
-201.637 0
-200.627 0
-199.619 0
-197.182 0
-196.164 0
-195.161 0
-193.538 0
-189.701 0
-188.696 0
-187.684 0
-186.527 0
-185.525 0
-184.511 0
-183.509 0
-182.499 0
-180.036 0
-179.033 0
-178.028 0
-174.268 0
-173.253 0
-172.244 0
-171.236 0
-168.563 0
-167.557 0
-166.548 0
-162.698 0
-161.679 0
-160.673 0
-156.738 0
-155.733 0
-154.716 0
-153.705 0
-149.831 0
-148.823 0
-146.268 0
-145.263 0
-144.251 0
-143.242 0
-142.239 0
-138.97 0
-136.956 0
-135.948 0
-134.942 0
-133.939 0
-132.935 0
-129.138 0
-128.133 0
-127.128 0
-126.124 0
-125.12 0
-121.368 0
-120.359 0
-119.348 0
-117.301 0
-116.292 0
-115.282 0
-114.278 0
-110.455 0
-109.447 0
-108.438 0
-106.389 0
-105.368 0
-104.366 0
-103.361 0
-99.3064 0
-98.3004 0
-97.2889 0
-95.2485 0
-94.2425 0
-93.2338 0
-92.2283 0
-88.4491 0
-87.4334 0
-86.433 0
-82.5687 0
-81.5647 0
-80.561 0
-79.557 0
-78.5529 0
-75.1886 0
-74.1839 0
-73.1804 0
-69.5092 0
-68.504 0
-65.5153 0
-64.4363 0
-63.4306 0
-62.4284 0
-58.5178 0
-57.5109 0
-56.5051 0
-54.3375 0
-53.3274 0
-52.316 0
-49.2375 0
-48.2079 0
-47.2026 0
-46.1893 0
-42.1906 0
-41.1864 0
-40.18 0
-37.9656 0
-36.9574 0
-35.9556 0
-33.1947 0
-32.1882 0
-31.1867 0
-27.6238 0
-26.4999 0
-25.4979 0
-22.2354 0
-21.2192 0
-20.2122 0
-18.9031 0
-14.8972 0
-13.8907 0
-12.8864 0
-11.8813 0
-10.8782 0
-9.87061 0
-8.86632 0
-6.90651 0
-5.90256 0
-4.89861 0
-3.89464 0
-2.89058 0
-1.78816 0
0.094293 0
1.09752 0
2.10156 0
3.10922 0
4.10961 0
5.11367 0
6.11772 0
7.12171 0
8.12574 0
9.12978 0
10.1338 0
11.1384 0
12.1459 0
13.1499 0
14.1539 0
15.1579 0
16.162 0
17.1661 0
18.17 0
19.1741 0
20.1781 0
21.1821 0
22.1862 0
23.1904 0
24.1943 0
25.1983 0
26.2023 0
27.2063 0
28.2104 0
29.2144 0
30.2184 0
31.2225 0
32.2265 0
33.2305 0
34.2345 0
35.2386 0
36.2426 0
37.2467 0
38.2507 0
39.2547 0
40.2587 0
41.2627 0
42.2668 0
43.2708 0
44.2749 0
45.2789 0
46.2829 0
47.2869 0
48.291 0
49.295 0
50.299 0
51.3031 0
52.3071 0
53.3111 0
54.3151 0
55.3192 0
56.3234 0
57.3272 0
58.3313 0
59.3353 0
60.3393 0
61.3437 0
62.3515 0
63.3554 0
64.3594 0
65.3635 0
66.3675 0
67.3719 0
68.3756 0
69.3796 0
70.3837 0
71.3878 0
72.3917 0
73.3957 0
74.3998 0
75.4038 0
76.4079 0
77.4118 0
78.4159 0
79.4201 0
80.4239 0
81.428 0
82.432 0
83.436 0
84.4441 0
85.4481 0
86.4521 0
87.4563 0
88.4602 0
89.4642 0
90.4683 0
91.4843 0
92.4883 0
93.4924 0
94.4964 0
95.5004 0
96.5046 0
97.5085 0
98.5125 0
99.5166 0
100.521 0
101.525 0
102.529 0
103.533 0
104.537 0
105.541 0
106.545 0
107.549 0
108.553 0
109.553 0
110.557 0
111.561 0
112.565 0
113.569 0
114.573 0
115.577 0
116.581 0
117.589 0
118.593 0
119.597 0
120.597 0
121.597 0
122.599 0
123.601 0
124.601 0
125.601 0
126.603 0
127.6 0
128.601 0
129.6 0
130.6 0
131.6 0
132.6 0
133.6 0
134.6 0
135.6 0
136.599 0
137.599 0
138.599 0
139.599 0
140.599 0
141.599 0
142.599 0
143.599 0
144.599 0
145.599 0
146.598 0
147.598 0
148.598 0
149.598 0
150.598 0
151.598 0
152.598 0
153.598 0
154.598 0
155.598 0
156.598 0
157.598 0
158.597 0
159.597 0
160.597 0
161.597 0
162.597 0
163.597 0
164.597 0
165.597 0
166.597 0
167.601 0
168.601 0
169.601 0
170.601 0
171.601 0
172.601 0
173.6 0
174.608 0
175.608 0
176.608 0
177.608 0
178.609 0
179.608 0
180.608 0
181.608 0
182.608 0
183.608 0
184.608 0
185.608 0
186.607 0
187.607 0
188.607 0
189.607 0
190.607 0
191.607 0
192.611 0
193.611 0
194.611 0
195.611 0
196.611 0
197.611 0
198.611 0
199.611 0
200.611 0
201.611 0
202.611 0
203.611 0
204.611 0
205.611 0
206.61 0
207.61 0
208.61 0
209.611 0
210.61 0
211.61 0
212.611 0
213.61 0
214.61 0
215.61 0
216.61 0
217.61 0
218.61 0
219.61 0
220.61 0
221.61 0
222.61 0
223.61 0
224.61 0
225.61 0
226.609 0
227.609 0
228.609 0
229.609 0
230.61 0
231.609 0
232.615 0
233.613 0
234.613 0
235.613 0
236.613 0
237.613 0
238.613 0
239.613 0
240.613 0
241.613 0
242.617 0
243.617 0
244.617 0
245.617 0
246.617 0
247.617 0
248.617 0
249.617 0
250.617 0
251.617 0
252.617 0
253.616 0
254.628 0
255.628 0
256.628 0
257.628 0
258.628 0
259.632 0
260.628 0
261.628 0
262.628 0
263.628 0
264.628 0
265.628 0
266.628 0
267.629 0
268.628 0
269.628 0
270.628 0
271.628 0
272.638 0
273.636 0
274.636 0
275.636 0
276.636 0
277.636 0
278.636 0
279.636 0
280.636 0
281.636 0
282.636 0
283.636 0
284.636 0
285.636 0
286.636 0
287.636 0
288.636 0
289.636 0
290.636 0
291.636 0
292.636 0
293.635 0
294.636 0
295.635 0
296.635 0
297.638 0
298.635 0
299.635 0
300.635 0
301.635 0
302.636 0
303.635 0
304.635 0
305.635 0
306.635 0
307.635 0
308.635 0
309.635 0
310.635 0
311.635 0
312.639 0
313.635 0
314.635 0
315.635 0
316.635 0
317.635 0
318.635 0
319.635 0
320.635 0
321.635 0
322.635 0
323.635 0
324.635 0
325.635 0
326.635 0
327.635 0
328.635 0
329.635 0
330.635 0
331.635 0
332.635 0
333.635 0
334.635 0
335.635 1
336.635 0
337.638 0
338.635 0
339.635 1
340.635 0
341.635 0
342.635 0
343.635 0
344.635 0
345.635 0
346.635 0
347.635 1
348.635 0
349.635 0
350.635 0
351.635 0
352.635 0
353.635 0
354.635 0
355.635 0
356.635 0
357.635 0
358.635 0
359.635 1
360.635 0
361.635 0
362.635 0
363.635 0
364.635 0
365.635 0
366.635 0
367.635 0
368.635 0
369.635 0
370.635 0
371.642 0
372.639 0
373.639 0
374.639 0
375.639 0
376.646 1
377.643 0
378.643 0
379.643 0
380.643 0
381.643 1
382.643 1
383.643 0
384.643 0
385.643 0
386.643 0
387.643 0
388.643 0
389.643 1
390.643 0
391.643 0
392.643 0
393.643 0
394.647 1
395.647 0
396.651 0
397.655 0
398.659 0
399.663 1
400.667 1
401.671 0
402.675 0
403.679 0
404.683 0
405.687 0
406.691 0
407.695 0
408.699 1
409.703 1
410.707 0
411.711 0
412.715 0
413.719 1
414.723 1
415.727 0
416.731 0
417.735 0
418.739 0
419.743 1
420.747 0
421.751 1
422.755 1
423.759 0
424.763 0
425.767 0
426.771 0
427.775 0
428.779 0
429.783 0
430.787 1
431.791 1
432.795 1
433.799 1
434.803 1
435.808 1
436.811 4
437.815 0
438.819 0
439.823 0
440.827 4
441.831 0
442.843 1
443.847 2
444.851 1
445.855 2
446.859 6
447.863 0
448.867 1
449.871 0
450.875 1
451.879 0
452.883 1
453.887 0
454.891 0
455.895 0
456.899 0
457.903 3
458.911 0
459.915 0
460.919 4
461.923 9
462.927 0
463.931 0
464.935 1
465.939 1
466.943 1
467.947 2
468.951 1
469.955 2
470.96 8
471.963 0
472.967 0
473.971 0
474.975 0
475.979 0
476.983 1
477.987 1
478.991 0
479.995 0
480.999 0
482.003 4
483.007 0
484.011 0
485.015 3
486.019 8
487.023 0
488.027 0
489.031 1
490.036 0
491.039 1
492.043 2
493.047 1
494.051 1
495.055 7
496.059 13
497.07 1
498.071 0
499.075 0
500.079 0
501.083 0
502.087 0
503.091 0
504.095 0
505.099 4
506.103 0
507.107 3
508.111 0
509.115 0
510.119 1
511.123 0
512.127 1
513.131 6
514.135 13
515.139 1
516.143 0
517.147 0
518.151 0
519.155 0
520.159 0
521.163 0
522.167 0
523.172 0
524.175 4
525.179 0
526.183 0
527.189 4
528.191 0
529.195 0
530.199 0
531.203 1
532.207 0
533.211 4
534.215 10
535.223 0
536.227 0
537.232 1
538.235 0
539.239 1
540.247 1
541.248 2
542.252 8
543.255 1
544.264 0
545.268 0
546.272 0
547.276 0
548.28 0
549.284 0
550.288 0
551.292 5
552.297 11
553.304 0
554.308 0
555.312 0
556.323 0
557.324 0
558.328 0
559.332 0
560.336 5
561.34 11
562.352 0
563.356 0
564.36 0
565.364 1
566.368 0
567.372 2
568.381 1
569.385 3
570.388 8
571.392 14
572.4 0
573.404 0
574.408 0
575.412 0
576.416 0
577.42 0
578.424 0
579.428 0
580.432 0
581.436 5
582.443 1
583.444 0
584.448 0
585.452 3
586.456 9
587.46 1
588.464 0
589.468 0
590.472 0
591.476 0
592.48 0
593.484 4
594.488 0
595.492 1
596.496 1
597.5 1
598.504 1
599.508 0
600.512 0
601.516 3
602.524 0
603.528 2
604.532 1
605.536 2
606.54 0
607.544 1
608.548 0
609.552 0
610.556 0
611.57 1
612.583 2
613.584 2
614.589 1
615.592 0
616.596 0
617.6 4
618.604 2
619.608 2
620.613 0
621.616 2
622.621 0
623.624 0
624.628 0
625.632 0
626.637 5
627.64 0
628.644 1
629.648 2
630.653 1
631.657 2
632.661 8
633.664 0
634.669 0
635.673 0
636.677 0
637.681 0
638.685 0
639.689 0
640.693 4
641.697 1
642.701 0
643.705 1
644.709 0
645.713 6
646.717 1
647.721 0
648.725 2
649.729 0
650.733 0
651.737 0
652.741 5
653.745 0
654.749 3
655.753 0
656.757 1
657.761 0
658.765 0
659.765 0
660.769 5
661.773 11
662.777 0
663.781 0
664.785 0
665.789 0
666.793 1
667.797 4
668.801 1
669.805 0
670.809 1
671.813 0
672.817 0
673.822 5
674.825 0
675.829 2
676.833 0
677.837 1
678.842 5
679.85 0
680.853 4
681.857 0
682.861 1
683.865 1
684.869 0
685.873 3
686.877 0
687.881 1
688.885 5
689.889 0
690.894 4
691.897 1
692.901 1
693.905 1
694.909 0
695.913 0
696.918 4
697.921 0
698.926 1
699.929 7
700.933 0
701.938 2
702.941 2
703.945 0
704.961 5
705.961 0
706.965 3
707.97 0
708.974 1
709.978 7
710.982 0
711.986 3
712.99 1
713.994 0
714.998 0
716.002 0
717.007 3
718.01 0
719.014 0
720.026 0
721.03 0
722.034 3
723.058 0
724.062 0
725.066 0
726.07 4
727.074 2
728.078 1
729.082 1
730.086 0
731.09 5
732.099 2
733.102 3
734.106 0
735.11 0
736.114 0
737.118 5
738.122 0
739.126 1
740.13 1
741.134 7
742.138 0
743.142 0
744.146 2
745.15 2
746.154 8
747.158 0
748.162 0
749.166 3
750.182 1
751.182 0
752.186 0
753.19 0
754.194 5
755.198 2
756.202 0
757.206 0
758.21 1
759.214 7
760.218 1
761.222 1
762.226 1
763.231 2
764.235 9
765.238 0
766.243 0
767.246 0
768.251 3
769.254 1
770.258 0
771.262 0
772.277 5
773.278 2
774.283 1
775.286 0
776.29 7
777.294 3
778.298 1
779.302 2
780.307 2
781.311 0
782.315 4
783.319 3
784.323 0
785.327 1
786.346 6
787.347 1
788.351 0
789.355 0
790.359 1
791.363 7
792.367 2
793.371 0
794.375 1
795.379 2
796.383 3
797.387 1
798.391 1
799.395 7
800.399 2
801.403 1
802.407 1
803.411 1
804.415 8
805.419 3
806.423 0
807.427 1
808.431 0
809.435 1
810.441 8
811.443 1
812.447 0
813.451 1
814.455 1
815.459 2
816.463 3
817.468 1
818.471 2
819.475 9
820.479 1
821.483 0
822.488 2
823.491 1
824.496 2
825.499 1
826.503 0
827.507 1
828.511 4
829.515 11
830.519 2
831.523 0
832.527 1
833.531 1
834.535 1
835.539 1
836.543 2
837.547 4
838.556 10
839.561 1
840.563 0
841.567 0
842.571 0
843.576 3
844.579 11
845.592 15
846.595 0
847.599 0
848.603 1
849.607 0
850.611 1
851.615 0
852.62 1
853.624 6
854.627 14
855.632 5
856.636 0
857.64 0
858.652 1
859.664 1
860.672 1
861.677 1
862.68 0
863.684 4
864.688 12
865.692 18
866.696 5
867.7 0
868.704 0
869.708 0
870.712 0
871.716 0
872.72 0
873.724 0
874.728 0
875.732 2
876.736 2
877.74 5
878.744 2
879.748 0
880.752 0
881.757 0
882.76 1
883.764 3
884.769 1
885.772 0
886.776 0
887.78 3
888.784 2
889.788 9
890.792 2
891.796 0
892.8 1
893.804 1
894.808 1
895.812 1
896.817 6
897.82 2
898.824 0
899.828 1
900.832 1
901.837 4
902.84 2
903.844 2
904.849 7
905.852 2
906.857 1
907.86 0
908.865 1
909.868 1
910.872 0
911.877 3
912.88 2
913.884 0
914.888 0
915.896 4
916.897 3
917.901 9
918.904 0
919.908 0
920.912 0
921.916 3
922.92 2
923.927 8
924.929 0
925.933 2
926.937 2
927.941 1
928.951 5
929.953 2
930.957 1
931.961 7
932.965 0
933.969 2
934.973 1
935.977 0
936.982 2
937.985 2
938.989 2
939.993 8
940.997 1
942.001 1
943.006 2
944.009 1
945.013 0
946.017 3
947.021 2
948.025 1
949.029 0
950.029 0
951.033 4
952.037 2
953.041 0
954.045 0
955.049 4
956.053 2
957.076 1
958.082 2
959.085 1
960.089 2
961.105 2
962.109 0
963.113 0
964.117 0
965.122 4
966.125 10
967.129 0
968.133 0
969.137 0
970.141 0
971.146 2
972.149 1
973.153 0
974.157 0
975.162 3
976.165 10
977.169 1
978.173 0
979.177 1
980.181 1
981.185 1
982.189 1
983.193 5
984.197 2
985.201 1
986.205 1
987.209 0
988.214 3
989.217 2
990.221 6
991.225 0
992.229 3
993.234 9
994.237 0
995.242 0
996.246 0
997.25 2
998.254 2
999.258 8
1000.26 0
1001.27 0
1002.27 1
1003.27 0
1004.28 0
1005.29 3
1006.3 0
1007.3 2
1008.31 2
1009.31 9
1010.31 15
1011.32 0
1012.32 0
1013.33 1
1014.33 0
1015.33 0
1016.34 0
1017.34 0
1018.36 3
1019.36 2
1020.36 0
1021.37 0
1022.37 3
1023.37 10
1024.38 3
1025.38 0
1026.39 1
1027.4 1
1028.42 0
1029.42 3
1030.42 10
1031.44 2
1032.45 0
1033.45 0
1034.45 1
1035.46 0
1036.46 1
1037.47 0
1038.47 1
1039.47 6
1040.5 3
1041.5 0
1042.51 0
1043.51 0
1044.52 0
1045.52 0
1046.52 4
1047.53 2
1048.53 0
1049.54 0
1050.54 5
1051.54 1
1052.55 0
1053.55 0
1054.55 6
1055.56 12
1056.57 0
1057.57 0
1058.57 0
1059.58 0
1060.58 0
1061.59 5
1062.59 2
1063.59 0
1064.6 0
1065.6 0
1066.61 2
1067.61 2
1068.62 8
1069.62 1
1070.62 1
1071.63 1
1072.63 1
1073.63 0
1074.64 5
1075.64 1
1076.65 0
1077.65 0
1078.65 0
1079.66 4
1080.66 11
1081.67 2
1082.67 0
1083.69 2
1084.69 1
1085.69 2
1086.7 9
1087.7 2
1088.7 0
1089.71 1
1090.71 0
1091.71 1
1092.72 1
1093.72 0
1094.73 0
1095.74 2
1096.74 9
1097.74 2
1098.75 0
1099.75 1
1100.76 1
1101.76 1
1102.76 7
1103.77 2
1104.77 0
1105.78 1
1106.78 0
1107.78 1
1108.79 4
1109.79 1
1110.8 0
1111.8 0
1112.8 0
1113.81 5
1114.81 11
1115.82 1
1116.82 0
1117.82 0
1118.83 1
1119.83 1
1120.84 2
1121.84 1
1122.84 0
1123.85 4
1124.85 2
1125.86 1
1126.86 0
1127.86 0
1128.87 3
1129.87 2
1130.88 0
1131.88 0
1132.88 3
1133.89 3
1134.89 2
1135.9 0
1136.9 2
1137.9 3
1138.91 2
1139.91 7
1140.92 0
1141.92 0
1142.92 3
1143.93 3
1144.93 0
1145.94 0
1146.94 0
1147.94 3
1148.95 1
1149.95 0
1150.96 0
1151.96 5
1152.96 2
1153.97 0
1154.97 0
1155.98 5
1156.98 3
1157.98 0
1158.99 0
1159.99 0
1161 4
1162 2
1163 1
1164.02 1
1165.02 2
1166.03 1
1167.03 2
1168.04 9
1169.04 2
1170.04 0
1171.05 1
1172.05 1
1173.06 1
1174.06 2
1175.06 8
1176.07 4
1177.07 0
1178.08 0
1179.08 1
1180.08 1
1181.09 1
1182.09 0
1183.1 1
1184.1 7
1185.1 15
1186.11 4
1187.11 0
1188.12 0
1189.12 0
1190.12 0
1191.13 0
1192.13 0
1193.14 0
1194.14 3
1195.15 10
1196.15 4
1197.16 0
1198.16 0
1199.16 0
1200.17 0
1201.17 1
1202.18 5
1203.18 2
1204.18 0
1205.19 1
1206.19 1
1207.2 4
1208.2 12
1209.2 3
1210.21 0
1211.21 0
1212.22 1
1213.22 0
1214.22 1
1215.23 1
1216.23 6
1217.24 2
1218.24 1
1219.24 1
1220.25 7
1221.25 14
1222.26 3
1223.26 0
1224.26 0
1225.27 0
1226.27 2
1227.28 1
1228.28 8
1229.29 3
1230.29 0
1231.29 1
1232.29 1
1233.3 3
1234.3 1
1235.31 2
1236.31 10
1237.31 16
1238.32 5
1239.32 0
1240.32 0
1241.33 0
1242.33 0
1243.34 0
1244.34 2
1245.35 1
1246.35 1
1247.35 5
1248.36 12
1249.36 4
1250.37 0
1251.37 1
1252.37 1
1253.38 1
1254.39 2
1255.39 1
1256.39 0
1257.4 0
1258.4 5
1259.41 13
1260.41 4
1261.41 0
1262.42 0
1263.42 1
1264.43 1
1265.43 1
1266.43 1
1267.44 8
1268.45 3
1269.45 0
1270.45 1
1271.46 8
1272.46 3
1273.47 0
1274.47 1
1275.47 0
1276.48 7
1277.48 3
1278.49 0
1279.49 1
1280.49 1
1281.5 8
1282.5 2
1283.51 0
1284.51 1
1285.51 0
1286.52 0
1287.52 4
1288.53 11
1289.53 3
1290.53 0
1291.55 2
1292.55 1
1293.56 3
1294.56 10
1295.57 4
1296.57 0
1297.57 1
1298.58 0
1299.58 0
1300.59 5
1301.6 2
1302.6 0
1303.61 0
1304.61 4
1305.61 2
1306.62 0
1307.62 0
1308.63 6
1309.63 3
1310.63 0
1311.64 0
1312.64 1
1313.65 3
1314.65 1
1315.65 0
1316.66 0
1317.66 5
1318.67 2
1319.67 0
1320.67 0
1321.68 5
1322.68 3
1323.69 1
1324.69 0
1325.69 0
1326.7 3
1327.72 2
1328.72 0
1329.72 0
1330.74 0
1331.74 3
1332.75 2
1333.75 0
1334.75 0
1335.76 4
1336.76 10
1337.77 0
1338.77 0
1339.77 0
1340.78 3
1341.78 2
1342.79 1
1343.79 6
1344.79 3
1345.8 0
1346.8 0
1347.81 0
1348.81 0
1349.81 5
1350.82 3
1351.82 0
1352.83 0
1353.83 4
1354.83 2
1355.84 1
1356.84 0
1357.85 0
1358.85 3
1359.86 10
1360.87 4
1361.87 0
1362.87 2
1363.88 1
1364.88 1
1365.89 7
1366.89 3
1367.89 0
1368.9 0
1369.9 0
1370.91 5
1371.91 2
1372.92 0
1373.92 0
1374.92 0
1375.93 6
1376.93 13
1377.93 1
1378.95 0
1379.96 0
1380.96 1
1381.96 1
1382.97 2
1383.97 10
1384.98 5
1385.98 0
1386.98 0
1387.99 1
1388.99 0
1390 1
1391 8
1392 3
1393.01 0
1394.01 0
1395.02 0
1396.02 0
1397.02 0
1398.03 7
1399.03 3
1400.04 0
1401.04 0
1402.04 0
1403.05 0
1404.05 6
1405.06 14
1406.06 3
1407.06 0
1408.07 0
1409.07 1
1410.08 1
1411.08 2
1412.08 1
1413.09 9
1414.09 3
1415.1 0
1416.1 1
1417.1 2
1418.11 2
1419.11 4
1420.12 1
1421.12 2
1422.12 9
1423.13 3
1424.13 1
1425.14 1
1426.14 1
1427.14 2
1428.15 5
1429.15 13
1430.16 2
1431.16 0
1432.16 0
1433.17 0
1434.17 0
1435.18 0
1436.18 5
1437.21 4
1438.22 5
1439.22 0
1440.22 1
1441.23 1
1442.23 3
1443.24 10
1444.24 4
1445.24 0
1446.25 0
1447.25 1
1448.26 1
1449.26 1
1450.26 9
1451.27 4
1452.27 0
1453.28 0
1454.28 0
1455.28 0
1456.29 6
1457.29 2
1458.3 1
1459.3 2
1460.3 8
1461.31 16
1462.31 6
1463.32 0
1464.32 0
1465.33 0
1466.34 0
1467.34 0
1468.34 2
1469.35 1
1470.35 1
1471.36 3
1472.36 1
1473.37 0
1474.38 0
1475.38 3
1476.38 10
1477.39 4
1478.39 0
1479.4 1
1480.4 0
1481.4 1
1482.41 9
1483.41 4
1484.42 0
1485.42 0
1486.42 0
1487.43 0
1488.43 4
1489.44 2
1490.44 0
1491.45 0
1492.45 3
1493.46 2
1494.46 8
1495.46 2
1496.47 1
1497.47 1
1498.48 5
1499.49 2
1500.49 2
1501.5 3
1502.5 10
1503.5 2
1504.51 0
1505.51 1
1506.52 1
1507.52 1
1508.52 1
1509.53 0
1510.53 0
1511.53 4
1512.54 12
1513.54 5
1514.54 0
1515.55 0
1516.55 1
1517.56 0
1518.56 0
1519.56 0
1520.57 7
1521.57 15
1522.59 21
1523.59 7
1524.59 0
1525.6 0
1526.6 1
1527.61 0
1528.61 1
1529.61 1
1530.62 0
1531.62 1
1532.63 7
1533.63 16
1534.65 22
1535.66 8
1536.66 3
1537.67 0
1538.67 0
1539.67 0
1540.68 0
1541.68 0
1542.69 0
1543.69 5
1544.69 11
1545.7 4
1546.7 0
1547.71 0
1548.71 1
1549.71 0
1550.72 0
1551.72 1
1552.73 5
1553.73 12
1554.73 3
1555.74 0
1556.74 0
1557.75 1
1558.75 1
1559.75 1
1560.76 1
1561.76 0
1562.77 3
1563.77 2
1564.77 6
1565.78 2
1566.78 0
1567.79 1
1568.79 1
1569.8 6
1570.8 3
1571.81 0
1572.81 0
1573.81 0
1574.82 2
1575.82 1
1576.83 8
1577.83 3
1578.83 0
1579.84 0
1580.84 1
1581.85 6
1582.85 13
1583.85 3
1584.86 0
1585.87 0
1586.87 0
1587.87 2
1588.88 2
1589.88 2
1590.89 0
1591.89 0
1592.89 3
1593.9 11
1594.9 4
1595.91 0
1596.91 0
1597.91 0
1598.92 0
1599.92 0
1600.93 6
1601.93 3
1602.93 0
1603.94 0
1604.94 0
1605.95 5
1606.95 12
1607.95 3
1608.96 0
1609.96 1
1610.97 1
1611.97 1
1612.97 1
1613.98 5
1614.98 3
1615.99 0
1616.99 0
1617.99 3
1619 1
1620 1
1621.01 6
1622.01 13
1623.01 2
1624.02 0
1625.02 0
1626.03 0
1627.03 3
1628.03 1
1629.04 1
1630.04 8
1631.05 3
1632.05 0
1633.05 1
1634.06 7
1635.06 2
1636.07 1
1637.07 1
1638.09 1
1639.09 3
1640.09 10
1641.1 0
1642.1 0
1643.11 0
1644.11 2
1645.11 2
1646.12 0
1647.12 0
1648.13 6
1649.13 13
1650.13 3
1651.14 0
1652.14 0
1653.15 1
1654.15 2
1655.16 9
1656.16 3
1657.17 0
1658.17 1
1659.18 0
1660.18 1
1661.18 3
1662.19 1
1663.19 1
1664.2 7
1665.2 2
1666.2 0
1667.21 0
1668.21 0
1669.22 0
1670.22 0
1671.22 4
1672.23 11
1673.24 4
1674.24 0
1675.24 1
1676.25 0
1677.25 0
1678.26 5
1679.26 3
1680.26 1
1681.27 0
1682.27 2
1683.28 2
1684.28 6
1685.28 2
1686.29 1
1687.3 3
1688.3 11
1689.3 3
1690.31 0
1691.31 1
1692.32 0
1693.32 1
1694.32 1
1695.33 3
1696.33 1
1697.34 1
1698.34 8
1699.34 15
1700.35 3
1701.35 0
1702.36 0
1703.36 0
1704.36 0
1705.37 0
1706.38 5
1707.38 13
1708.38 5
1709.39 0
1710.39 0
1711.4 0
1712.4 0
1713.4 0
1714.41 5
1715.41 3
1716.41 0
1717.42 0
1718.42 0
1719.43 6
1720.43 14
1721.43 4
1722.44 0
1723.44 0
1724.45 1
1725.45 1
1726.45 1
1727.46 1
1728.46 2
1729.47 9
1730.47 15
1731.47 5
1732.48 0
1733.48 0
1734.49 0
1735.49 0
1736.49 0
1737.5 0
1738.5 5
1739.51 12
1740.51 4
1741.51 0
1742.52 0
1743.52 1
1744.53 1
1745.53 1
1746.53 8
1747.54 3
1748.54 0
1749.55 1
1750.55 0
1751.55 1
1752.56 4
1753.56 12
1754.57 4
1755.57 0
1756.57 1
1757.58 1
1758.58 1
1759.59 2
1760.59 7
1761.59 3
1762.6 0
1763.6 0
1764.61 1
1765.61 1
1766.61 7
1767.62 3
1768.62 0
1769.63 0
1770.63 0
1771.63 0
1772.64 3
1773.64 2
1774.65 7
1775.65 2
1776.65 0
1777.66 0
1778.66 0
1779.67 0
1780.67 5
1781.68 13
1782.68 5
1783.68 0
1784.69 0
1785.69 0
1786.71 2
1787.72 0
1788.72 3
1789.72 2
1790.73 7
1791.73 3
1792.74 1
1793.74 2
1794.74 10
1795.75 4
1796.75 0
1797.76 1
1798.76 1
1799.76 1
1800.77 4
1801.77 1
1802.78 0
1803.78 0
1804.79 3
1805.79 1
1806.8 2
1807.8 7
1808.8 2
1809.81 1
