# timestamp	GC Total Latency (msec)		Read Latency (msec)	Write Latency (msec)\n
282.135 0 0 0
284.695 0 0 0
285.698 3 0 0
286.702 4 0 0
287.706 5 0 0
288.744 5 0 0
289.746 5 0 0
290.75 5 0 0
291.754 480 211 266
292.758 1246 550 699
293.763 1577 694 888
296.238 1623 715 914
297.239 2048 902 1155
298.243 2360 1038 1334
299.246 2680 1177 1517
300.251 2860 1255 1621
301.255 3100 1360 1757
302.258 3249 1425 1842
303.974 3400 1491 1928
304.975 3555 1557 2019
305.978 3683 1612 2093
306.983 3829 1676 2176
307.986 3904 1707 2220
308.992 4025 1760 2289
309.995 4094 1790 2329
310.999 4196 1834 2387
312.003 4256 1859 2423
313.003 4343 1897 2473
314.007 4399 1920 2506
315.011 4476 1953 2550
316.015 4511 1969 2570
318.416 4563 1991 2600
319.42 4604 2008 2624
320.424 4647 2026 2650
321.428 4705 2050 2683
322.432 4736 2063 2702
323.436 4789 2086 2733
324.954 4813 2096 2747
325.955 4861 2117 2774
327.007 4887 2128 2789
328.008 4927 2146 2812
329.077 4968 2163 2836
330.08 4990 2173 2848
331.162 5029 2190 2871
332.164 5055 2200 2887
333.168 5079 2210 2901
334.826 5094 2217 2909
335.828 5122 2229 2926
336.845 5138 2235 2936
337.849 5166 2247 2952
338.852 5199 2260 2972
339.857 5195 2258 2970
340.86 5225 2271 2987
341.865 5241 2277 2997
342.868 5260 2285 3009
343.872 5274 2291 3017
344.876 5299 2301 3031
345.88 5306 2303 3037
346.893 5328 2312 3050
347.897 5340 2317 3057
348.901 5358 2324 3068
349.905 5387 2336 3085
350.908 5400 2340 3094
352.197 5419 2348 3105
353.202 5423 2349 3108
354.205 5437 2355 3117
355.293 5454 2362 3126
356.297 5459 2364 3130
357.302 5473 2370 3138
358.304 5483 2374 3144
359.309 5486 2375 3146
360.313 5499 2381 3154
361.317 5502 2382 3156
362.322 5515 2387 3164
363.33 5528 2393 3171
364.333 5528 2392 3171
365.337 5540 2397 3179
366.343 5553 2402 3186
367.346 5547 2400 3183
368.349 5561 2405 3191
369.353 5574 2411 3199
370.358 5569 2408 3197
374.475 5580 2412 3203
375.477 5589 2416 3210
376.528 5610 2424 3223
377.53 5606 2422 3220
378.534 5621 2428 3230
379.538 5625 2429 3233
381.526 5633 2432 3237
382.53 5647 2438 3246
383.922 5652 2439 3249
384.926 5663 2444 3256
385.931 5671 2447 3261
386.934 5683 2451 3269
387.938 5683 2451 3269
388.942 5692 2454 3275
389.946 5704 2459 3282
390.95 5712 2462 3287
392.673 5724 2466 3295
393.675 5733 2470 3301
394.678 5741 2472 3306
395.682 5754 2477 3314
396.686 5762 2480 3319
397.692 5772 2484 3326
398.694 5779 2486 3331
400.04 5779 2486 3331
401.055 5791 2490 3338
402.059 5800 2493 3344
403.06 5814 2498 3353
404.058 5815 2499 3354
405.058 5824 2502 3360
406.058 5832 2504 3366
407.059 5843 2508 3373
408.059 5852 2511 3379
409.059 5855 2513 3381
410.058 5862 2515 3386
411.104 5872 2519 3392
412.105 5882 2522 3398
413.106 5888 2524 3403
414.113 5901 2529 3411
415.109 5900 2528 3411
416.109 5910 2532 3418
417.109 5916 2534 3422
418.108 5924 2537 3427
419.22 5931 2539 3432
420.22 5935 2540 3435
421.22 5944 2543 3440
422.245 5952 2546 3446
423.244 5964 2550 3453
424.244 5969 2552 3456
425.245 5970 2552 3458
426.243 5977 2554 3463
427.404 5986 2557 3468
428.404 5993 2559 3473
429.403 5999 2561 3478
430.403 6006 2563 3482
431.403 6014 2566 3488
432.403 6025 2570 3495
433.403 6027 2570 3497
434.407 6037 2573 3503
435.408 6042 2575 3507
436.407 6052 2579 3513
437.407 6051 2578 3513
438.408 6059 2581 3519
439.406 6068 2584 3525
440.407 6074 2585 3529
441.406 6081 2588 3534
442.407 6091 2591 3540
443.407 6093 2591 3543
444.406 6103 2595 3549
445.41 6108 2596 3552
446.427 6114 2598 3556
447.426 6120 2600 3561
448.513 6131 2604 3568
449.51 6135 2604 3571
450.534 6144 2608 3577
451.533 6149 2609 3581
452.534 6155 2611 3585
453.534 6160 2613 3589
454.533 6170 2616 3595
455.533 6173 2616 3598
456.533 6182 2620 3604
457.533 6190 2622 3609
458.533 6194 2623 3612
460 6203 2626 3618
461 6206 2627 3620
462 6215 2630 3627
463 6218 2630 3629
464.001 6228 2634 3635
465 6230 2634 3637
466 6236 2636 3642
467 6245 2639 3648
468 6252 2641 3652
469 6256 2642 3656
470.007 6264 2645 3661
471.069 6266 2645 3663
472.068 6275 2648 3669
473.069 6278 2648 3671
474.074 6287 2651 3677
475.072 6292 2653 3681
476.343 6301 2656 3687
477.34 6303 2656 3689
478.34 6312 2659 3695
479.339 6315 2660 3697
480.34 6323 2662 3703
481.339 6327 2663 3706
482.34 6335 2666 3711
483.34 6338 2667 3714
484.344 6347 2670 3720
485.342 6351 2670 3723
486.343 6358 2673 3728
487.343 6361 2673 3730
488.342 6369 2676 3736
489.342 6374 2677 3740
490.7 6380 2679 3744
491.699 6385 2680 3748
492.698 6394 2683 3754
493.699 6397 2684 3756
494.698 6406 2686 3762
495.699 6408 2687 3764
496.698 6416 2689 3770
497.698 6419 2690 3772
498.698 6427 2692 3778
499.698 6428 2692 3779
500.732 6435 2695 3784
501.73 6441 2696 3788
502.944 6449 2699 3794
503.941 6451 2699 3795
504.941 6459 2702 3801
505.942 6463 2702 3804
506.942 6468 2704 3808
507.941 6475 2706 3813
508.942 6481 2707 3817
509.942 6488 2709 3822
510.941 6494 2711 3827
511.942 6502 2713 3833
512.981 6507 2715 3836
513.981 6510 2715 3839
515.059 6519 2718 3845
516.057 6522 2718 3848
517.057 6531 2721 3854
518.058 6534 2722 3857
519.057 6543 2724 3862
520.058 6547 2725 3866
521.057 6553 2727 3870
522.057 6559 2729 3875
523.097 6566 2731 3880
524.102 6572 2732 3885
525.101 6577 2733 3888
526.101 6582 2734 3892
527.101 6588 2736 3897
528.101 6595 2738 3902
529.101 6602 2740 3907
530.1 6609 2741 3912
531.101 6615 2743 3917
