2.0	257.403
4.0	240.39
6.0	221.263
8.0	223.97
10.0	223.061
12.0	226.047
14.0	229.393
16.0	219.762
18.0	250.835
20.0	220.449
22.0	232.09
24.0	245.087
26.0	217.243
28.0	256.679
30.0	234.348
32.0	234.824
34.0	234.387
36.0	230.244
38.0	244.942
40.0	234.286
42.0	215.282
44.0	240.62
46.0	224.068
48.0	200.331
50.0	210.388
52.0	257.34
54.0	226.687
56.0	213.932
58.0	216.388
60.0	217.318
62.0	233.318
64.0	206.111
66.0	222.535
68.0	193.118
70.0	160.748
72.0	162.281
74.0	232.382
76.0	125.608
78.0	124.587
80.0	119.829
82.0	128.809
84.0	200.004
86.0	193.814
88.0	176.175
90.0	181.754
92.0	172.678
94.0	159.475
96.0	176.393
98.0	201.534
100.0	178.367
102.0	171.798
104.0	154.477
106.0	185.78
108.0	190.039
110.0	173.346
112.0	161.068
114.0	190.822
116.0	190.924
118.0	177.972
120.0	156.963
122.0	186.878
124.0	186.772
126.0	181.091
128.0	157.198
130.0	184.589
132.0	186.035
134.0	174.097
136.0	124.936
138.0	123.075
140.0	167.74
142.0	191.52
144.0	177.494
146.0	157.266
148.0	159.934
150.0	198.016
152.0	192.901
154.0	175.812
156.0	177.493
158.0	172.459
160.0	163.05
162.0	198.996
164.0	169.659
166.0	164.507
168.0	200.124
170.0	180.71
172.0	173.14
174.0	179.915
176.0	164.568
178.0	163.176
180.0	194.537
182.0	191.933
184.0	176.063
186.0	180.219
188.0	165.666
190.0	168.037
192.0	198.532
194.0	176.431
196.0	178.433
198.0	171.904
200.0	162.41
202.0	197.777
204.0	172.25
206.0	160.746
208.0	155.645
210.0	198.414
212.0	174.511
214.0	176.799
216.0	172.882
218.0	174.726
220.0	186.078
222.0	166.022
224.0	176.245
226.0	193.623
228.0	177.116
230.0	137.715
232.0	127.084
234.0	123.526
236.0	177.945
238.0	184.178
240.0	166.011
242.0	161.156
244.0	200.221
246.0	182.388
248.0	179.259
250.0	178.679
252.0	161.4
254.0	194.764
256.0	165.631
258.0	168.013
260.0	197.545
262.0	174.038
264.0	178.356
266.0	205.54
268.0	197.621
270.0	213.426
272.0	168.249
274.0	162.915
276.0	195.859
278.0	182.797
280.0	166.176
282.0	159.407
284.0	195.025
286.0	185.627
288.0	173.609
290.0	160.836
292.0	196.108
294.0	178.19
296.0	180.823
298.0	175.382
300.0	152.072
302.0	214.734
304.0	201.024
306.0	180.44
308.0	225.753
310.0	226.613
312.0	214.187
314.0	219.416
316.0	215.39
318.0	218.775
320.0	216.969
322.0	204.107
324.0	239.094
326.0	214.071
328.0	207.227
330.0	232.456
332.0	222.751
334.0	217.322
336.0	213.061
338.0	201.123
340.0	215.084
342.0	238.061
344.0	220.612
346.0	206.376
348.0	198.631
350.0	234.638
352.0	226.237
354.0	211.498
356.0	187.241
358.0	183.424
360.0	185.374
362.0	246.854
364.0	187.345
366.0	184.142
368.0	185.183
370.0	214.091
372.0	184.158
374.0	182.496
376.0	184.428
378.0	183.251
380.0	180.252
382.0	186.272
384.0	217.223
386.0	202.987
388.0	177.739
390.0	189.162
392.0	202.105
394.0	190.659
396.0	178.31
398.0	188.68
400.0	200.001
402.0	216.148
404.0	184.036
406.0	193.973
408.0	184.307
410.0	195.916
412.0	189.283
414.0	177.625
416.0	148.969
418.0	161.195
420.0	142.465
422.0	128.952
424.0	126.497
426.0	130.1
428.0	128.34
430.0	111.596
432.0	127.976
434.0	128.319
436.0	120.831
438.0	146.904
440.0	199.371
442.0	172.304
444.0	113.423
446.0	150.864
448.0	185.565
450.0	154.717
452.0	140.692
454.0	120.58
456.0	121.636
458.0	177.17
460.0	215.355
462.0	187.41
464.0	181.919
466.0	215.257
468.0	212.367
470.0	186.373
472.0	191.085
474.0	183.538
476.0	195.757
478.0	188.149
480.0	183.043
482.0	196.344
484.0	178.239
486.0	180.369
488.0	179.007
490.0	181.419
492.0	189.715
494.0	186.905
496.0	187.809
498.0	184.033
500.0	176.225
502.0	182.801
504.0	204.95
506.0	186.752
508.0	186.492
510.0	185.288
512.0	184.801
514.0	195.252
516.0	182.238
518.0	185.16
520.0	196.742
522.0	181.268
524.0	180.155
526.0	179.494
528.0	202.092
530.0	183.405
532.0	186.508
534.0	179.861
536.0	179.263
538.0	192.981
540.0	183.137
542.0	182.097
544.0	146.965
546.0	167.384
548.0	174.755
550.0	180.122
552.0	181.91
554.0	187.265
556.0	180.198
558.0	199.378
560.0	181.088
562.0	181.637
564.0	183.215
566.0	197.343
568.0	183.555
570.0	193.11
572.0	181.035
574.0	182.83
576.0	180.207
578.0	180.045
580.0	195.364
582.0	181.123
584.0	183.522
586.0	176.659
588.0	185.475
590.0	176.516
592.0	177.348
594.0	187.72
596.0	179.321
598.0	177.476
