 3611
 3615
 3626
 3716
 3783
 3808
 3810
 3877
 3885
 3887
 3924
 3986
 3994
 3995
 3997
 4001
 4006
 4015
 4030
 4039
 4072
 4087
 4139
 4144
 4144
 4152
 4190
 4191
 4195
 4209
 4212
 4218
 4243
 4264
 4269
 4279
 4282
 4287
 4292
 4312
 4321
 4331
 4333
 4343
 4346
 4369
 4373
 4379
 4388
 4392
 4395
 4398
 4405
 4418
 4421
 4433
 4435
 4443
 4454
 4483
 4533
 4548
 4580
 4586
 4595
 4632
 4655
 4661
 4673
 4684
 4689
 4704
 4715
 4718
 4724
 4728
 4747
 4751
 4752
 4766
 4767
 4778
 4782
 4784
 4785
 4787
 4791
 4806
 4817
 4819
 4826
 4829
 4842
 4848
 4851
 4863
 4868
 4873
 4876
 4887
 4887
 4890
 4897
 4898
 4911
 4937
 4948
 4948
 4965
 4967
 4973
 4980
 4989
 4990
 4998
 5007
 5015
 5021
 5032
 5045
 5054
 5055
 5062
 5063
 5068
 5073
 5079
 5080
 5080
 5082
 5086
 5096
 5098
 5101
 5110
 5111
 5118
 5121
 5121
 5121
 5130
 5130
 5139
 5142
 5145
 5150
 5157
 5159
 5161
 5164
 5165
 5170
 5174
 5174
 5177
 5177
 5177
 5179
 5183
 5195
 5198
 5198
 5201
 5204
 5204
 5206
 5208
 5218
 5227
 5227
 5230
 5232
 5236
 5237
 5238
 5246
 5249
 5251
 5254
 5259
 5261
 5262
 5262
 5271
 5274
 5277
 5278
 5279
 5287
 5287
 5293
 5297
 5300
 5304
 5306
 5306
 5321
 5323
 5326
 5331
 5334
 5339
 5341
 5343
 5343
 5346
 5348
 5358
 5361
 5362
 5364
 5366
 5381
 5382
 5398
 5398
 5404
 5404
 5408
 5412
 5415
 5429
 5438
 5447
 5449
 5453
 5458
 5460
 5471
 5489
 5497
 5501
 5511
 5519
 5525
 5532
 5545
 5547
 5588
 5621
 5653
 5674
 5680
 5686
 5689
 5722
 5741
 5742
 5749
 5761
 5804
 5807
 5853
 5861
 5871
 5875
 5886
 5891
 5921
 5934
 5938
 5951
 5953
 5976
 5977
 5998
 6027
 6087
 6092
 6099
 6150
 6200
 6254
 6259
 6332
 6494
 6551
 6574
 6637
 6649
 6990
 7296
 7347
 7424
 7447
 7515
 7578
 7597
 7690
 7692
 7730
 7734
 7759
 7813
 7853
 8119
 8138
 8308
 8618
 8945
