# timestamp	command count (MB)\n
291.754 171
292.758 350
293.763 199
296.238 28
297.239 293
298.243 269
299.246 310
300.251 233
301.255 305
302.258 239
303.974 242
304.975 295
305.978 273
306.983 319
307.986 229
308.992 317
309.995 240
310.999 313
312.003 254
313.003 309
314.007 256
315.011 313
316.015 240
318.416 237
319.42 258
320.424 259
321.428 311
322.432 244
323.436 320
324.954 231
325.955 320
327.007 229
328.008 309
329.077 305
330.08 267
331.162 318
332.164 343
333.168 313
334.826 141
335.828 284
336.845 232
337.849 311
338.852 333
339.857 116
340.86 334
341.865 264
342.868 288
343.872 172
344.876 306
345.88 219
346.893 290
347.897 212
348.901 278
349.905 405
350.908 308
352.197 280
353.202 181
354.205 225
355.293 251
356.297 187
357.302 227
358.304 199
359.309 189
360.313 228
361.317 185
362.322 236
363.33 225
364.333 133
365.337 228
366.343 233
367.346 159
368.349 252
369.353 251
370.358 154
374.475 217
375.477 281
376.528 420
377.53 109
378.534 322
379.538 247
381.526 163
382.53 311
383.922 227
384.926 264
385.931 256
386.934 272
387.938 197
388.942 252
389.946 273
390.95 325
392.673 276
393.675 365
394.678 353
395.682 345
396.686 281
397.692 321
398.694 318
400.04 0
401.055 334
402.059 352
403.06 363
404.058 171
405.058 338
406.058 294
407.059 340
408.059 307
409.059 171
410.058 275
411.104 315
412.105 322
413.106 317
414.113 378
415.109 146
416.109 327
417.109 278
418.108 264
419.22 312
420.22 266
421.22 289
422.245 306
423.244 353
424.244 207
425.245 313
426.243 295
427.404 343
428.404 305
429.403 307
430.403 288
431.403 340
432.403 363
433.403 276
434.407 359
435.408 315
436.407 355
437.407 98
438.408 323
439.406 336
440.407 289
441.406 345
442.407 362
443.407 295
444.406 385
445.411 290
446.427 241
447.426 327
448.513 399
449.51 325
450.534 359
451.533 325
452.534 234
453.534 308
454.533 391
455.533 289
456.533 369
457.533 347
458.533 320
460 355
461 264
462 383
463 297
464.001 397
465 203
466 341
467 391
468 337
469 347
470.007 356
471.069 219
472.068 388
473.069 291
474.074 386
475.072 335
476.343 376
477.34 291
478.34 375
479.339 298
480.34 383
481.339 311
482.34 383
483.34 305
484.344 408
485.343 354
486.343 351
487.343 223
488.342 396
489.342 336
490.7 301
491.699 339
492.698 413
493.699 328
494.698 395
495.699 297
496.698 404
497.698 280
498.698 400
499.698 106
500.732 399
501.73 363
502.944 404
503.941 274
504.941 409
505.942 326
506.942 343
507.941 368
508.942 379
509.942 397
510.941 392
511.942 421
512.981 221
513.981 353
515.059 429
516.057 307
517.057 460
518.058 290
519.057 423
520.058 331
521.057 351
522.057 403
523.097 395
524.102 401
525.101 322
526.101 305
527.101 399
528.101 389
529.101 420
530.1 396
531.101 398
