# timestamp	memory footprint (MB)\n
291.754 0
292.758 3
293.763 4
296.238 0
297.239 2
298.243 1
299.246 3
300.251 0
301.255 2
302.258 3
303.974 2
304.975 2
305.978 1
306.983 3
307.986 1
308.992 3
309.995 0
310.999 3
312.003 1
313.003 3
314.007 1
315.011 3
316.015 0
318.416 2
319.42 1
320.424 1
321.428 3
322.432 0
323.436 3
324.954 0
325.955 2
327.007 3
328.008 2
329.077 4
330.08 2
331.162 4
332.164 2
333.168 4
334.826 1
335.828 1
336.845 1
337.849 2
338.852 4
339.857 1
340.86 3
341.865 1
342.868 1
343.872 2
344.876 2
345.88 0
346.893 2
347.897 1
348.901 1
349.905 4
350.908 2
352.197 3
353.202 1
354.205 2
355.293 4
356.297 1
357.302 3
358.304 4
359.309 1
360.313 3
361.317 1
362.322 2
363.33 4
364.333 0
365.337 2
366.343 4
367.346 0
368.349 2
369.353 3
370.358 0
374.475 2
375.477 1
376.528 4
377.53 1
378.534 3
379.538 0
381.526 1
382.53 4
383.922 1
384.926 1
385.931 1
386.934 3
387.938 4
388.942 2
389.946 4
390.95 2
392.673 4
393.675 2
394.678 4
395.682 3
396.686 5
397.692 2
398.694 4
400.04 0
401.055 2
402.059 1
403.06 3
404.058 4
405.058 2
406.058 4
407.059 2
408.059 2
409.059 0
410.058 2
411.104 2
412.105 2
413.106 2
414.113 4
415.109 1
416.109 3
417.109 1
418.108 2
419.22 2
420.22 0
421.22 0
422.245 1
423.244 3
424.244 5
425.245 2
426.243 4
427.404 2
428.404 1
429.403 1
430.403 0
431.403 0
432.403 3
433.403 5
434.407 3
435.408 5
436.407 3
437.407 0
438.408 2
439.406 2
440.407 0
441.406 1
442.407 3
443.407 0
444.406 3
445.411 0
446.427 2
447.426 2
448.513 5
449.51 2
450.534 5
451.533 2
452.534 4
453.534 1
454.533 4
455.533 0
456.533 2
457.533 5
458.533 2
460 5
461 2
462 4
463 2
464.001 4
465 0
466 2
467 2
468 5
469 2
470.007 5
471.069 1
472.068 4
473.069 1
474.074 4
475.072 2
476.343 5
477.34 2
478.34 4
479.339 1
480.34 4
481.339 1
482.34 4
483.34 1
484.344 4
485.343 1
486.343 4
487.343 5
488.342 3
489.342 5
490.7 2
491.699 2
492.698 5
493.699 2
494.698 4
495.699 1
496.698 4
497.698 1
498.698 4
499.698 5
500.732 3
501.73 2
502.944 5
503.941 2
504.941 5
505.942 2
506.942 0
507.941 0
508.942 0
509.942 1
510.941 1
511.942 4
512.981 6
513.981 3
515.059 5
516.057 3
517.057 6
518.058 2
519.057 5
520.058 0
521.057 3
522.057 3
523.097 3
524.102 3
525.101 3
526.101 1
527.101 1
528.101 1
529.101 1
530.1 2
531.101 1
