# timestamp	utilization (%) \n
-61.3046 0
-56.2099 1
-51.2149 2
-41.345 4
-35.9709 5
-29.9188 7
-24.5641 8
-16.7501 10
-10.9023 11
-3.83169 13
2.97941 14
9.58031 15
14.9298 16
22.3814 17
28.6077 19
35.8544 20
42.7984 21
51.8204 22
58.0824 23
66.3094 25
73.3944 26
78.4984 27
87.4994 29
93.8934 30
100.172 31
106.28 32
116.749 34
122.806 35
128.825 36
133.861 37
139.6 38
145.9 39
151.062 40
156.59 41
162.933 42
171.249 43
178.897 44
185.43 46
194.63 47
201.182 48
206.416 49
212.486 50
219.589 52
227.036 53
232.979 54
239.574 55
245.555 56
251.681 58
259.065 59
264.854 61
270.326 62
276.37 63
282.027 65
287.375 65
293.319 67
299.716 68
305.254 68
311.213 68
318.507 67
324.006 67
331.052 67
336.162 66
341.226 66
346.893 65
352.32 65
358.115 65
363.677 65
369.787 64
377.07 64
382.727 64
390.065 63
396.411 63
401.685 62
407.038 62
412.16 61
418.035 61
424.057 61
430.093 60
437.121 60
442.984 59
448.402 59
454.893 58
460.045 58
465.868 57
472.307 57
478.513 56
484.726 56
490.797 55
496.988 55
502.987 54
508.72 54
514.948 53
520.981 52
526.611 52
