# timestamp	utilization (%) \n
-60.4591 0
-55.4535 0
-50.213 0
-41.8745 0
-35.6853 0
-30.569 0
-24.5689 0
-18.3047 0
-10.8586 0
-3.89109 0
3.09271 0
9.26761 0
14.2881 0
23.2894 0
28.3942 0
36.7694 0
44.7534 0
52.0894 0
59.0104 0
66.0724 0
71.1724 0
77.8154 0
86.3824 0
91.9294 0
99.0344 0
106.626 0
111.915 0
120.819 0
127.579 0
132.904 0
139.176 0
145.448 0
150.856 0
157.372 0
164.345 0
171.181 0
178.566 0
184.055 0
190.417 0
197.478 0
204.361 0
210.645 0
219.52 0
226.695 0
231.999 0
238.252 0
244.924 0
250.387 0
255.669 0
263.413 0
268.746 0
275.563 0
281.129 0
287.706 0
292.758 0
299.246 0
304.975 0
309.995 0
315.011 0
321.428 0
327.007 0
332.164 0
337.849 0
342.868 0
347.897 0
353.202 0
358.305 0
363.33 0
368.349 0
376.528 0
382.53 0
387.938 0
393.675 0
398.694 0
404.058 0
409.059 0
414.113 0
419.22 0
424.244 0
429.403 0
434.407 0
439.406 0
444.406 0
449.51 0
454.533 0
460 0
465 0
470.007 0
475.072 0
480.34 0
485.343 0
490.7 0
495.699 0
500.732 0
505.942 0
510.941 0
516.057 0
521.057 0
526.101 0
