2.0	256.933
4.0	242.13
6.0	227.958
8.0	230.562
10.0	224.436
12.0	231.47
14.0	228.748
16.0	230.018
18.0	250.377
20.0	229.246
22.0	243.597
24.0	246.547
26.0	219.757
28.0	264.284
30.0	233.092
32.0	235.059
34.0	238.083
36.0	232.413
38.0	243.372
40.0	238.389
42.0	221.311
44.0	230.181
46.0	198.079
48.0	216.086
50.0	251.984
52.0	224.14
54.0	216.982
56.0	231.467
58.0	203.846
60.0	218.146
62.0	215.481
64.0	205.324
66.0	204.473
68.0	259.613
70.0	204.521
72.0	210.135
74.0	254.455
76.0	227.191
78.0	190.381
80.0	245.387
82.0	227.837
84.0	205.474
86.0	220.025
88.0	192.31
90.0	213.782
92.0	206.391
94.0	256.941
96.0	191.371
98.0	194.617
100.0	238.431
102.0	209.438
104.0	201.016
106.0	230.87
108.0	207.605
110.0	214.496
112.0	206.97
114.0	204.835
116.0	216.953
118.0	199.946
120.0	191.224
122.0	199.607
124.0	242.469
126.0	197.221
128.0	185.339
130.0	245.42
132.0	188.74
134.0	205.288
136.0	202.263
138.0	186.728
140.0	217.567
142.0	194.917
144.0	185.922
146.0	240.22
148.0	166.591
150.0	219.14
152.0	210.527
154.0	193.841
156.0	227.961
158.0	217.644
160.0	191.684
162.0	193.936
164.0	216.585
166.0	202.21
168.0	182.375
170.0	184.579
172.0	199.457
174.0	230.303
176.0	183.239
178.0	192.379
180.0	198.999
182.0	213.594
184.0	223.892
186.0	188.205
188.0	182.739
190.0	235.493
192.0	185.661
194.0	170.607
196.0	194.904
198.0	228.398
200.0	188.043
202.0	158.829
204.0	186.852
206.0	196.492
208.0	183.69
210.0	164.883
212.0	229.684
214.0	230.854
216.0	148.521
218.0	175.094
220.0	178.282
222.0	243.164
224.0	186.385
226.0	147.053
228.0	169.999
230.0	231.522
232.0	173.919
234.0	222.748
236.0	140.249
238.0	169.683
240.0	234.947
242.0	169.826
244.0	161.803
246.0	205.906
248.0	162.889
250.0	168.878
252.0	251.031
254.0	180.268
256.0	185.772
258.0	163.018
260.0	168.385
262.0	236.528
264.0	142.055
266.0	226.618
268.0	144.71
270.0	157.395
272.0	248.611
274.0	219.97
276.0	170.114
278.0	164.032
280.0	180.707
282.0	231.143
284.0	127.946
286.0	171.948
288.0	164.962
290.0	215.741
292.0	229.479
294.0	171.026
296.0	128.597
298.0	162.171
300.0	231.391
302.0	160.094
304.0	154.783
306.0	184.989
308.0	226.474
310.0	174.569
312.0	135.074
314.0	144.657
316.0	222.905
318.0	227.019
320.0	123.44
322.0	178.751
324.0	165.188
326.0	153.464
328.0	166.03
330.0	148.121
332.0	187.177
334.0	217.785
336.0	171.851
338.0	147.841
340.0	202.809
342.0	194.448
344.0	170.799
346.0	130.02
348.0	144.919
350.0	171.102
352.0	220.194
354.0	220.968
356.0	102.018
358.0	155.292
360.0	151.602
362.0	200.525
364.0	198.189
366.0	129.529
368.0	162.721
370.0	174.157
372.0	195.803
374.0	228.311
376.0	103.682
378.0	176.07
380.0	134.414
382.0	145.217
384.0	213.722
386.0	159.81
388.0	146.414
390.0	157.514
392.0	139.956
394.0	186.346
396.0	232.32
398.0	108.694
400.0	161.87
402.0	129.643
404.0	188.562
406.0	144.303
408.0	167.125
410.0	131.941
412.0	140.654
414.0	243.482
416.0	143.412
418.0	152.544
420.0	142.752
422.0	245.25
424.0	144.309
426.0	142.673
428.0	149.44
430.0	153.331
432.0	234.685
434.0	128.341
436.0	133.268
438.0	194.645
440.0	176.768
442.0	160.355
444.0	116.26
446.0	149.518
448.0	187.8
450.0	150.249
452.0	202.695
454.0	142.216
456.0	112.017
458.0	154.374
460.0	134.252
462.0	210.349
464.0	133.985
466.0	148.296
468.0	141.238
470.0	142.251
472.0	231.29
474.0	191.815
476.0	166.677
478.0	148.174
480.0	149.592
482.0	149.961
484.0	200.932
486.0	199.233
488.0	141.917
490.0	162.914
492.0	171.132
494.0	207.917
496.0	140.251
498.0	130.553
500.0	149.874
502.0	218.219
504.0	138.619
506.0	129.46
508.0	144.275
510.0	132.152
512.0	215.396
514.0	154.416
516.0	167.756
518.0	107.322
520.0	137.41
522.0	159.161
524.0	188.988
526.0	145.852
528.0	143.981
530.0	176.993
532.0	144.316
534.0	141.338
536.0	159.383
538.0	148.897
540.0	150.543
542.0	130.558
544.0	144.469
546.0	196.557
548.0	164.531
550.0	90.57
552.0	145.717
554.0	144.248
556.0	189.01
558.0	169.137
560.0	144.882
562.0	120.16
564.0	142.26
566.0	144.702
568.0	220.009
570.0	136.71
572.0	110.757
574.0	177.183
576.0	138.746
578.0	166.015
580.0	153.908
582.0	145.219
584.0	158.291
586.0	169.879
588.0	138.662
590.0	144.722
592.0	170.268
594.0	152.097
596.0	191.304
598.0	153.351
600.0	134.577
602.0	133.232
604.0	185.047
606.0	140.658
608.0	147.223
610.0	133.777
612.0	128.203
614.0	179.473
616.0	139.319
618.0	139.247
620.0	134.204
622.0	125.428
624.0	127.141
626.0	132.966
628.0	164.886
630.0	163.525
632.0	134.663
634.0	240.31
636.0	108.457
638.0	154.282
640.0	124.384
642.0	132.664
644.0	238.06
646.0	121.257
648.0	140.489
650.0	135.062
652.0	125.535
654.0	136.853
656.0	205.675
658.0	163.133
660.0	155.833
662.0	130.806
664.0	165.017
666.0	185.282
668.0	135.495
670.0	169.978
672.0	119.128
674.0	87.941
676.0	153.165
678.0	170.562
680.0	141.398
682.0	178.675
684.0	137.738
686.0	155.96
688.0	131.036
690.0	141.822
692.0	134.108
694.0	141.683
696.0	133.594
698.0	125.312
700.0	152.813
702.0	200.398
704.0	110.212
706.0	143.779
708.0	115.117
710.0	144.734
712.0	139.076
714.0	119.815
716.0	136.297
718.0	233.76
720.0	128.356
722.0	150.682
724.0	135.639
726.0	130.569
728.0	134.134
730.0	153.816
732.0	142.853
734.0	143.08
736.0	120.205
738.0	134.598
740.0	197.745
742.0	149.211
744.0	119.353
746.0	136.619
748.0	140.257
750.0	120.364
752.0	124.593
754.0	230.597
756.0	136.878
758.0	107.999
760.0	134.035
762.0	172.924
764.0	168.06
766.0	116.48
768.0	127.177
770.0	131.508
772.0	123.626
774.0	115.676
776.0	237.897
778.0	110.973
780.0	118.23
782.0	153.435
784.0	170.421
786.0	109.563
788.0	144.416
790.0	175.108
792.0	112.751
794.0	122.972
796.0	131.852
798.0	163.813
800.0	174.639
802.0	130.437
804.0	132.428
806.0	114.105
808.0	142.229
810.0	114.172
812.0	200.433
814.0	120.76
816.0	235.616
818.0	144.714
820.0	123.859
822.0	154.285
824.0	125.545
826.0	124.2
828.0	133.888
830.0	100.607
832.0	130.27
834.0	127.87
836.0	109.087
838.0	143.223
840.0	179.583
842.0	141.948
844.0	121.428
846.0	130.12
848.0	145.502
850.0	173.544
852.0	121.351
854.0	148.173
856.0	125.305
858.0	137.723
860.0	161.551
862.0	152.417
864.0	119.701
866.0	133.752
868.0	125.621
870.0	178.946
872.0	102.315
874.0	122.383
876.0	136.298
878.0	137.655
880.0	101.848
882.0	129.657
884.0	174.898
886.0	108.01
888.0	112.452
890.0	103.379
892.0	108.183
894.0	241.147
896.0	111.508
898.0	104.593
900.0	131.568
902.0	189.015
904.0	150.458
906.0	100.691
908.0	109.012
910.0	143.246
912.0	156.781
914.0	122.608
916.0	226.511
918.0	106.872
920.0	120.026
922.0	138.272
924.0	215.19
926.0	118.786
928.0	128.441
930.0	123.812
932.0	120.933
934.0	115.708
936.0	137.893
938.0	185.34
940.0	111.33
942.0	102.705
944.0	103.998
946.0	120.556
948.0	121.436
950.0	196.226
952.0	104.879
954.0	98.949
956.0	111.347
958.0	179.9
960.0	173.531
962.0	126.484
964.0	190.023
966.0	108.001
968.0	181.166
970.0	131.511
972.0	120.842
974.0	136.217
976.0	191.385
978.0	106.74
980.0	100.558
982.0	112.063
984.0	224.706
986.0	113.848
988.0	122.576
990.0	98.546
992.0	115.516
994.0	161.146
996.0	159.842
998.0	213.95
1000.0	119.56
1002.0	109.326
1004.0	106.47
1006.0	123.878
1008.0	187.232
1010.0	107.689
1012.0	120.545
1014.0	131.714
1016.0	129.042
1018.0	116.545
1020.0	125.256
1022.0	124.541
1024.0	199.31
1026.0	172.469
1028.0	102.443
1030.0	125.026
1032.0	114.146
1034.0	128.872
1036.0	123.035
1038.0	110.359
1040.0	114.597
1042.0	107.835
1044.0	146.459
1046.0	141.606
1048.0	109.394
1050.0	166.008
1052.0	186.602
1054.0	106.887
1056.0	136.575
1058.0	117.35
1060.0	137.54
1062.0	109.761
1064.0	129.304
1066.0	205.445
1068.0	171.588
1070.0	100.748
1072.0	120.833
1074.0	122.229
1076.0	115.541
1078.0	95.056
1080.0	152.443
1082.0	130.657
1084.0	129.192
1086.0	122.94
1088.0	150.752
1090.0	109.162
1092.0	118.474
1094.0	149.173
1096.0	105.573
1098.0	207.71
1100.0	104.271
1102.0	105.498
1104.0	134.039
1106.0	136.442
1108.0	165.825
1110.0	116.13
1112.0	106.726
1114.0	156.825
1116.0	146.759
1118.0	138.433
1120.0	110.161
1122.0	123.626
1124.0	126.837
1126.0	101.67
1128.0	199.116
1130.0	109.522
1132.0	115.885
1134.0	230.083
1136.0	226.111
1138.0	123.478
1140.0	107.147
1142.0	120.398
1144.0	123.234
1146.0	123.716
1148.0	122.195
1150.0	72.815
1152.0	118.886
1154.0	123.376
1156.0	121.703
1158.0	118.656
1160.0	140.98
1162.0	104.887
1164.0	107.597
1166.0	153.905
1168.0	87.489
1170.0	203.197
1172.0	106.385
1174.0	100.346
1176.0	138.783
1178.0	202.211
1180.0	109.17
1182.0	109.802
1184.0	123.36
1186.0	93.625
1188.0	100.924
1190.0	147.993
1192.0	177.839
1194.0	97.471
1196.0	123.885
1198.0	113.834
1200.0	116.508
