 3506
 3573
 3606
 3612
 3651
 3691
 3705
 3715
 3731
 3735
 3738
 3769
 3788
 3797
 3799
 3805
 3821
 3826
 3828
 3836
 3850
 3851
 3868
 3872
 3875
 3882
 3907
 3915
 3921
 3925
 3939
 3945
 3955
 3955
 3958
 3966
 3972
 3975
 3977
 3981
 3999
 4009
 4019
 4025
 4033
 4040
 4040
 4041
 4042
 4044
 4044
 4046
 4052
 4057
 4057
 4058
 4059
 4059
 4063
 4066
 4066
 4067
 4075
 4080
 4083
 4099
 4100
 4108
 4108
 4109
 4117
 4118
 4122
 4125
 4132
 4133
 4141
 4161
 4163
 4173
 4177
 4182
 4196
 4206
 4208
 4210
 4224
 4230
 4234
 4250
 4253
 4263
 4263
 4266
 4266
 4274
 4283
 4284
 4296
 4302
 4306
 4308
 4309
 4310
 4313
 4328
 4330
 4330
 4333
 4348
 4350
 4360
 4368
 4378
 4399
 4405
 4417
 4422
 4461
 4462
 4475
 4479
 4495
 4505
 4505
 4527
 4536
 4561
 4571
 4575
 4577
 4581
 4584
 4587
 4605
 4609
 4610
 4615
 4616
 4640
 4650
 4652
 4666
 4689
 4716
 4717
 4723
 4736
 4739
 4763
 4780
 4781
 4804
 4808
 4808
 4829
 4839
 4847
 4854
 4859
 4867
 4872
 4917
 4918
 4935
 4941
 4941
 4942
 4946
 4952
 5002
 5009
 5025
 5025
 5037
 5067
 5069
 5078
 5085
 5088
 5091
 5101
 5102
 5104
 5106
 5111
 5126
 5130
 5157
 5164
 5166
 5168
 5175
 5184
 5194
 5205
 5226
 5241
 5253
 5266
 5288
 5302
 5313
 5321
 5331
 5376
 5401
 5423
 5445
 5448
 5458
 5468
 5470
 5481
 5488
 5500
 5518
 5523
 5539
 5546
 5547
 5561
 5566
 5574
 5581
 5595
 5600
 5604
 5605
 5641
 5648
 5662
 5677
 5691
 5694
 5711
 5718
 5721
 5749
 5778
 5785
 5814
 5816
 5837
 5850
 5853
 5855
 5858
 5863
 5866
 5877
 5893
 5900
 5902
 5920
 5924
 5942
 5958
 5966
 5967
 5976
 5977
 5993
 5993
 5996
 6013
 6020
 6022
 6035
 6048
 6062
 6070
 6071
 6083
 6085
 6088
 6118
 6128
 6136
 6147
 6159
 6177
 6178
 6182
 6188
 6197
 6202
 6207
 6231
 6239
 6242
 6247
 6273
 6274
 6285
 6286
 6288
 6298
 6302
 6307
 6320
 6340
 6343
 6356
 6357
 6391
 6393
 6395
 6400
 6401
 6435
 6444
 6450
 6458
 6463
 6475
 6482
 6485
 6516
 6520
 6537
 6542
 6545
 6546
 6567
 6603
 6606
 6620
 6620
 6621
 6628
 6629
 6632
 6638
 6645
 6646
 6649
 6650
 6661
 6663
 6673
 6686
 6692
 6693
 6719
 6726
 6729
 6748
 6749
 6751
 6759
 6765
 6772
 6779
 6786
 6789
 6793
 6796
 6802
 6822
 6844
 6848
 6861
 6869
 6895
 6896
 6917
 6922
 6927
 6931
 6934
 6939
 6951
 6967
 6979
 6990
 7019
 7025
 7032
 7043
 7051
 7056
 7062
 7068
 7075
 7092
 7098
 7104
 7110
 7114
 7124
 7149
 7150
 7152
 7159
 7166
 7171
 7173
 7175
 7178
 7194
 7207
 7211
 7215
 7225
 7226
 7226
 7227
 7244
 7248
 7257
 7262
 7268
 7284
 7288
 7290
 7294
 7301
 7317
 7322
 7322
 7323
 7341
 7347
 7358
 7374
 7374
 7380
 7386
 7389
 7396
 7402
 7413
 7422
 7433
 7455
 7480
 7489
 7503
 7505
 7506
 7517
 7533
 7538
 7580
 7586
 7599
 7603
 7604
 7619
 7621
 7623
 7667
 7673
 7684
 7700
 7711
 7715
 7742
 7742
 7748
 7771
 7782
 7784
 7789
 7797
 7799
 7800
 7808
 7811
 7812
 7815
 7822
 7831
 7839
 7841
 7846
 7853
 7857
 7867
 7867
 7890
 7895
 7901
 7902
 7903
 7912
 7936
 7955
 7956
 7965
 7976
 7994
 8011
 8012
 8021
 8023
 8024
 8027
 8035
 8048
 8053
 8065
 8070
 8074
 8086
 8099
 8127
 8137
 8140
 8189
 8190
 8231
 8261
 8278
 8314
 8319
 8321
 8336
 8338
 8342
 8346
 8351
 8353
 8377
 8391
 8412
 8445
 8475
 8503
 8514
 8551
 8558
 8574
 8629
 8643
 8664
 8686
 8695
 8777
 8791
 8797
 8810
 8826
 8827
 8840
 8854
 8874
 8882
 8893
 8910
 8911
 8939
 8958
 8976
 8988
 9047
 9067
 9074
 9079
 9098
 9106
 9116
 9193
 9205
 9218
 9243
 9248
 9285
 9298
 9300
 9321
 9324
 9359
 9441
 9447
 9455
 9487
 9508
 9550
 9567
 9588
 9637
 9650
 9650
 9682
 9727
 9732
 9753
 9757
 9835
 9839
 10002
 10034
 10054
 10353
 10428
 10765
 11153
 14848
