# timestamp	memory footprint (MB)\n
-283.235 0
-274.838 0
-273.303 0
-271.959 0
-267.232 0
-266.216 0
-265.2 0
-264.166 0
-260.054 0
-259.018 0
-258.009 0
-256.205 0
-255.157 0
-254.146 0
-253.14 0
-251.776 0
-250.01 0
-249.009 0
-247.6 0
-245.537 0
-244.421 0
-243.409 0
-242.376 0
-241.377 0
-239.504 0
-238.49 0
-237.487 0
-236.482 0
-235.323 0
-234.024 0
-231.568 0
-230.552 0
-229.55 0
-226.999 0
-225.992 0
-222.339 0
-221.335 0
-219.995 0
-218.991 0
-217.779 0
-216.769 0
-215.767 0
-214.281 0
-212.636 0
-211.634 0
-210.631 0
-207.882 0
-206.486 0
-205.479 0
-204.479 0
-203.159 0
-200.862 0
-199.857 0
-196.273 0
-195.275 0
-194.267 0
-190.615 0
-189.607 0
-188.607 0
-187.603 0
-186.598 0
-185.599 0
-181.89 0
-180.888 0
-179.89 0
-178.891 0
-177.485 0
-176.487 0
-175.483 0
-172.542 0
-171.543 0
-170.535 0
-169.535 0
-168.534 0
-167.531 0
-163.779 0
-162.776 0
-161.778 0
-160.534 0
-159.534 0
-158.166 0
-157.166 0
-156.168 0
-154.061 0
-153.055 0
-152.053 0
-151.056 0
-150.039 0
-145.882 0
-144.883 0
-143.545 0
-142.542 0
-141.187 0
-140.186 0
-139.187 0
-136.247 0
-135.241 0
-134.238 0
-133.236 0
-132.226 0
-127.919 0
-126.915 0
-123.786 0
-122.783 0
-121.779 0
-120.77 0
-117.982 0
-116.979 0
-115.976 0
-114.951 0
-113.947 0
-112.756 0
-108.791 0
-107.787 0
-106.782 0
-104.661 0
-103.658 0
-102.655 0
-99.6679 0
-98.6594 0
-97.6515 0
-96.6512 0
-95.6462 0
-91.9027 0
-90.8987 0
-89.8927 0
-85.9024 0
-84.8961 0
-83.1314 0
-82.13 0
-80.3603 0
-79.3593 0
-78.355 0
-74.6227 0
-73.6203 0
-72.6229 0
-69.4974 0
-68.4929 0
-67.4945 0
-66.4935 0
-63.4016 0
-62.3985 0
-61.3944 0
-60.3857 0
-56.4858 0
-55.4784 0
-54.471 0
-53.4713 0
-52.4693 0
-51.464 0
-50.4669 0
-49.4646 0
-47.8498 0
-46.8447 0
-44.4513 0
-43.4499 0
-42.4507 0
-38.3537 0
-37.3538 0
-36.3555 0
-35.3548 0
-34.0018 0
-33.0023 0
-32.0035 0
-29.029 0
-28.03 0
-27.0283 0
-26.0301 0
-25.0296 0
-24.0274 0
-19.9112 0
-18.9096 0
-17.5047 0
-16.4284 0
-15.4316 0
-14.4316 0
-13.4261 0
-12.4256 0
-11.4278 0
-9.53899 0
-8.53891 0
-7.53882 0
-6.53878 0
-5.53873 0
-4.53864 0
-3.53862 0
-2.53852 0
-1.53842 0
7.5523 0
8.55195 0
9.55194 0
10.5519 0
11.5519 0
12.5519 0
13.5519 0
14.5519 0
15.5519 0
16.5518 0
17.5518 0
18.5518 0
19.5518 0
20.5528 0
21.552 0
22.5517 0
23.5517 0
24.5558 0
25.5557 0
26.5557 0
27.5557 0
28.5557 0
29.5638 0
30.5636 0
31.5636 0
32.5636 0
33.5636 0
34.5635 0
35.5638 0
36.5635 0
37.5639 0
38.5638 0
39.5637 0
40.5646 0
41.5638 0
42.5634 0
43.5674 0
44.5676 0
45.5675 0
46.5673 0
47.5673 0
48.5673 0
49.5714 0
50.5713 0
51.5731 0
52.5712 0
53.5712 0
54.5753 0
55.5752 0
56.5752 0
57.5752 0
58.5754 0
59.5755 0
60.5751 0
61.5751 0
62.5751 0
63.5751 0
64.575 0
65.575 0
66.575 0
67.575 0
68.575 0
69.575 0
70.575 0
71.5749 0
72.5749 0
73.5751 0
74.5749 0
75.575 0
76.5749 0
77.5748 0
78.5748 0
79.5748 0
80.5748 0
81.5747 0
82.5747 0
83.5747 0
84.5747 0
85.5747 0
86.5747 0
87.5746 0
88.5746 0
89.5746 0
90.5746 0
91.5746 0
92.5746 0
93.5746 0
94.5746 0
95.5745 0
96.578 0
97.5745 0
98.5744 0
99.5744 0
100.574 0
101.574 0
102.575 0
103.574 0
104.574 0
105.574 0
106.574 0
107.574 0
108.574 0
109.574 0
110.574 0
111.575 0
112.574 0
113.574 0
114.574 0
115.574 0
116.574 0
117.578 0
118.582 0
119.586 0
120.59 0
121.596 0
122.599 0
123.603 0
124.619 0
125.623 0
126.627 0
127.631 0
128.635 0
129.64 0
130.643 0
131.677 0
132.675 0
133.679 0
134.684 0
135.688 0
136.692 0
137.696 0
138.7 0
139.704 0
140.708 0
141.712 0
142.716 0
143.72 0
144.724 0
145.729 0
146.732 0
147.737 0
148.741 0
149.745 0
150.749 0
151.753 0
152.757 0
153.761 0
154.765 0
155.769 0
156.773 0
157.777 0
158.781 0
159.785 0
160.789 0
161.793 0
162.801 0
163.81 0
164.814 0
165.818 0
166.822 0
167.826 0
168.83 0
169.836 0
170.838 0
171.842 0
172.846 0
173.85 0
174.854 0
175.858 0
176.862 0
177.866 0
178.87 0
179.874 0
180.878 0
181.895 0
182.899 0
183.903 0
184.907 0
185.911 0
186.915 0
187.921 0
188.923 0
189.927 0
190.931 0
191.935 0
192.939 0
193.943 0
194.947 0
195.951 0
196.955 0
197.959 0
198.963 0
199.97 0
200.972 0
201.975 0
202.979 0
203.98 0
204.984 0
205.988 0
206.992 0
207.996 0
209 0
210.005 0
211.008 0
212.012 0
213.016 0
214.02 0
215.024 0
216.028 0
217.032 0
218.036 0
219.04 0
220.044 0
221.048 0
222.052 0
223.056 0
224.06 0
225.064 0
226.068 0
227.073 0
228.078 0
229.08 0
230.084 0
231.088 0
232.092 0
233.096 0
234.101 0
235.105 0
236.109 0
237.113 0
238.117 0
239.121 0
240.125 0
241.129 0
242.136 0
243.137 0
244.141 0
245.145 0
246.149 0
247.153 0
248.157 0
249.161 0
250.165 0
251.169 0
252.173 0
253.177 0
254.181 0
255.185 0
256.189 0
257.193 0
258.197 0
259.201 0
260.205 0
261.209 0
262.213 0
263.217 0
264.221 0
265.225 0
266.229 0
267.233 0
268.237 0
269.241 0
270.246 0
271.249 0
272.254 0
273.257 0
274.265 0
275.266 0
276.27 0
277.274 0
278.278 0
279.282 0
280.286 0
281.29 0
282.294 0
283.298 0
284.302 0
285.306 0
286.31 0
287.314 0
288.318 0
289.322 0
290.326 0
291.33 0
292.334 0
293.338 0
294.342 0
295.346 0
296.35 0
297.354 0
298.358 0
299.362 0
300.366 0
301.37 0
302.374 0
303.381 0
304.382 0
305.391 0
306.394 0
307.4 0
308.402 0
309.406 0
310.41 0
311.415 0
312.418 0
313.422 0
314.426 0
315.43 0
316.434 0
317.438 0
318.442 0
319.446 0
320.45 0
321.454 0
322.458 0
323.462 0
324.466 0
325.47 0
326.474 0
327.479 0
328.483 0
329.486 0
330.49 0
331.494 0
332.498 0
333.502 0
334.506 0
335.51 0
336.515 0
337.518 0
338.522 0
339.526 0
340.53 0
341.535 0
342.539 0
343.542 0
344.547 0
345.555 2
346.558 0
347.562 0
348.567 0
349.571 0
350.575 1
351.579 0
352.583 0
353.595 0
354.599 0
355.603 0
356.607 0
357.611 0
358.615 0
359.62 0
360.623 0
361.627 0
362.631 0
363.635 0
364.639 0
365.643 0
366.647 0
367.651 0
368.655 0
369.659 0
370.663 0
371.667 0
372.671 0
373.677 0
374.679 0
375.684 0
376.688 0
377.691 4
378.695 2
379.699 0
380.703 0
381.707 0
382.711 0
383.715 0
384.719 0
385.723 0
386.727 1
387.731 0
388.737 0
389.739 0
390.743 5
391.747 13
392.758 20
393.759 7
394.763 2
395.767 0
396.771 0
397.775 0
398.799 0
399.803 0
400.807 0
401.811 0
402.815 0
403.819 0
404.823 0
405.827 1
406.831 2
407.835 0
408.839 0
409.843 0
410.847 2
411.851 5
412.855 14
413.86 22
414.863 12
415.867 9
416.871 4
417.875 1
418.879 0
419.883 0
420.887 0
421.891 0
422.895 0
423.899 0
424.903 0
425.907 0
426.911 0
427.915 0
428.919 0
429.923 0
430.927 0
431.931 4
432.936 13
433.947 7
434.947 7
435.951 0
436.955 0
437.959 0
438.963 0
439.967 0
440.968 9
441.971 17
442.975 26
443.979 16
444.979 13
445.983 10
446.983 5
447.987 2
448.987 0
449.991 0
450.991 0
451.991 0
452.991 0
454.003 0
455.007 0
456.007 0
457.008 0
458.007 0
459.007 0
460.007 0
461.007 7
462.007 17
463.012 24
464.012 17
465.011 11
466.011 6
467.011 2
468.011 0
469.011 0
470.011 0
471.011 0
472.011 0
473.011 0
474.011 0
475.028 6
476.028 15
477.028 10
478.027 7
479.027 2
480.034 0
481.031 0
482.031 0
483.031 0
484.032 0
485.031 0
486.031 0
487.031 0
488.031 7
489.031 14
490.031 24
491.031 14
492.031 9
493.031 4
494.031 0
495.031 0
496.031 0
497.031 0
498.031 0
499.031 0
500.031 4
501.031 5
502.036 1
503.035 0
504.035 0
505.035 0
506.035 0
507.035 5
508.035 13
509.035 4
510.039 0
511.039 0
512.039 0
513.039 0
514.039 1
515.04 4
516.039 0
517.039 0
518.039 5
519.039 0
520.039 0
521.039 7
522.039 0
523.039 0
524.065 5
525.068 1
526.067 0
527.076 3
528.075 0
529.075 0
530.09 4
531.087 2
532.087 0
533.088 1
534.087 0
535.087 2
536.087 1
537.088 1
538.087 1
539.087 0
540.095 3
541.095 0
542.095 2
543.095 0
544.095 1
545.095 1
546.095 0
547.095 0
548.097 0
549.095 1
550.095 1
551.094 4
552.095 1
553.095 1
554.095 0
555.095 1
556.095 1
557.104 3
558.11 3
559.107 0
560.109 2
561.106 0
562.107 1
563.106 1
564.106 0
565.106 6
566.106 4
567.11 0
568.108 1
569.106 0
570.106 0
571.106 0
572.107 1
573.106 0
574.106 0
575.106 0
576.107 0
577.106 3
578.115 0
579.115 0
580.115 0
581.114 0
582.114 0
583.115 0
584.114 7
585.115 0
586.114 0
587.116 3
588.114 0
589.114 0
590.114 2
591.114 0
592.116 0
593.114 1
594.114 0
595.115 5
596.114 0
597.115 4
598.114 0
599.114 0
600.115 2
601.114 3
602.114 0
603.125 0
604.123 0
605.122 2
606.122 0
607.123 1
608.122 0
609.122 0
610.122 2
611.123 0
612.122 0
613.122 0
614.123 0
615.122 4
616.122 0
617.125 1
618.122 0
619.122 0
620.122 0
621.122 0
622.122 0
623.122 5
624.137 0
625.134 0
626.135 4
627.134 0
628.134 3
629.138 0
630.146 2
631.15 2
632.155 0
633.192 2
634.194 0
635.199 2
636.203 0
637.207 4
638.21 0
639.214 0
640.219 7
641.223 0
642.226 0
643.231 1
644.235 8
645.239 0
646.243 0
647.247 1
648.251 1
649.255 0
650.26 2
651.263 0
652.267 4
653.271 0
654.275 0
655.28 3
656.283 0
657.303 2
658.307 0
659.311 0
660.315 2
661.319 0
662.323 0
663.327 5
664.331 0
665.335 0
666.34 2
667.343 2
668.347 0
669.352 0
670.362 5
671.363 0
672.367 0
673.371 0
674.375 7
675.379 0
676.383 0
677.403 2
678.407 0
679.407 0
680.412 3
681.415 0
682.42 0
683.424 0
684.428 0
685.432 2
686.436 0
687.44 0
688.445 1
689.448 0
690.452 3
691.456 0
692.46 4
693.464 0
694.469 4
695.472 0
696.476 2
697.481 0
698.484 0
699.489 0
700.492 1
701.496 0
702.5 0
703.505 3
704.512 0
705.516 0
706.52 0
707.524 6
708.528 0
709.532 1
710.536 0
711.54 1
712.544 1
713.557 1
714.56 0
715.564 1
716.568 0
717.572 0
718.576 1
719.58 0
720.584 1
721.592 1
722.596 0
723.601 3
724.604 0
725.609 0
726.613 0
727.617 1
728.62 1
729.625 0
730.629 1
731.633 1
732.637 0
733.641 1
734.645 2
735.649 7
736.653 0
737.657 0
738.661 1
739.665 9
740.669 0
741.673 0
742.677 0
743.681 0
744.685 5
745.689 0
746.693 0
747.697 0
748.715 5
749.717 3
750.721 0
751.728 0
752.729 2
753.733 1
754.737 0
755.741 0
756.745 0
757.75 3
758.753 0
759.757 0
760.763 0
761.765 0
762.773 1
763.773 1
764.777 1
765.781 0
766.785 0
767.791 0
768.793 0
769.797 2
770.803 0
771.805 0
772.811 2
773.813 0
774.817 2
775.823 3
776.825 1
777.83 1
778.833 0
779.838 2
780.841 2
781.846 0
782.849 0
783.853 0
784.858 1
785.861 0
786.865 2
787.87 0
788.881 0
789.881 0
790.886 0
791.89 0
792.894 0
793.898 0
794.902 0
795.906 0
796.91 0
797.914 0
798.918 0
799.922 1
800.928 0
801.933 2
802.934 0
803.938 1
804.942 1
805.947 3
806.95 0
807.962 4
808.966 0
809.977 2
810.978 0
811.987 2
812.99 2
813.994 0
814.998 1
816.002 0
817.006 1
818.01 0
819.014 2
820.018 0
821.022 0
822.026 0
823.03 0
824.034 0
825.038 0
826.042 0
827.046 0
828.05 4
829.054 0
830.058 0
831.062 0
832.066 0
833.07 0
834.074 0
835.078 3
836.082 0
837.086 5
838.09 0
839.094 0
840.098 2
841.102 0
842.107 0
843.111 2
844.114 0
845.126 3
846.129 1
847.132 0
848.134 3
849.138 0
850.142 0
851.147 2
852.15 0
853.154 3
854.159 0
855.162 2
856.166 0
857.171 0
858.174 0
859.178 0
860.182 0
861.187 0
862.19 0
863.194 0
864.202 0
865.205 0
866.222 2
867.222 0
868.227 0
869.236 1
870.239 0
871.242 1
872.247 0
873.263 0
874.267 0
875.271 0
876.275 0
877.283 0
878.289 1
879.291 0
880.295 0
881.302 0
882.303 1
883.307 1
884.311 0
885.324 1
886.327 0
887.331 0
888.335 3
889.339 0
890.345 1
891.347 0
892.351 0
893.355 1
894.359 2
895.363 0
896.367 0
897.371 0
898.375 0
899.379 0
900.383 2
901.387 0
902.391 0
903.395 1
904.399 0
905.403 0
906.407 0
907.411 0
908.415 0
909.42 0
910.423 0
911.427 0
912.431 3
913.435 0
914.439 0
915.443 0
916.448 2
917.451 0
918.455 2
919.459 0
920.463 0
921.467 0
922.471 0
923.48 2
924.483 0
925.487 0
926.496 2
927.502 1
928.503 0
929.507 1
930.511 2
931.515 0
932.525 5
933.527 0
934.531 2
935.535 0
936.539 2
937.545 0
938.547 0
939.551 0
940.556 0
941.559 3
942.563 0
943.596 3
944.603 0
945.603 1
946.607 0
947.611 1
948.616 0
949.619 0
950.623 0
951.627 1
952.637 0
953.639 1
954.643 0
955.648 5
956.653 0
957.655 0
958.659 0
959.663 0
960.667 0
961.671 0
962.675 0
963.679 2
964.683 0
965.693 1
966.696 0
967.699 0
968.703 1
969.707 0
970.712 3
971.715 0
972.727 2
973.727 0
974.731 2
975.735 0
976.739 0
977.743 0
978.747 0
979.752 0
980.755 1
981.759 0
982.763 0
983.767 0
984.771 0
985.775 0
986.779 0
987.784 0
988.787 3
989.792 0
990.795 0
991.799 0
992.814 3
993.815 0
994.819 0
995.823 1
996.828 2
997.831 0
998.836 3
999.845 0
1000.85 1
1001.85 1
1002.86 0
1003.86 4
1004.86 0
1005.87 0
1006.87 0
1007.88 0
1008.88 2
1009.88 0
1010.89 0
1011.89 1
1012.9 0
1013.9 0
1014.9 0
1015.91 0
1016.91 0
1017.92 0
1018.92 0
1019.92 0
1020.93 1
1021.93 0
1022.94 0
1023.94 0
1024.94 0
1025.95 3
1026.95 0
1027.96 0
1028.96 1
1029.96 0
1030.97 3
1031.97 0
1032.98 0
1033.98 0
1034.98 3
1035.98 0
1036.99 1
1037.99 0
1039 0
1040 0
1041 0
1042.01 0
1043.01 0
1044.02 1
1045.02 0
1046.02 0
1047.03 0
1048.03 0
1049.04 1
1050.04 0
1051.04 0
1052.05 2
1053.05 0
1054.06 0
1055.06 0
1056.07 0
1057.08 0
1058.09 0
1059.09 1
1060.09 0
1061.1 0
1062.1 1
1063.12 0
1064.12 0
1065.13 0
1066.13 1
1067.14 1
1068.14 0
1069.14 0
1070.15 1
1071.15 0
1072.16 0
1073.16 0
1074.16 0
1075.17 1
1076.17 1
1077.18 1
1078.18 1
1079.19 1
1080.2 0
1081.2 1
1082.2 0
1083.21 1
1084.21 1
1085.22 2
1086.22 2
1087.22 0
1088.23 2
1089.23 1
1090.24 1
1091.25 2
1092.25 1
1093.26 0
1094.26 0
1095.26 1
1096.27 0
1097.27 0
1098.28 0
1099.28 0
1100.28 2
1101.29 0
1102.29 0
1103.3 0
1104.32 0
1105.32 2
1106.33 0
1107.33 0
1108.34 0
1109.34 0
1110.34 0
1111.35 0
1112.35 0
1113.36 1
1114.36 0
1115.38 0
1116.39 0
1117.39 1
1118.4 2
1119.4 0
1120.41 0
1121.41 1
1122.42 0
1123.42 2
1124.42 2
1125.43 0
1126.43 0
1127.44 0
1128.44 2
1129.44 2
1130.45 0
1131.45 0
1132.46 1
1133.46 1
1134.46 0
1135.47 1
1136.47 1
1137.48 0
1138.48 1
1139.48 0
1140.49 1
1141.49 2
1142.5 0
1143.5 1
1144.51 0
1145.51 0
1146.51 0
1147.52 0
1148.52 0
1149.52 0
1150.53 0
1151.53 0
1152.54 0
1153.54 0
1154.54 0
1155.55 0
1156.55 0
1157.56 0
1158.56 0
1159.58 0
1160.58 1
1161.58 0
1162.59 0
1163.59 0
1164.6 3
1165.6 0
1166.62 2
1167.62 0
1168.62 0
1169.63 2
1170.64 0
1171.64 1
1172.64 0
1173.65 1
1174.67 2
1175.67 0
1176.68 2
1177.68 0
1178.68 0
1179.69 1
1180.69 0
1181.7 2
1182.7 0
1183.71 0
1184.71 1
1185.72 0
1186.73 0
1187.74 0
1188.74 0
1189.74 0
1190.75 0
1191.75 0
1192.76 0
1193.76 1
1194.76 0
1195.78 4
1196.78 0
1197.79 0
1198.79 1
1199.8 0
1200.8 0
1201.8 3
1202.81 0
1203.81 0
1204.82 2
1205.82 0
1206.82 3
1207.83 0
1208.84 0
1209.84 0
1210.84 0
1211.85 0
1212.85 0
1213.85 0
1214.86 3
1215.86 0
1216.86 0
1217.87 2
1218.87 0
1219.87 1
1220.88 0
1221.88 1
1222.89 2
1223.89 0
1224.89 0
1225.9 3
1226.9 0
1227.9 2
1228.9 0
1229.91 1
1230.91 1
1231.91 1
1232.92 0
1233.92 0
1234.92 1
1235.92 0
1236.92 1
1237.93 0
