2.0	200.01
4.0	231.588
6.0	221.456
8.0	235.457
10.0	223.079
12.0	245.872
14.0	242.506
16.0	222.206
18.0	254.749
20.0	236.793
22.0	232.431
24.0	260.265
26.0	226.885
28.0	258.856
30.0	239.446
32.0	241.495
34.0	244.309
36.0	229.885
38.0	248.714
40.0	243.644
42.0	224.447
44.0	247.104
46.0	223.331
48.0	207.739
50.0	257.305
52.0	211.647
54.0	223.494
56.0	251.559
58.0	217.467
60.0	227.4
62.0	201.27
64.0	229.785
66.0	210.354
68.0	248.882
70.0	225.276
72.0	210.174
74.0	210.456
76.0	220.778
78.0	200.462
80.0	244.511
82.0	230.921
84.0	196.34
86.0	219.06
88.0	244.503
90.0	201.371
92.0	208.169
94.0	241.247
96.0	203.109
98.0	206.001
100.0	192.442
102.0	249.79
104.0	198.438
106.0	209.879
108.0	195.276
110.0	241.61
112.0	171.927
114.0	193.107
116.0	240.389
118.0	195.247
120.0	256.146
122.0	194.868
124.0	202.391
126.0	202.903
128.0	192.65
130.0	223.763
132.0	187.028
134.0	209.595
136.0	234.194
138.0	173.55
140.0	194.058
142.0	243.274
144.0	177.928
146.0	180.828
148.0	247.371
150.0	199.538
152.0	186.781
154.0	179.4
156.0	203.587
158.0	150.04
160.0	237.126
162.0	212.364
164.0	206.387
166.0	197.532
168.0	189.943
170.0	174.404
172.0	237.731
174.0	223.209
176.0	193.324
178.0	181.02
180.0	194.691
182.0	185.445
184.0	171.359
186.0	246.706
188.0	182.692
190.0	225.076
192.0	185.448
194.0	178.42
196.0	242.935
198.0	222.762
200.0	147.832
202.0	171.747
204.0	237.211
206.0	172.914
208.0	167.949
210.0	237.0
212.0	182.17
214.0	227.636
216.0	147.098
218.0	182.497
220.0	213.064
222.0	220.314
224.0	149.054
226.0	182.573
228.0	188.008
230.0	169.762
232.0	162.779
234.0	170.621
236.0	222.491
238.0	253.722
240.0	206.47
242.0	179.189
244.0	174.009
246.0	193.361
248.0	202.532
250.0	147.695
252.0	220.873
254.0	136.196
256.0	179.988
258.0	163.818
260.0	231.105
262.0	184.063
264.0	164.618
266.0	165.685
268.0	190.797
270.0	226.124
272.0	123.213
274.0	175.436
276.0	163.141
278.0	186.977
280.0	181.192
282.0	158.116
284.0	216.51
286.0	242.425
288.0	170.391
290.0	217.783
292.0	118.096
294.0	165.212
296.0	158.942
298.0	167.458
300.0	168.539
302.0	253.591
304.0	212.521
306.0	117.322
308.0	154.111
310.0	159.129
312.0	241.362
314.0	191.355
316.0	147.668
318.0	149.764
320.0	163.578
322.0	153.619
324.0	149.94
326.0	250.495
328.0	224.28
330.0	163.432
332.0	150.583
334.0	166.498
336.0	223.173
338.0	170.249
340.0	161.105
342.0	139.447
344.0	159.34
346.0	168.637
348.0	149.43
350.0	173.365
352.0	235.504
354.0	150.526
356.0	163.648
358.0	143.979
360.0	170.483
362.0	177.545
364.0	192.376
366.0	194.232
368.0	222.869
370.0	162.101
372.0	150.042
374.0	163.488
376.0	169.139
378.0	165.048
380.0	138.292
382.0	145.247
384.0	213.836
386.0	131.54
388.0	153.624
390.0	147.195
392.0	148.872
394.0	152.03
396.0	235.877
398.0	154.697
400.0	147.521
402.0	138.75
404.0	164.814
406.0	179.508
408.0	127.32
410.0	171.629
412.0	193.405
414.0	229.309
416.0	111.302
418.0	158.532
420.0	151.321
422.0	157.366
424.0	193.379
426.0	172.723
428.0	110.27
430.0	159.238
432.0	156.931
434.0	213.219
436.0	182.081
438.0	130.818
440.0	144.659
442.0	149.046
444.0	144.727
446.0	157.499
448.0	231.91
450.0	180.868
452.0	144.394
454.0	151.782
456.0	151.812
458.0	176.498
460.0	137.208
462.0	144.197
464.0	205.303
466.0	195.273
468.0	150.515
470.0	139.025
472.0	129.137
474.0	141.899
476.0	132.32
478.0	136.131
480.0	235.366
482.0	179.225
484.0	176.072
486.0	134.145
488.0	184.838
490.0	144.067
492.0	157.347
494.0	145.082
496.0	195.854
498.0	138.669
500.0	157.756
502.0	148.124
504.0	154.526
506.0	153.659
508.0	156.241
510.0	142.008
512.0	222.985
514.0	154.939
516.0	103.055
518.0	122.194
520.0	171.384
522.0	135.745
524.0	232.566
526.0	123.608
528.0	141.725
530.0	126.344
532.0	146.749
534.0	234.697
536.0	128.328
538.0	143.877
540.0	128.099
542.0	142.455
544.0	214.346
546.0	153.204
548.0	103.776
550.0	151.296
552.0	127.091
554.0	131.627
556.0	193.559
558.0	151.774
560.0	138.577
562.0	139.11
564.0	150.045
566.0	169.127
568.0	95.712
570.0	136.069
572.0	133.77
574.0	244.828
576.0	170.567
578.0	154.522
580.0	133.687
582.0	144.593
584.0	161.269
586.0	140.212
588.0	170.434
590.0	129.745
592.0	156.694
594.0	132.157
596.0	186.186
598.0	156.524
600.0	95.033
602.0	156.158
604.0	163.607
606.0	151.133
608.0	196.745
610.0	98.71
612.0	122.998
614.0	187.608
616.0	134.229
618.0	168.681
620.0	135.986
622.0	135.599
624.0	228.899
626.0	140.818
628.0	130.711
630.0	133.19
632.0	154.176
634.0	149.568
636.0	139.144
638.0	134.188
640.0	115.283
642.0	133.099
644.0	202.955
646.0	125.889
648.0	138.887
650.0	133.928
652.0	166.635
654.0	127.957
656.0	154.207
658.0	210.644
660.0	143.296
662.0	146.648
664.0	135.681
666.0	132.75
668.0	223.463
670.0	139.745
672.0	106.495
674.0	137.058
676.0	139.629
678.0	126.696
680.0	177.127
682.0	120.169
684.0	137.878
686.0	126.205
688.0	127.258
690.0	194.264
692.0	137.514
694.0	136.744
696.0	128.284
698.0	198.638
700.0	122.69
702.0	138.079
704.0	142.993
706.0	133.19
708.0	127.101
710.0	131.433
712.0	230.601
714.0	126.097
716.0	140.774
718.0	161.411
720.0	160.981
722.0	160.108
724.0	130.73
726.0	124.571
728.0	143.376
730.0	139.629
732.0	126.561
734.0	147.32
736.0	126.9
738.0	190.872
740.0	135.745
742.0	128.464
744.0	228.644
746.0	133.134
748.0	131.625
750.0	122.585
752.0	147.791
754.0	131.163
756.0	145.95
758.0	137.892
760.0	123.784
762.0	130.97
764.0	197.239
766.0	139.637
768.0	134.991
770.0	131.16
772.0	135.387
774.0	144.925
776.0	207.899
778.0	135.037
780.0	136.315
782.0	86.613
784.0	171.413
786.0	123.363
788.0	133.926
790.0	165.629
792.0	196.981
794.0	135.475
796.0	89.475
798.0	127.315
800.0	138.939
802.0	129.36
804.0	151.231
806.0	117.142
808.0	158.124
810.0	187.299
812.0	115.235
814.0	122.43
816.0	135.344
818.0	128.925
820.0	119.863
822.0	125.83
824.0	187.282
826.0	141.419
828.0	181.273
830.0	116.675
832.0	205.777
834.0	130.31
836.0	80.503
838.0	112.102
840.0	141.666
842.0	96.678
844.0	120.397
846.0	149.005
848.0	155.179
850.0	111.011
852.0	96.325
854.0	118.81
856.0	126.375
858.0	216.271
860.0	200.487
862.0	122.807
864.0	113.195
866.0	116.046
868.0	150.355
870.0	183.381
872.0	126.255
874.0	109.144
876.0	96.766
878.0	107.709
880.0	127.359
882.0	220.77
884.0	106.784
886.0	178.357
888.0	115.987
890.0	150.099
892.0	110.053
894.0	173.808
896.0	91.394
898.0	127.25
900.0	138.341
902.0	148.983
904.0	170.184
906.0	112.759
908.0	109.704
910.0	154.983
912.0	113.937
914.0	141.482
916.0	106.061
918.0	197.239
920.0	150.266
922.0	106.105
924.0	111.551
926.0	192.181
928.0	146.974
930.0	130.951
932.0	111.588
934.0	202.715
936.0	118.926
938.0	112.053
940.0	101.2
942.0	204.16
944.0	114.199
946.0	112.928
948.0	113.244
950.0	105.033
952.0	118.218
954.0	231.217
956.0	97.656
958.0	170.491
960.0	111.815
962.0	126.493
964.0	104.305
966.0	112.811
968.0	114.054
970.0	169.587
972.0	108.8
974.0	175.409
976.0	147.466
978.0	107.787
980.0	162.781
982.0	140.521
984.0	110.894
986.0	141.857
988.0	121.659
990.0	162.284
992.0	119.076
994.0	151.166
996.0	141.229
998.0	118.47
1000.0	117.389
1002.0	124.889
1004.0	149.673
1006.0	104.58
1008.0	113.241
1010.0	221.051
1012.0	116.135
1014.0	123.54
1016.0	117.017
1018.0	170.14
1020.0	172.16
1022.0	160.102
1024.0	127.158
1026.0	175.607
1028.0	125.012
1030.0	125.18
1032.0	113.433
1034.0	85.878
1036.0	116.906
1038.0	116.29
1040.0	126.934
1042.0	123.476
1044.0	120.128
1046.0	114.489
1048.0	108.055
1050.0	110.453
1052.0	223.611
1054.0	120.427
1056.0	122.133
1058.0	160.941
1060.0	188.277
1062.0	104.866
1064.0	111.181
1066.0	110.818
1068.0	134.795
1070.0	114.306
1072.0	125.052
1074.0	101.55
1076.0	94.882
1078.0	108.52
1080.0	229.268
1082.0	111.825
1084.0	112.16
1086.0	123.276
1088.0	105.413
1090.0	202.433
1092.0	101.951
1094.0	117.111
1096.0	103.924
1098.0	138.698
1100.0	150.612
1102.0	154.105
1104.0	102.612
1106.0	231.662
1108.0	97.916
1110.0	116.493
1112.0	118.758
1114.0	181.951
1116.0	89.498
1118.0	160.099
1120.0	125.812
1122.0	99.352
1124.0	161.033
1126.0	100.743
1128.0	131.713
1130.0	227.055
1132.0	98.405
1134.0	95.727
1136.0	129.576
1138.0	90.295
1140.0	96.308
1142.0	199.748
1144.0	120.469
1146.0	112.587
1148.0	121.326
1150.0	112.336
1152.0	163.464
1154.0	152.144
1156.0	113.63
1158.0	115.285
1160.0	120.142
1162.0	176.063
1164.0	121.601
1166.0	138.204
1168.0	103.864
1170.0	162.549
1172.0	169.496
1174.0	104.381
1176.0	106.275
1178.0	105.267
1180.0	152.46
1182.0	171.351
1184.0	200.858
1186.0	115.406
1188.0	118.184
1190.0	114.733
1192.0	119.133
1194.0	62.809
1196.0	98.855
1198.0	198.378
