 3570
 3592
 3615
 3633
 3654
 3669
 3671
 3704
 3720
 3746
 3746
 3771
 3775
 3782
 3793
 3794
 3812
 3816
 3817
 3820
 3831
 3846
 3851
 3853
 3867
 3868
 3871
 3873
 3887
 3897
 3899
 3931
 3932
 3935
 3944
 3945
 3948
 3948
 3950
 3967
 3973
 3974
 3977
 3989
 3997
 4004
 4021
 4025
 4027
 4030
 4038
 4044
 4045
 4053
 4053
 4057
 4064
 4072
 4080
 4086
 4088
 4090
 4095
 4103
 4110
 4121
 4125
 4130
 4134
 4149
 4153
 4156
 4159
 4168
 4168
 4173
 4177
 4182
 4185
 4187
 4196
 4201
 4202
 4203
 4203
 4204
 4208
 4209
 4211
 4212
 4215
 4217
 4227
 4241
 4248
 4250
 4254
 4258
 4264
 4291
 4314
 4317
 4326
 4330
 4359
 4379
 4406
 4413
 4433
 4451
 4472
 4480
 4483
 4486
 4487
 4490
 4499
 4532
 4538
 4540
 4561
 4563
 4572
 4582
 4589
 4610
 4633
 4638
 4650
 4654
 4656
 4667
 4675
 4689
 4692
 4696
 4713
 4724
 4727
 4730
 4736
 4763
 4804
 4817
 4833
 4838
 4839
 4846
 4848
 4858
 4865
 4871
 4876
 4878
 4894
 4895
 4899
 4905
 4905
 4918
 4922
 4925
 4929
 4940
 4950
 4969
 5038
 5066
 5076
 5076
 5078
 5115
 5115
 5120
 5127
 5136
 5143
 5154
 5162
 5172
 5200
 5211
 5219
 5222
 5243
 5248
 5252
 5254
 5256
 5282
 5299
 5300
 5308
 5309
 5330
 5359
 5389
 5405
 5411
 5422
 5427
 5430
 5433
 5454
 5460
 5475
 5481
 5488
 5509
 5518
 5537
 5539
 5545
 5549
 5553
 5562
 5562
 5583
 5586
 5592
 5594
 5597
 5600
 5602
 5603
 5620
 5637
 5661
 5682
 5701
 5712
 5716
 5725
 5742
 5751
 5761
 5762
 5778
 5786
 5793
 5799
 5803
 5814
 5830
 5835
 5838
 5840
 5845
 5846
 5851
 5859
 5865
 5871
 5877
 5878
 5898
 5902
 5920
 5930
 5934
 5939
 5940
 5946
 5971
 5972
 5976
 5976
 5982
 6006
 6007
 6011
 6012
 6014
 6016
 6066
 6067
 6076
 6079
 6081
 6082
 6107
 6126
 6133
 6164
 6172
 6172
 6182
 6184
 6189
 6198
 6199
 6216
 6217
 6225
 6236
 6236
 6238
 6239
 6274
 6308
 6312
 6314
 6338
 6346
 6364
 6367
 6369
 6372
 6374
 6377
 6383
 6389
 6393
 6397
 6402
 6408
 6408
 6436
 6436
 6438
 6444
 6471
 6475
 6487
 6490
 6494
 6507
 6508
 6518
 6519
 6542
 6543
 6567
 6577
 6592
 6597
 6613
 6618
 6625
 6630
 6640
 6641
 6641
 6652
 6654
 6668
 6671
 6674
 6674
 6693
 6698
 6714
 6728
 6731
 6736
 6739
 6745
 6766
 6769
 6778
 6784
 6796
 6825
 6826
 6827
 6829
 6887
 6889
 6899
 6920
 6920
 6923
 6928
 6940
 6947
 6953
 6960
 6961
 6967
 6981
 6982
 7018
 7026
 7028
 7039
 7049
 7052
 7061
 7073
 7074
 7084
 7093
 7096
 7096
 7099
 7106
 7115
 7121
 7130
 7130
 7132
 7136
 7142
 7145
 7150
 7156
 7183
 7188
 7197
 7200
 7205
 7227
 7236
 7242
 7262
 7271
 7278
 7288
 7321
 7323
 7323
 7329
 7331
 7345
 7351
 7374
 7379
 7385
 7418
 7424
 7433
 7459
 7463
 7464
 7469
 7473
 7479
 7480
 7511
 7513
 7518
 7518
 7530
 7532
 7539
 7540
 7592
 7593
 7595
 7602
 7604
 7608
 7624
 7633
 7637
 7647
 7656
 7661
 7673
 7717
 7737
 7745
 7746
 7761
 7762
 7781
 7781
 7805
 7806
 7808
 7812
 7814
 7815
 7826
 7835
 7844
 7862
 7880
 7885
 7892
 7896
 7909
 7912
 7914
 7945
 7954
 7963
 7991
 8025
 8028
 8033
 8035
 8043
 8048
 8048
 8073
 8078
 8140
 8148
 8188
 8191
 8191
 8252
 8267
 8268
 8280
 8282
 8301
 8316
 8327
 8331
 8334
 8346
 8361
 8401
 8402
 8402
 8403
 8415
 8430
 8432
 8464
 8481
 8491
 8507
 8512
 8515
 8525
 8529
 8533
 8549
 8559
 8591
 8592
 8598
 8605
 8619
 8632
 8648
 8655
 8688
 8708
 8719
 8731
 8736
 8742
 8749
 8784
 8792
 8794
 8806
 8808
 8836
 8840
 8889
 8891
 8895
 8938
 8980
 9008
 9077
 9089
 9136
 9149
 9171
 9222
 9239
 9249
 9267
 9283
 9307
 9307
 9331
 9343
 9350
 9353
 9428
 9466
 9472
 9538
 9572
 9621
 9651
 9653
 9819
 9831
 9886
 9943
 9964
 10061
 10104
 10109
 10262
 10799
 10836
 10889
 11270
 11797
 11802
 12113
