2.0	261.234
4.0	248.939
6.0	227.636
8.0	230.213
10.0	222.467
12.0	232.488
14.0	233.592
16.0	213.249
18.0	259.724
20.0	224.387
22.0	227.956
24.0	251.286
26.0	233.795
28.0	234.133
30.0	235.078
32.0	233.516
34.0	235.528
36.0	227.98
38.0	238.83
40.0	237.42
42.0	220.197
44.0	252.091
46.0	232.19
48.0	226.857
50.0	229.338
52.0	214.259
54.0	231.358
56.0	223.486
58.0	205.957
60.0	244.625
62.0	215.376
64.0	214.731
66.0	247.031
68.0	223.497
70.0	223.111
72.0	213.832
74.0	217.263
76.0	226.16
78.0	218.092
80.0	217.563
82.0	247.14
84.0	205.868
86.0	218.98
88.0	242.359
90.0	216.318
92.0	219.587
94.0	218.719
96.0	219.286
98.0	218.288
100.0	211.191
102.0	212.082
104.0	209.415
106.0	200.991
108.0	253.776
110.0	211.413
112.0	210.278
114.0	225.577
116.0	234.894
118.0	218.848
120.0	217.832
122.0	211.59
124.0	231.214
126.0	217.979
128.0	201.38
130.0	241.756
132.0	212.104
134.0	218.359
136.0	218.581
138.0	210.928
140.0	229.26
142.0	213.661
144.0	207.124
146.0	244.402
148.0	213.801
150.0	221.371
152.0	216.085
154.0	219.129
156.0	216.905
158.0	203.906
160.0	217.726
162.0	233.526
164.0	211.868
166.0	209.937
168.0	211.78
170.0	235.352
172.0	213.126
174.0	207.23
176.0	235.05
178.0	233.605
180.0	208.256
182.0	209.494
184.0	226.455
186.0	228.007
188.0	216.788
190.0	197.027
192.0	232.355
194.0	215.307
196.0	198.35
198.0	221.552
200.0	231.243
202.0	206.041
204.0	210.757
206.0	212.669
208.0	220.653
210.0	217.654
212.0	207.95
214.0	230.91
216.0	224.642
218.0	205.803
220.0	214.528
222.0	209.887
224.0	224.621
226.0	209.955
228.0	198.512
230.0	219.822
232.0	229.538
234.0	217.448
236.0	202.747
238.0	220.023
240.0	226.596
242.0	214.013
244.0	204.307
246.0	225.461
248.0	223.243
250.0	203.883
252.0	207.178
254.0	224.308
256.0	219.216
258.0	200.472
260.0	206.769
262.0	224.001
264.0	221.905
266.0	212.407
268.0	217.035
270.0	211.172
272.0	227.228
274.0	209.206
276.0	200.528
278.0	238.948
280.0	222.953
282.0	204.413
284.0	205.687
286.0	172.757
288.0	95.349
290.0	189.912
292.0	116.781
294.0	103.26
296.0	101.888
298.0	92.121
300.0	90.343
302.0	94.124
304.0	158.275
306.0	152.737
308.0	114.49
310.0	103.209
312.0	90.74
314.0	94.255
316.0	89.316
318.0	110.082
320.0	196.082
322.0	122.218
324.0	100.547
326.0	88.61
328.0	91.749
330.0	95.458
332.0	190.027
334.0	101.274
336.0	134.679
338.0	110.27
340.0	87.661
342.0	92.65
344.0	88.455
346.0	93.348
348.0	127.562
350.0	186.306
352.0	111.038
354.0	102.494
356.0	92.059
358.0	91.362
360.0	90.951
362.0	91.839
364.0	212.16
366.0	108.07
368.0	101.497
370.0	90.799
372.0	91.348
374.0	85.444
376.0	185.614
378.0	89.095
380.0	136.75
382.0	99.659
384.0	86.099
386.0	86.119
388.0	87.234
390.0	86.454
392.0	84.344
394.0	226.638
396.0	102.823
398.0	117.461
400.0	102.435
402.0	92.573
404.0	92.296
406.0	87.802
408.0	92.632
410.0	177.293
412.0	102.845
414.0	92.344
416.0	88.566
418.0	91.567
420.0	90.594
422.0	92.277
424.0	155.531
426.0	85.639
428.0	87.532
430.0	148.283
432.0	149.795
434.0	102.892
436.0	96.955
438.0	88.9
440.0	138.008
442.0	91.795
444.0	90.02
446.0	132.915
448.0	87.414
450.0	85.339
452.0	84.04
454.0	106.867
456.0	170.544
458.0	105.288
460.0	104.125
462.0	95.218
464.0	89.309
466.0	87.479
468.0	86.715
470.0	172.692
472.0	88.675
474.0	121.94
476.0	103.465
478.0	85.504
480.0	88.072
482.0	83.699
484.0	97.433
486.0	164.105
488.0	79.721
490.0	130.2
492.0	94.313
494.0	85.987
496.0	82.773
498.0	84.632
500.0	158.275
502.0	83.24
504.0	84.965
506.0	159.068
508.0	101.284
510.0	96.712
512.0	95.75
514.0	79.629
516.0	81.702
518.0	85.218
520.0	143.448
522.0	120.021
524.0	115.136
526.0	102.141
528.0	77.197
530.0	86.87
532.0	80.035
534.0	83.597
536.0	177.641
538.0	81.802
540.0	114.075
542.0	101.973
544.0	83.148
546.0	82.7
548.0	87.346
550.0	78.231
552.0	176.953
554.0	77.623
556.0	84.356
558.0	139.785
560.0	102.051
562.0	100.163
564.0	90.011
566.0	76.291
568.0	84.931
570.0	81.311
572.0	77.104
574.0	119.44
576.0	161.996
578.0	95.966
580.0	87.565
582.0	81.141
584.0	81.594
586.0	81.798
588.0	78.908
590.0	81.493
592.0	165.717
594.0	115.396
596.0	86.255
598.0	77.181
600.0	73.891
602.0	79.416
604.0	78.197
606.0	80.281
608.0	116.706
610.0	171.313
612.0	106.177
614.0	84.808
616.0	76.289
618.0	120.461
620.0	82.175
622.0	78.562
624.0	77.587
626.0	67.948
628.0	164.121
630.0	88.623
632.0	89.216
634.0	93.65
636.0	67.4
638.0	72.449
640.0	69.08
642.0	73.862
644.0	109.718
646.0	146.685
648.0	102.828
650.0	70.511
652.0	76.561
654.0	69.757
656.0	75.274
658.0	71.232
660.0	76.224
662.0	131.577
664.0	151.252
666.0	84.624
668.0	91.868
670.0	87.069
672.0	73.568
674.0	76.083
676.0	74.288
678.0	70.892
680.0	120.615
682.0	120.721
684.0	75.546
686.0	114.701
688.0	77.662
690.0	73.896
692.0	70.361
694.0	72.781
696.0	72.782
698.0	143.225
700.0	87.16
702.0	69.559
704.0	93.681
706.0	110.126
708.0	89.23
710.0	85.926
712.0	68.836
714.0	64.456
716.0	65.425
718.0	66.17
720.0	68.564
722.0	69.88
724.0	62.209
726.0	69.377
728.0	63.805
730.0	77.109
732.0	234.742
734.0	90.791
736.0	68.411
738.0	71.658
740.0	65.701
742.0	70.514
744.0	66.43
746.0	67.451
748.0	70.103
750.0	67.82
752.0	75.774
754.0	97.265
756.0	180.667
758.0	68.03
760.0	71.863
762.0	66.567
764.0	68.468
766.0	72.937
768.0	75.855
770.0	70.782
772.0	218.291
774.0	88.292
776.0	83.158
778.0	85.677
780.0	64.002
782.0	68.543
784.0	63.116
786.0	68.49
788.0	67.821
790.0	169.595
792.0	71.22
794.0	100.154
796.0	80.992
798.0	67.928
800.0	65.598
802.0	69.398
804.0	61.836
806.0	70.631
808.0	168.371
810.0	69.155
812.0	67.352
814.0	106.182
816.0	85.387
818.0	85.531
820.0	77.561
822.0	67.849
824.0	67.46
826.0	63.042
828.0	67.772
830.0	70.339
832.0	159.168
834.0	66.66
836.0	63.036
838.0	65.476
840.0	65.249
842.0	68.639
844.0	69.468
846.0	67.586
848.0	64.385
850.0	67.498
852.0	128.413
854.0	68.753
856.0	61.052
858.0	68.707
860.0	64.921
862.0	64.393
864.0	66.589
866.0	148.41
868.0	181.937
870.0	87.246
872.0	64.241
874.0	64.581
876.0	66.869
878.0	66.304
880.0	66.101
882.0	61.386
884.0	64.867
886.0	106.811
888.0	159.288
890.0	75.871
892.0	64.575
894.0	63.817
896.0	68.087
898.0	66.154
900.0	65.52
902.0	66.683
904.0	68.881
906.0	65.194
908.0	62.809
910.0	159.423
912.0	137.816
914.0	68.402
916.0	60.708
918.0	58.576
920.0	64.539
922.0	62.074
924.0	65.727
926.0	62.298
928.0	188.806
930.0	82.642
932.0	65.322
934.0	59.678
936.0	65.383
938.0	66.225
940.0	64.892
942.0	143.204
944.0	84.88
946.0	85.74
948.0	83.921
950.0	61.971
952.0	65.11
954.0	61.531
956.0	59.058
958.0	62.532
960.0	101.197
962.0	131.903
964.0	64.15
966.0	63.355
968.0	117.774
970.0	78.659
972.0	72.618
974.0	78.827
976.0	57.68
978.0	58.987
980.0	56.724
982.0	61.028
984.0	60.878
986.0	84.387
988.0	148.26
990.0	58.467
992.0	97.355
994.0	71.998
996.0	60.975
998.0	61.499
1000.0	61.479
1002.0	61.308
1004.0	56.166
1006.0	66.062
1008.0	60.873
1010.0	62.534
1012.0	123.932
1014.0	143.653
1016.0	67.243
1018.0	72.334
1020.0	60.289
1022.0	60.819
1024.0	62.441
1026.0	77.105
1028.0	123.192
1030.0	70.942
1032.0	73.833
1034.0	70.055
1036.0	66.675
1038.0	100.91
1040.0	58.83
1042.0	60.114
1044.0	62.077
1046.0	54.213
1048.0	58.561
1050.0	56.773
1052.0	164.055
1054.0	62.508
1056.0	57.065
1058.0	59.956
1060.0	107.104
1062.0	74.012
1064.0	71.181
1066.0	66.556
1068.0	62.374
1070.0	57.935
1072.0	51.117
1074.0	60.482
1076.0	53.229
1078.0	57.647
1080.0	55.868
1082.0	56.538
1084.0	58.05
1086.0	62.72
1088.0	53.522
1090.0	57.432
1092.0	148.325
1094.0	139.317
1096.0	64.33
1098.0	55.303
1100.0	53.913
1102.0	49.4
1104.0	58.892
1106.0	128.158
1108.0	56.935
1110.0	55.507
1112.0	53.308
1114.0	56.167
1116.0	58.343
1118.0	54.074
1120.0	61.725
1122.0	51.815
1124.0	57.399
1126.0	66.372
1128.0	172.571
1130.0	61.936
1132.0	56.4
1134.0	59.14
1136.0	64.774
1138.0	49.639
1140.0	53.867
1142.0	58.878
1144.0	51.468
1146.0	58.863
1148.0	56.436
1150.0	54.38
1152.0	53.925
1154.0	148.912
1156.0	100.945
1158.0	66.814
1160.0	57.346
1162.0	53.542
1164.0	58.365
1166.0	56.812
1168.0	53.984
1170.0	55.554
1172.0	62.934
1174.0	58.803
1176.0	48.408
1178.0	56.75
1180.0	130.89
1182.0	57.863
1184.0	56.915
1186.0	56.101
1188.0	100.809
1190.0	90.091
1192.0	66.707
1194.0	63.46
1196.0	53.647
1198.0	52.347
1200.0	57.754
