 3553
 3578
 3668
 3694
 3715
 3744
 3777
 3817
 3819
 3855
 3864
 3911
 3913
 3936
 3941
 3971
 3977
 3981
 3982
 3982
 3983
 3998
 3998
 4005
 4008
 4009
 4011
 4028
 4030
 4034
 4051
 4053
 4053
 4056
 4069
 4082
 4088
 4089
 4111
 4112
 4112
 4117
 4129
 4136
 4141
 4144
 4150
 4161
 4163
 4163
 4178
 4180
 4185
 4192
 4192
 4201
 4203
 4205
 4207
 4209
 4213
 4220
 4232
 4242
 4245
 4258
 4258
 4269
 4273
 4277
 4277
 4287
 4287
 4289
 4292
 4297
 4302
 4303
 4304
 4306
 4313
 4314
 4318
 4318
 4321
 4324
 4326
 4331
 4333
 4335
 4339
 4355
 4370
 4371
 4384
 4386
 4393
 4400
 4401
 4405
 4406
 4413
 4419
 4428
 4434
 4441
 4442
 4443
 4445
 4448
 4449
 4458
 4462
 4463
 4469
 4469
 4483
 4485
 4488
 4491
 4492
 4499
 4502
 4504
 4526
 4536
 4550
 4553
 4556
 4558
 4563
 4579
 4582
 4587
 4615
 4617
 4629
 4632
 4654
 4691
 4701
 4710
 4715
 4765
 4768
 4801
 4826
 4975
 4988
 5020
 5111
 5159
 5338
 5339
 5354
 5370
 5377
 5517
 5573
 5589
 5615
 5625
 5672
 5677
 5691
 5818
 5831
 5859
 5895
 5995
 6000
 6005
 6010
 6042
 6046
 6157
 6181
 6250
 6271
 6316
 6337
 6402
 6438
 6468
 6567
 6628
 6637
 6696
 6844
 6880
 6899
 6988
 7114
 7115
 7152
 7231
 7247
 7314
 7326
 7360
 7381
 7404
 7495
 7767
 7817
 7843
 7970
 8005
 8022
 8039
 8070
 8087
 8201
 8209
 8297
 8366
 8380
 8430
 8455
 8558
 8647
 8745
 8806
 8808
 8831
 8836
 8864
 9022
 9043
 9067
 9083
 9210
 9219
 9273
 9371
 9381
 9390
 9414
 9421
 9438
 9470
 9496
 9518
 9526
 9528
 9558
 9564
 9599
 9605
 9652
 9654
 9658
 9666
 9700
 9709
 9733
 9766
 9895
 9957
 9960
 10002
 10007
 10078
 10118
 10161
 10190
 10318
 10324
 10347
 10352
 10377
 10400
 10409
 10437
 10443
 10507
 10513
 10514
 10515
 10520
 10554
 10599
 10613
 10614
 10617
 10623
 10665
 10673
 10675
 10679
 10691
 10695
 10713
 10747
 10775
 10778
 10791
 10828
 10874
 10910
 10918
 10926
 10999
 11001
 11002
 11012
 11058
 11059
 11074
 11076
 11084
 11104
 11121
 11123
 11146
 11151
 11160
 11163
 11194
 11200
 11237
 11278
 11308
 11310
 11331
 11340
 11343
 11352
 11354
 11396
 11405
 11405
 11408
 11409
 11409
 11414
 11426
 11437
 11440
 11451
 11477
 11487
 11497
 11505
 11505
 11508
 11539
 11574
 11591
 11620
 11662
 11718
 11724
 11727
 11771
 11789
 11790
 11802
 11814
 11828
 11912
 11947
 11949
 12016
 12068
 12089
 12103
 12105
 12108
 12162
 12208
 12237
 12250
 12292
 12311
 12386
 12392
 12394
 12480
 12492
 12549
 12568
 12608
 12626
 12640
 12651
 12687
 12695
 12728
 12739
 12802
 12823
 12930
 12946
 12947
 12956
 12998
 13101
 13154
 13241
 13261
 13263
 13272
 13275
 13341
 13419
 13468
 13499
 13543
 13589
 13606
 13629
 13636
 13649
 13703
 13739
 13773
 13785
 13839
 13903
 13911
 13937
 13941
 14047
 14050
 14078
 14109
 14120
 14129
 14145
 14151
 14166
 14177
 14194
 14203
 14220
 14222
 14248
 14257
 14270
 14271
 14272
 14284
 14295
 14300
 14303
 14327
 14327
 14333
 14361
 14400
 14447
 14453
 14454
 14515
 14531
 14570
 14589
 14591
 14594
 14609
 14620
 14649
 14662
 14665
 14679
 14692
 14716
 14724
 14741
 14746
 14747
 14844
 14858
 14870
 14870
 14875
 14884
 14892
 14906
 14918
 14951
 14961
 14973
 15023
 15034
 15036
 15050
 15072
 15148
 15175
 15211
 15218
 15264
 15271
 15303
 15306
 15309
 15319
 15323
 15361
 15381
 15400
 15420
 15426
 15452
 15484
 15531
 15539
 15570
 15583
 15612
 15615
 15617
 15639
 15674
 15734
 15751
 15765
 15768
 15862
 15918
 15931
 15951
 15971
 15976
 15988
 16052
 16101
 16133
 16168
 16199
 16312
 16360
 16405
 16411
 16438
 16440
 16461
 16464
 16483
 16495
 16523
 16632
 16646
 16682
 16715
 16755
 16792
 16803
 16864
 16958
 16986
 16996
 17015
 17019
 17033
 17082
 17120
 17128
 17138
 17173
 17177
 17248
 17257
 17296
 17343
 17346
 17349
 17365
 17393
 17448
 17474
 17548
 17722
 17746
 17747
 17799
 17818
 17868
 18035
 18036
 18116
 18118
 18207
 18235
 18252
 18325
 18330
 18521
 18540
 18606
 18663
 18764
 18777
 19149
 19307
 19309
 19713
 19979
