# timestamp	utilization (%) \n
4.92814 0
12.4756 1
19.5235 3
25.0923 4
31.6307 5
39.3656 7
46.6008 8
52.9716 9
58.5476 10
63.5738 11
69.6962 12
78.2633 14
85.9679 15
95.0076 17
102.528 18
111.966 20
120.128 21
128.858 23
136.793 24
145.337 26
153.265 27
158.945 28
168.172 30
175.502 31
181.918 32
187.488 33
193.5 34
201.571 36
208.331 37
214.852 38
220.383 39
226.61 40
233.598 42
239.89 43
246.98 44
252.795 45
258.484 46
263.762 47
272.067 49
277.977 50
285.921 52
292.345 53
298.367 55
303.613 56
310.212 57
315.673 58
321.4 59
327.262 60
334.538 62
340.491 63
346.272 65
351.579 65
357.77 66
364.224 68
369.598 68
375.38 68
381.212 68
387.652 67
392.88 67
399.704 67
406.851 66
412.308 66
418.15 65
424.505 65
431.213 65
436.47 64
441.777 64
447.229 63
453.632 63
460.553 63
467.136 62
472.733 61
478.229 61
483.739 61
490.406 60
496.589 60
502.794 60
508.428 59
514.404 59
520.052 59
525.571 58
530.613 58
536.405 57
542.172 57
548.488 57
553.809 56
559.12 56
565.542 55
572.035 55
577.417 54
583.133 53
588.521 53
594.381 53
601.394 52
606.909 51
612.589 51
619.208 50
624.527 50
631.37 50
638.088 49
643.111 48
648.746 48
654.213 48
659.984 48
665.622 48
670.644 47
676.176 47
682.097 47
687.481 47
692.704 47
698.409 47
703.856 46
709.51 46
715.648 46
720.868 46
726.977 46
732.63 46
738.02 45
743.872 45
750.18 45
755.662 45
761.182 45
766.717 45
772.344 45
777.931 45
783.245 44
789.73 44
795.555 44
801.169 44
806.715 44
812.667 44
818.251 43
824.29 43
829.338 43
835.318 43
840.807 43
846.353 43
852.14 43
857.192 43
862.796 43
868.732 43
875.433 43
881.621 42
887.331 43
894.016 43
900.05 42
905.218 42
910.594 42
917.853 42
923.994 42
929.715 42
937.465 42
943.678 42
949.176 42
955.02 41
960.46 41
966.112 42
971.325 41
978.311 41
984.201 41
989.928 41
995.447 41
1001 41
1006.95 41
1012.36 41
1017.75 41
1023.79 41
1029.51 41
1035.23 41
1040.39 40
1046.31 40
1052.31 40
1057.69 40
1063.12 40
1068.2 40
1074.13 40
1079.55 40
1085 40
1090.69 40
1096.71 40
1102.37 40
1107.79 40
1113.1 40
1118.89 40
1124.59 40
1130.15 40
1135.46 40
1141.56 40
1147.5 40
1152.89 40
1158.6 40
1163.94 40
1169.6 39
1175.03 39
1180.65 39
1186.58 39
1192.55 39
1198.14 39
