2.0	265.346
4.0	242.718
6.0	228.368
8.0	229.207
10.0	229.976
12.0	234.73
14.0	232.751
16.0	227.458
18.0	245.794
20.0	224.644
22.0	242.499
24.0	245.903
26.0	215.953
28.0	266.155
30.0	235.955
32.0	238.986
34.0	239.69
36.0	239.943
38.0	238.961
40.0	237.42
42.0	218.53
44.0	238.142
46.0	217.051
48.0	203.027
50.0	233.728
52.0	244.735
54.0	222.895
56.0	225.286
58.0	212.842
60.0	229.679
62.0	225.648
64.0	209.1
66.0	240.023
68.0	225.175
70.0	206.299
72.0	237.218
74.0	226.98
76.0	223.032
78.0	222.831
80.0	211.51
82.0	228.606
84.0	222.35
86.0	202.408
88.0	242.744
90.0	201.983
92.0	184.376
94.0	239.221
96.0	233.781
98.0	222.04
100.0	212.103
102.0	233.062
104.0	223.376
106.0	222.22
108.0	210.362
110.0	232.539
112.0	212.647
114.0	208.249
116.0	248.107
118.0	224.142
120.0	212.39
122.0	225.928
124.0	232.039
126.0	202.758
128.0	221.406
130.0	171.362
132.0	132.296
134.0	154.283
136.0	248.448
138.0	216.172
140.0	203.981
142.0	205.604
144.0	236.455
146.0	209.968
148.0	232.064
150.0	222.784
152.0	203.945
154.0	240.995
156.0	211.916
158.0	215.24
160.0	224.909
162.0	230.05
164.0	216.772
166.0	200.987
168.0	243.649
170.0	220.786
172.0	216.432
174.0	211.729
176.0	235.848
178.0	211.533
180.0	225.415
182.0	236.959
184.0	223.529
186.0	225.54
188.0	218.888
190.0	228.811
192.0	207.438
194.0	203.077
196.0	218.348
198.0	230.146
200.0	206.759
202.0	226.321
204.0	230.09
206.0	221.24
208.0	219.206
210.0	208.884
212.0	226.585
214.0	222.458
216.0	204.912
218.0	204.197
220.0	241.786
222.0	222.608
224.0	223.601
226.0	218.812
228.0	209.182
230.0	225.4
232.0	224.861
234.0	203.465
236.0	241.513
238.0	217.234
240.0	219.341
242.0	215.146
244.0	184.114
246.0	233.424
248.0	214.017
250.0	200.603
252.0	241.837
254.0	221.631
256.0	218.801
258.0	219.82
260.0	216.934
262.0	202.411
264.0	237.725
266.0	221.354
268.0	223.384
270.0	218.12
272.0	204.902
274.0	238.466
276.0	218.245
278.0	204.34
280.0	239.992
282.0	207.31
284.0	221.531
286.0	231.692
288.0	224.203
290.0	224.393
292.0	215.284
294.0	195.567
296.0	229.652
298.0	207.87
300.0	203.455
302.0	245.929
304.0	221.647
306.0	222.106
308.0	217.078
310.0	230.027
312.0	192.581
314.0	182.304
316.0	181.301
318.0	182.329
320.0	183.281
322.0	184.651
324.0	203.336
326.0	210.233
328.0	183.855
330.0	181.664
332.0	204.203
334.0	190.63
336.0	213.075
338.0	203.489
340.0	202.595
342.0	228.342
344.0	181.862
346.0	150.956
348.0	171.235
350.0	198.237
352.0	192.476
354.0	185.579
356.0	182.559
358.0	188.517
360.0	183.122
362.0	182.717
364.0	183.062
366.0	202.42
368.0	209.313
370.0	178.837
372.0	194.49
374.0	185.294
376.0	178.485
378.0	179.6
380.0	180.697
382.0	175.596
384.0	224.279
386.0	177.493
388.0	178.214
390.0	181.665
392.0	201.663
394.0	188.324
396.0	181.006
398.0	182.874
400.0	180.09
402.0	208.979
