 3487
 3495
 3754
 3759
 3794
 3794
 3798
 3815
 3833
 3848
 3849
 3852
 3862
 3864
 3869
 3878
 3895
 3895
 3895
 3900
 3909
 3910
 3911
 3923
 3928
 3935
 3938
 3944
 3948
 3958
 3963
 3968
 3989
 4006
 4007
 4013
 4015
 4024
 4027
 4037
 4042
 4057
 4073
 4074
 4075
 4075
 4078
 4083
 4083
 4090
 4099
 4102
 4104
 4105
 4126
 4134
 4141
 4147
 4152
 4160
 4162
 4163
 4164
 4165
 4169
 4174
 4175
 4180
 4183
 4186
 4187
 4188
 4199
 4201
 4204
 4205
 4207
 4215
 4216
 4218
 4219
 4223
 4224
 4227
 4229
 4231
 4238
 4239
 4242
 4245
 4246
 4248
 4257
 4276
 4288
 4292
 4296
 4298
 4298
 4303
 4304
 4308
 4308
 4330
 4334
 4335
 4338
 4340
 4348
 4354
 4358
 4370
 4374
 4376
 4400
 4420
 4427
 4430
 4433
 4440
 4445
 4449
 4455
 4456
 4479
 4483
 4491
 4506
 4506
 4508
 4515
 4518
 4526
 4536
 4547
 4551
 4561
 4571
 4589
 4606
 4608
 4618
 4625
 4625
 4629
 4630
 4637
 4639
 4640
 4641
 4645
 4651
 4652
 4661
 4664
 4666
 4668
 4669
 4677
 4700
 4714
 4753
 4838
 4868
 4918
 4933
 4973
 5037
 5067
 5070
 5115
 5133
 5144
 5149
 5160
 5165
 5185
 5186
 5187
 5194
 5205
 5211
 5211
 5213
 5229
 5232
 5234
 5242
 5246
 5250
 5271
 5289
 5316
 5334
 5339
 5364
 5420
 5565
 5589
 6212
 6337
 7287
