# timestamp	memory footprint (MB)\n
242.087 0
243.09 1
244.094 0
245.098 1
246.102 3
247.106 0
248.111 2
249.115 4
250.119 1
251.123 4
252.126 1
253.131 3
254.136 1
255.138 3
256.695 3
257.698 1
258.702 1
259.707 3
260.71 0
261.715 3
263.284 0
264.287 2
265.29 4
266.294 1
267.298 1
268.303 1
269.307 4
270.31 1
271.314 4
272.839 1
273.879 1
274.883 3
275.887 1
276.891 3
277.957 4
278.959 2
279.964 1
280.967 3
282.131 3
283.135 1
284.139 1
285.143 0
286.16 2
287.163 1
288.167 4
289.171 2
290.273 4
291.276 1
292.28 3
293.284 1
294.287 3
295.292 0
296.295 3
298.538 0
299.54 2
300.543 1
301.547 3
302.551 4
303.556 2
304.559 4
305.563 2
306.602 4
307.603 0
308.608 2
309.611 4
310.617 2
311.619 4
312.623 2
313.627 4
315.415 1
316.416 2
317.419 1
318.424 4
319.428 1
320.427 3
321.432 1
322.435 3
324.044 0
325.049 2
326.053 1
327.064 4
328.068 1
329.072 4
330.076 1
331.08 3
332.617 1
