# timestamp	command count (MB)\n
242.087 52
243.09 195
244.094 226
245.098 255
246.102 296
247.106 231
248.111 314
249.115 229
250.119 300
251.123 307
252.126 250
253.131 313
254.136 225
255.138 312
256.695 14
257.698 229
258.702 248
259.707 317
260.71 250
261.715 309
263.284 229
264.287 311
265.29 237
266.294 243
267.298 254
268.303 271
269.307 421
270.31 303
271.314 331
272.839 199
273.879 268
274.883 317
275.887 262
276.891 321
277.957 188
278.959 256
279.964 263
280.967 313
282.131 50
283.135 253
284.139 246
285.143 245
286.16 277
287.163 258
288.167 312
289.171 308
290.273 332
291.276 273
292.28 322
293.284 254
294.287 326
295.292 239
296.295 317
298.538 231
299.54 293
300.543 256
301.547 328
302.551 124
303.556 326
304.559 255
305.563 287
306.602 316
307.603 274
308.608 330
309.611 263
310.617 329
311.619 259
312.623 325
313.627 262
315.415 190
316.416 296
317.419 296
318.424 332
319.428 268
320.427 333
321.432 263
322.435 342
324.044 189
325.049 322
326.053 290
327.064 342
328.068 264
329.072 345
330.076 252
331.08 341
332.617 168
333.62 322
