# timestamp	utilization (%) \n
-64.825 352917
-59.8049 352918
-51.1391 352920
-44.9855 352922
-39.6985 352923
-33.7121 352924
-28.3249 352926
-20.531 352928
-14.5581 352929
-7.49867 352930
-1.03467 352932
5.34623 352933
12.7231 352935
19.7386 352936
27.1266 352938
33.5549 352939
40.9419 352941
48.9509 352942
55.7939 352944
61.7509 352945
69.1269 352947
77.0309 352948
83.5369 352950
91.2099 352951
96.2739 352953
102.487 352954
108.311 352955
115.148 352957
121.281 352958
128.84 352960
135.186 352961
141.587 352962
147.437 352964
152.934 352965
158.22 352966
164.389 352967
169.487 352968
175.328 352970
181.832 352971
187.046 352972
192.476 352973
198.567 352975
204.137 352976
211.517 352977
217.159 352979
223.56 352980
229.542 352981
234.935 352982
240.234 352984
246.632 352985
253.409 352986
260.237 352985
265.5 352985
271.163 352985
277.843 352984
283.599 352984
290.165 352983
296.936 352983
302.221 352983
307.285 352982
313.415 352982
318.643 352982
324.074 352981
329.24 352981
