# timestamp	GC Total Latency (msec)		Read Latency (msec)	Write Latency (msec)\n
77.7789 8 0 0
78.7833 7 0 0
79.787 8 0 0
80.799 12 2 1
81.803 15 4 2
82.807 17 5 3
83.8113 20 7 4
84.815 23 9 5
85.819 27 11 7
86.823 30 13 8
87.8271 33 16 10
88.8311 39 19 12
89.8351 48 25 16
90.8391 65 35 23
91.8431 98 54 37
92.8472 166 93 67
93.8512 268 142 120
94.8552 350 174 171
95.8592 462 223 235
96.864 585 283 299
97.8673 753 365 386
98.8713 917 443 473
99.8753 1084 521 563
100.879 1220 583 639
101.883 1356 645 715
102.887 1509 712 801
103.892 1629 766 869
104.895 1737 813 930
105.899 1854 864 997
106.904 1952 907 1053
107.907 2061 954 1117
108.911 2173 1001 1182
109.916 2275 1044 1242
110.92 2374 1086 1300
111.924 2459 1120 1352
112.928 2549 1157 1405
113.932 2642 1196 1459
114.936 2727 1232 1510
115.94 2806 1265 1556
116.944 2877 1294 1599
117.948 2947 1323 1641
118.952 3024 1355 1686
119.956 3088 1380 1725
120.96 3155 1408 1765
121.964 3218 1434 1802
122.968 3271 1455 1835
123.972 3332 1480 1871
124.976 3385 1502 1903
125.98 3432 1521 1931
126.984 3478 1539 1959
127.988 3533 1562 1992
128.992 3574 1579 2016
129.996 3619 1597 2043
131.004 3657 1612 2066
132.004 3700 1629 2092
133.008 3743 1647 2118
134.014 3784 1663 2142
135.016 3821 1679 2164
136.02 3858 1694 2187
137.024 3893 1708 2208
138.028 3926 1722 2227
139.032 3960 1736 2247
140.036 3994 1750 2268
141.04 4024 1762 2286
142.044 4053 1774 2303
143.05 4081 1785 2320
144.052 4111 1797 2338
145.056 4135 1807 2352
146.06 4161 1818 2368
147.064 4186 1828 2383
148.068 4213 1839 2399
149.072 4239 1849 2415
150.077 4263 1859 2429
151.081 4287 1869 2444
152.084 4308 1878 2456
153.088 4329 1886 2469
154.092 4353 1895 2484
155.096 4372 1903 2495
156.1 4392 1911 2507
157.104 4414 1920 2521
158.108 4434 1929 2532
159.112 4453 1936 2544
160.116 4474 1945 2556
161.12 4490 1951 2566
162.125 4510 1959 2578
163.128 4526 1965 2588
164.133 4546 1974 2600
165.137 4564 1981 2610
166.141 4580 1987 2621
167.145 4598 1995 2631
168.149 4613 2000 2640
169.153 4627 2006 2649
170.157 4644 2012 2659
171.161 4659 2018 2668
172.165 4672 2024 2677
173.169 4687 2029 2686
174.173 4701 2035 2695
175.177 4717 2041 2704
176.181 4732 2047 2713
177.185 4747 2053 2723
178.189 4758 2058 2730
179.193 4771 2062 2738
180.197 4785 2068 2746
181.201 4799 2073 2754
182.205 4810 2077 2762
183.209 4823 2082 2770
184.213 4836 2087 2777
185.217 4848 2092 2785
186.221 4860 2097 2792
187.225 4872 2101 2800
188.229 4883 2105 2807
189.233 4893 2109 2813
190.237 4903 2113 2820
191.241 4916 2118 2828
192.245 4926 2122 2834
193.249 4937 2126 2841
194.253 4948 2130 2848
195.257 4959 2134 2855
196.261 4969 2138 2861
197.265 4978 2141 2867
198.27 4988 2145 2873
199.273 4999 2149 2880
200.277 5008 2152 2886
201.281 5018 2156 2892
202.286 5028 2160 2899
203.289 5037 2163 2904
204.293 5047 2167 2911
205.297 5055 2170 2916
206.301 5064 2173 2922
207.305 5074 2177 2928
208.333 5085 2181 2935
209.333 5093 2184 2940
210.337 5101 2186 2945
211.354 5108 2189 2950
212.358 5116 2192 2955
213.362 5125 2195 2961
214.365 5133 2198 2966
215.37 5141 2201 2971
216.374 5148 2204 2976
217.378 5156 2206 2981
218.382 5164 2209 2987
219.386 5173 2212 2992
220.39 5181 2215 2998
221.394 5189 2218 3003
222.4 5198 2221 3009
223.402 5206 2224 3014
224.406 5213 2226 3019
225.41 5220 2229 3023
226.414 5230 2232 3029
227.418 5237 2235 3034
228.422 5245 2237 3040
229.426 5251 2239 3044
230.43 5259 2242 3049
231.434 5267 2245 3054
232.438 5272 2247 3057
233.442 5281 2250 3063
234.446 5287 2252 3067
235.45 5294 2255 3072
236.454 5301 2257 3076
237.458 5307 2259 3081
238.462 5313 2261 3085
239.466 5321 2264 3090
240.47 5327 2266 3094
241.474 5333 2268 3098
242.478 5340 2271 3103
243.482 5346 2273 3107
244.486 5352 2275 3111
245.491 5358 2277 3114
246.496 5364 2279 3118
247.498 5370 2281 3122
248.505 5377 2283 3127
249.506 5383 2285 3131
250.51 5389 2287 3135
251.514 5395 2289 3139
252.518 5402 2292 3144
253.522 5408 2294 3148
254.527 5414 2296 3152
255.53 5421 2298 3156
256.534 5426 2300 3160
257.554 5432 2302 3164
258.558 5438 2304 3168
259.562 5444 2306 3172
260.566 5451 2308 3176
261.57 5456 2310 3180
262.574 5462 2312 3184
263.578 5469 2314 3188
264.582 5474 2316 3192
265.6 5479 2318 3196
266.602 5485 2319 3200
267.607 5490 2321 3203
268.611 5495 2323 3207
269.615 5501 2325 3211
270.615 5507 2326 3215
271.619 5513 2328 3219
272.623 5517 2330 3222
273.627 5523 2331 3226
274.631 5529 2333 3230
275.635 5534 2335 3233
276.639 5539 2336 3237
277.643 5544 2338 3240
278.647 5549 2340 3244
279.651 5554 2341 3247
280.655 5559 2343 3251
281.659 5565 2345 3254
282.663 5570 2346 3258
283.667 5575 2348 3262
284.671 5580 2350 3265
285.675 5585 2351 3269
286.679 5591 2353 3272
287.683 5596 2355 3276
288.687 5601 2357 3279
289.691 5606 2358 3283
290.707 5612 2360 3287
291.711 5617 2362 3290
292.715 5621 2363 3293
293.72 5626 2364 3297
294.723 5632 2366 3301
295.727 5637 2368 3304
296.731 5641 2369 3307
297.735 5646 2371 3311
298.739 5651 2372 3314
299.743 5657 2374 3318
300.747 5661 2375 3321
301.751 5667 2377 3325
302.756 5671 2378 3328
303.759 5677 2380 3332
304.763 5681 2381 3335
305.767 5686 2383 3338
306.771 5691 2384 3342
307.775 5696 2386 3346
308.779 5701 2387 3349
309.783 5705 2389 3352
310.787 5710 2390 3356
311.791 5714 2391 3359
312.795 5719 2393 3362
313.799 5725 2394 3366
314.803 5730 2396 3370
315.808 5735 2397 3374
316.812 5740 2398 3378
317.816 5745 2400 3381
318.819 5750 2401 3385
319.823 5755 2403 3389
320.829 5760 2404 3393
321.84 5765 2405 3396
322.852 5771 2407 3400
323.856 5776 2408 3404
324.86 5779 2409 3407
325.864 5785 2411 3411
326.868 5791 2412 3415
327.872 5796 2414 3419
328.876 5802 2415 3423
329.88 5807 2417 3427
330.884 5812 2418 3431
331.888 5817 2419 3435
332.892 5823 2421 3439
333.896 5829 2423 3444
334.9 5836 2424 3449
335.904 5841 2425 3452
336.908 5847 2427 3457
337.912 5853 2428 3462
338.916 5860 2430 3467
339.92 5866 2431 3472
340.924 5873 2433 3477
341.928 5880 2434 3483
342.932 5887 2436 3488
343.939 5892 2437 3493
344.94 5899 2439 3498
345.944 5907 2441 3504
346.948 5914 2442 3509
347.952 5920 2444 3514
348.956 5928 2446 3521
349.96 5934 2447 3525
350.964 5942 2449 3531
351.968 5950 2450 3538
352.972 5958 2452 3544
353.976 5964 2454 3548
354.981 5972 2456 3554
355.984 5981 2458 3561
356.988 5989 2460 3567
357.993 5997 2462 3574
358.996 6003 2463 3578
360 6014 2466 3587
361.004 6024 2468 3594
362.008 6031 2470 3600
363.012 6039 2472 3606
364.016 6049 2474 3614
365.02 6059 2477 3622
366.025 6069 2479 3629
367.028 6077 2481 3636
368.032 6089 2484 3645
369.036 6100 2486 3653
370.04 6112 2489 3663
371.044 6126 2492 3674
372.048 6132 2493 3678
373.052 6146 2496 3689
374.058 6152 2497 3695
375.061 6162 2500 3703
376.065 6173 2502 3711
377.069 6183 2504 3719
378.073 6196 2507 3729
379.077 6206 2509 3737
380.081 6217 2512 3746
381.086 6226 2513 3753
382.089 6237 2516 3762
383.093 6247 2518 3770
384.097 6271 2523 3788
385.101 6265 2521 3785
386.105 6272 2523 3790
387.109 6281 2525 3797
388.113 6296 2528 3809
389.117 6310 2531 3820
390.121 6319 2533 3827
391.125 6346 2539 3848
392.129 6340 2537 3845
393.133 6345 2538 3849
394.137 6356 2540 3857
395.141 6384 2547 3880
396.145 6381 2545 3878
397.149 6388 2547 3883
398.153 6417 2553 3906
399.157 6420 2553 3910
400.161 6423 2553 3912
401.165 6433 2556 3920
402.169 6463 2562 3944
403.173 6465 2562 3946
404.177 6492 2568 3967
405.181 6498 2569 3973
406.185 6505 2570 3977
407.189 6521 2574 3990
408.193 6564 2583 4025
409.197 6612 2592 4064
410.201 6604 2589 4059
411.205 6603 2587 4060
412.209 6596 2585 4055
413.213 6601 2587 4059
414.217 6608 2588 4064
415.221 6620 2591 4074
416.225 6646 2596 4095
417.232 6652 2597 4099
418.233 6705 2608 4142
419.237 6777 2623 4200
420.241 6850 2638 4259
421.245 6844 2634 4256
422.249 6827 2628 4245
423.253 6806 2620 4232
424.257 6788 2613 4221
425.261 6774 2608 4212
426.265 6762 2604 4204
427.27 6761 2604 4203
428.274 6762 2604 4204
429.278 6769 2606 4208
430.282 6773 2607 4211
431.286 6775 2608 4213
432.291 6784 2610 4220
433.294 6795 2612 4229
434.298 6806 2614 4238
435.302 6840 2621 4266
436.306 6838 2620 4264
437.31 6847 2623 4271
438.319 6857 2624 4279
439.322 6902 2634 4316
440.333 6980 2650 4378
441.334 6999 2652 4395
442.338 6984 2647 4385
443.342 6966 2640 4374
444.346 6954 2636 4365
445.35 6951 2635 4363
446.354 6953 2636 4365
447.358 6958 2637 4368
448.362 6964 2639 4372
449.366 6971 2641 4378
450.37 6987 2644 4391
451.374 7010 2649 4410
452.378 7082 2663 4467
453.383 7152 2678 4523
454.386 7209 2689 4570
455.39 7194 2684 4560
456.395 7176 2677 4549
457.398 7160 2671 4538
458.402 7141 2664 4526
459.407 7126 2659 4517
460.41 7111 2653 4507
461.414 7100 2649 4500
462.418 7094 2648 4495
463.422 7093 2648 4494
464.426 7094 2648 4495
465.43 7098 2650 4497
466.435 7101 2651 4500
467.438 7106 2652 4503
468.442 7110 2653 4506
469.447 7125 2656 4518
470.45 7137 2658 4528
471.454 7141 2659 4531
472.459 7150 2661 4538
473.464 7193 2670 4573
474.467 7263 2684 4629
475.471 7324 2697 4678
476.482 7357 2704 4705
477.483 7343 2698 4696
478.487 7330 2694 4687
479.492 7316 2689 4678
480.495 7303 2684 4670
481.499 7289 2679 4661
482.499 7282 2677 4655
483.505 7281 2677 4654
484.507 7282 2678 4655
485.515 7284 2678 4656
486.519 7287 2679 4658
487.527 7293 2681 4662
488.531 7296 2682 4665
489.536 7309 2685 4675
490.543 7323 2687 4687
491.547 7324 2688 4687
492.551 7332 2690 4694
493.555 7386 2701 4737
494.567 7438 2711 4779
495.567 7435 2710 4777
496.572 7423 2706 4769
497.582 7413 2703 4762
498.583 7407 2701 4758
499.587 7408 2702 4758
500.591 7411 2703 4760
501.595 7416 2704 4764
502.61 7451 2711 4792
503.627 7444 2709 4787
504.631 7448 2710 4790
505.635 7458 2713 4798
506.639 7504 2722 4835
507.643 7507 2722 4838
508.647 7506 2722 4837
509.651 7512 2724 4841
510.666 7551 2732 4872
511.667 7551 2731 4873
512.671 7552 2732 4873
513.676 7558 2733 4878
514.679 7595 2741 4908
515.683 7638 2750 4942
516.687 7628 2747 4936
517.691 7624 2746 4932
518.695 7626 2747 4933
519.699 7631 2748 4937
520.704 7638 2749 4942
521.708 7669 2756 4968
522.711 7681 2758 4978
523.715 7678 2758 4975
524.719 7682 2759 4978
525.723 7689 2760 4983
526.727 7713 2765 5003
527.732 7732 2769 5018
528.736 7733 2770 5018
529.74 7742 2772 5026
530.743 7762 2776 5042
531.748 7766 2777 5045
532.751 7779 2779 5055
533.756 7795 2783 5068
534.76 7808 2785 5079
535.764 7827 2789 5094
536.768 7845 2793 5108
537.781 7870 2798 5128
538.785 7873 2799 5130
539.801 7902 2805 5153
540.804 7910 2807 5160
541.808 7915 2808 5163
542.812 7934 2812 5179
543.818 7940 2814 5183
544.82 7955 2817 5196
545.824 7983 2822 5218
546.828 7994 2825 5226
547.832 8001 2827 5232
548.839 8028 2832 5254
549.84 8032 2833 5257
550.844 8035 2834 5259
551.848 8056 2838 5276
552.852 8059 2838 5278
553.856 8063 2840 5281
554.86 8084 2844 5298
555.864 8094 2846 5307
556.868 8097 2847 5309
557.872 8120 2851 5327
558.876 8154 2859 5354
559.88 8147 2857 5350
560.884 8146 2857 5349
561.888 8148 2857 5350
562.892 8155 2859 5356
563.896 8171 2862 5368
564.9 8186 2865 5380
565.904 8185 2865 5380
566.913 8203 2869 5393
567.916 8206 2869 5396
568.92 8209 2870 5398
569.924 8244 2878 5427
570.928 8254 2879 5435
571.934 8253 2879 5433
572.936 8254 2880 5435
573.94 8259 2881 5438
574.967 8293 2888 5465
575.968 8297 2888 5469
576.972 8295 2888 5467
577.976 8297 2889 5469
578.98 8302 2890 5472
579.986 8331 2896 5496
580.988 8347 2899 5509
581.992 8341 2897 5505
582.997 8344 2898 5506
584.005 8347 2899 5509
585.01 8369 2903 5527
586.132 8400 2910 5552
587.134 8399 2909 5551
588.137 8395 2908 5548
589.141 8396 2909 5549
590.145 8397 2909 5549
591.149 8403 2910 5554
592.189 8416 2913 5565
593.193 8416 2913 5565
594.23 8437 2917 5582
595.233 8470 2924 5608
596.237 8469 2923 5608
597.241 8465 2922 5605
598.249 8465 2923 5605
599.249 8466 2923 5605
600.27 8478 2926 5614
601.274 8479 2925 5616
602.277 8489 2928 5624
603.282 8513 2933 5642
604.285 8506 2931 5638
605.289 8508 2932 5639
606.3 8514 2933 5643
607.303 8524 2935 5651
608.305 8529 2936 5655
609.312 8546 2940 5669
610.313 8545 2940 5668
611.317 8549 2941 5671
612.321 8576 2946 5693
613.325 8571 2945 5689
614.329 8573 2946 5690
615.333 8591 2949 5705
616.337 8588 2949 5703
617.341 8591 2949 5705
618.346 8604 2952 5715
619.349 8606 2953 5716
620.353 8619 2955 5727
621.357 8624 2957 5731
622.362 8636 2959 5741
623.365 8645 2961 5748
624.369 8663 2965 5762
625.373 8664 2965 5763
626.424 8674 2967 5771
627.43 8678 2968 5774
628.433 8682 2969 5777
629.445 8695 2972 5788
630.45 8711 2975 5800
631.453 8714 2976 5803
632.457 8723 2978 5810
633.464 8728 2979 5814
634.465 8738 2981 5822
635.47 8752 2984 5833
636.473 8759 2986 5839
637.478 8776 2989 5852
638.481 8781 2990 5856
639.5 8799 2994 5871
640.501 8801 2995 5872
641.505 8803 2995 5873
642.509 8811 2997 5879
643.518 8824 2999 5890
644.521 8831 3001 5896
645.569 8844 3004 5906
646.569 8848 3005 5909
647.574 8861 3008 5919
648.577 8873 3010 5929
649.581 8871 3010 5927
650.585 8876 3011 5931
651.589 8887 3013 5940
652.593 8886 3013 5939
653.597 8889 3014 5942
654.601 8902 3016 5952
655.605 8907 3018 5956
656.609 8917 3020 5964
657.613 8927 3022 5972
658.622 8932 3023 5976
659.626 8946 3026 5987
660.629 8950 3027 5990
661.633 8954 3028 5994
662.637 8964 3030 6001
663.641 8981 3033 6015
664.647 8988 3035 6020
665.649 8993 3036 6024
666.653 8996 3037 6027
667.657 9012 3040 6039
668.661 9012 3040 6039
669.679 9025 3043 6050
670.681 9043 3047 6064
671.685 9038 3046 6060
672.689 9038 3046 6060
673.693 9041 3046 6062
674.697 9052 3049 6071
675.701 9060 3050 6078
676.705 9059 3050 6077
677.709 9061 3051 6078
678.713 9072 3053 6087
679.717 9073 3053 6088
680.721 9085 3056 6098
681.725 9085 3056 6097
682.73 9097 3058 6107
683.733 9100 3059 6109
684.737 9100 3059 6109
685.753 9119 3063 6124
686.753 9115 3062 6121
687.757 9116 3063 6122
688.762 9126 3065 6130
689.765 9134 3066 6136
690.769 9134 3067 6136
691.773 9145 3069 6145
692.777 9144 3069 6144
693.787 9149 3070 6148
694.789 9163 3073 6159
695.793 9166 3073 6162
696.797 9167 3074 6162
697.801 9181 3077 6174
698.805 9193 3079 6184
699.81 9190 3078 6181
700.813 9189 3079 6180
701.822 9200 3081 6189
702.826 9197 3080 6187
703.829 9198 3080 6187
704.834 9207 3082 6194
705.838 9209 3083 6195
706.842 9211 3083 6197
707.846 9227 3087 6210
708.85 9226 3086 6209
709.854 9236 3089 6217
710.858 9235 3089 6217
711.863 9239 3090 6220
712.874 9242 3090 6222
713.878 9244 3091 6223
714.882 9254 3092 6231
715.886 9253 3092 6230
716.89 9257 3093 6234
717.894 9259 3094 6235
718.898 9269 3096 6243
719.902 9273 3097 6246
720.906 9282 3099 6253
721.91 9289 3100 6259
722.914 9295 3102 6263
723.918 9305 3104 6271
724.922 9307 3104 6273
725.926 9319 3107 6283
726.93 9319 3107 6282
727.934 9326 3108 6288
728.94 9328 3109 6290
729.942 9336 3111 6296
730.946 9343 3112 6301
731.95 9347 3113 6304
732.954 9358 3115 6313
733.958 9357 3115 6313
734.962 9363 3117 6317
735.966 9367 3117 6320
736.978 9382 3121 6333
737.978 9381 3121 6332
738.982 9384 3121 6334
739.986 9393 3123 6342
740.99 9400 3124 6346
741.994 9403 3125 6349
742.998 9410 3127 6355
744.002 9416 3128 6360
745.006 9421 3129 6364
746.011 9432 3131 6372
747.014 9434 3132 6373
748.018 9447 3135 6384
749.022 9445 3134 6382
750.026 9450 3135 6386
751.03 9454 3136 6390
752.034 9454 3136 6390
753.038 9462 3138 6396
754.045 9468 3139 6400
755.046 9473 3141 6405
756.05 9477 3141 6407
757.054 9481 3142 6411
758.058 9487 3144 6416
759.067 9493 3145 6420
760.071 9499 3146 6425
761.074 9509 3148 6433
762.078 9509 3148 6433
763.082 9514 3150 6437
764.086 9519 3151 6441
765.091 9531 3153 6451
766.094 9530 3153 6450
767.098 9531 3153 6451
768.102 9542 3155 6459
769.118 9541 3155 6458
770.122 9547 3156 6463
771.126 9548 3157 6464
772.131 9553 3158 6468
773.134 9561 3160 6474
774.138 9564 3160 6477
775.142 9568 3161 6480
776.147 9578 3163 6488
777.15 9578 3163 6487
778.154 9584 3165 6492
779.161 9586 3165 6494
780.162 9598 3168 6503
781.166 9596 3167 6502
782.17 9601 3168 6506
783.176 9605 3169 6509
784.178 9611 3171 6514
785.182 9619 3172 6520
786.186 9620 3172 6521
787.191 9629 3174 6528
788.194 9630 3175 6529
789.199 9633 3175 6532
790.203 9644 3178 6540
791.206 9647 3178 6542
792.21 9646 3178 6542
793.216 9653 3180 6547
794.218 9653 3180 6547
795.223 9655 3180 6549
796.227 9659 3181 6552
797.23 9660 3181 6553
798.274 9670 3183 6560
799.275 9671 3184 6561
800.285 9676 3185 6565
801.287 9680 3185 6568
802.287 9684 3186 6572
803.291 9689 3187 6575
804.295 9692 3188 6578
805.299 9693 3189 6579
806.303 9699 3190 6583
807.307 9700 3190 6584
808.311 9704 3191 6588
809.315 9709 3192 6591
810.319 9712 3193 6594
811.323 9715 3193 6596
812.327 9724 3195 6603
813.331 9724 3195 6603
814.335 9727 3196 6606
815.342 9734 3197 6611
816.343 9734 3198 6611
817.351 9740 3199 6615
818.355 9742 3199 6617
819.362 9748 3201 6622
820.363 9749 3201 6623
821.367 9754 3202 6627
822.372 9758 3203 6630
823.379 9765 3204 6636
824.383 9767 3205 6637
825.387 9773 3206 6642
826.391 9778 3207 6646
827.402 9782 3208 6649
828.403 9787 3209 6653
829.409 9794 3211 6659
830.411 9794 3211 6658
831.416 9796 3211 6660
832.419 9805 3213 6667
833.423 9805 3213 6667
834.428 9812 3214 6673
835.431 9815 3215 6675
836.435 9818 3216 6677
837.439 9821 3216 6680
838.448 9825 3217 6684
839.451 9830 3218 6687
840.455 9836 3220 6692
841.464 9843 3221 6697
842.468 9845 3222 6699
843.471 9852 3223 6704
844.475 9853 3223 6705
845.479 9859 3225 6710
846.483 9862 3225 6712
847.487 9868 3227 6717
848.497 9873 3228 6721
849.499 9874 3228 6722
850.503 9881 3229 6727
851.507 9881 3230 6727
852.517 9886 3231 6731
853.519 9888 3231 6733
854.53 9890 3232 6735
855.531 9893 3232 6737
856.536 9896 3233 6739
857.542 9902 3234 6744
858.543 9902 3234 6744
859.555 9910 3236 6750
860.555 9909 3236 6749
861.559 9910 3236 6750
862.563 9915 3237 6754
863.567 9915 3237 6754
864.571 9918 3238 6757
865.576 9923 3239 6761
866.579 9922 3239 6760
867.591 9924 3239 6762
868.591 9928 3240 6764
869.595 9928 3240 6765
870.601 9933 3241 6769
871.604 9935 3242 6770
872.607 9940 3243 6774
873.611 9940 3243 6774
874.615 9948 3244 6780
875.619 9947 3244 6779
876.624 9947 3244 6780
877.628 9954 3246 6785
878.632 9953 3245 6784
879.636 9954 3246 6785
880.64 9962 3247 6791
881.644 9960 3247 6790
882.648 9964 3248 6793
883.652 9965 3248 6794
884.659 9971 3249 6799
885.661 9977 3251 6803
886.664 9976 3251 6803
887.668 9982 3252 6807
888.672 9981 3252 6806
889.676 9987 3253 6811
890.68 9987 3253 6811
891.684 9992 3254 6815
892.688 9993 3254 6816
893.692 9996 3255 6818
894.698 10000 3256 6821
895.7 10003 3256 6824
896.706 10007 3257 6827
897.708 10010 3258 6830
898.712 10014 3259 6833
899.716 10018 3260 6836
900.72 10020 3260 6837
901.724 10022 3261 6839
902.728 10025 3261 6842
903.732 10029 3262 6845
904.737 10031 3263 6846
905.74 10037 3264 6851
906.744 10038 3264 6852
907.748 10043 3265 6856
908.752 10047 3266 6858
909.757 10048 3266 6859
910.772 10053 3267 6863
911.776 10058 3268 6867
912.78 10058 3268 6868
913.784 10064 3269 6872
914.788 10066 3270 6874
915.793 10071 3271 6878
916.796 10073 3271 6879
917.803 10078 3273 6883
918.804 10079 3273 6884
919.808 10083 3274 6887
920.812 10084 3274 6888
921.816 10087 3274 6890
922.82 10091 3275 6893
923.825 10095 3276 6897
924.828 10097 3277 6898
925.835 10098 3277 6899
926.836 10105 3278 6905
927.844 10105 3278 6904
928.844 10110 3280 6909
929.853 10111 3280 6909
930.858 10111 3280 6910
931.86 10114 3281 6912
932.864 10117 3281 6914
933.868 10119 3282 6915
934.873 10122 3282 6918
935.878 10126 3283 6921
936.887 10128 3284 6923
937.896 10134 3285 6927
938.896 10134 3285 6928
939.9 10134 3285 6928
940.904 10140 3286 6932
941.909 10142 3287 6934
942.912 10141 3287 6933
943.921 10145 3287 6936
944.924 10145 3287 6936
945.928 10147 3288 6938
946.932 10150 3288 6940
947.936 10154 3289 6944
948.941 10157 3290 6946
949.948 10161 3291 6949
950.948 10162 3291 6949
951.953 10167 3292 6953
952.957 10166 3292 6953
953.961 10170 3293 6956
954.965 10171 3293 6956
955.969 10175 3294 6960
956.973 10174 3294 6959
957.977 10178 3295 6962
958.982 10178 3295 6962
959.985 10182 3295 6965
960.989 10182 3296 6966
961.993 10185 3296 6968
962.997 10190 3297 6972
964.008 10191 3298 6972
965.009 10193 3298 6974
966.013 10196 3299 6976
967.017 10199 3299 6979
968.021 10201 3300 6980
969.025 10205 3301 6984
970.029 10206 3301 6985
971.033 10209 3302 6987
972.037 10213 3302 6990
973.045 10215 3303 6992
974.046 10216 3303 6992
975.049 10220 3304 6996
976.053 10221 3304 6996
977.057 10226 3305 7000
978.061 10226 3305 6999
979.065 10229 3306 7002
980.069 10230 3306 7003
981.079 10231 3307 7004
982.09 10235 3307 7007
983.093 10238 3308 7010
984.097 10242 3309 7012
985.101 10244 3309 7014
986.106 10246 3310 7016
987.109 10250 3311 7019
988.113 10250 3311 7019
989.117 10255 3312 7023
990.121 10255 3312 7022
991.13 10257 3312 7024
992.134 10258 3313 7025
993.137 10261 3313 7028
994.141 10263 3314 7029
995.146 10266 3314 7032
996.149 10269 3315 7034
997.153 10272 3315 7036
998.157 10274 3316 7038
999.161 10278 3317 7041
1000.17 10281 3317 7044
1001.17 10283 3318 7045
1002.17 10286 3318 7047
1003.18 10287 3319 7048
1004.18 10289 3319 7050
1005.19 10292 3320 7052
1006.19 10294 3320 7054
1007.2 10298 3321 7057
1008.21 10300 3322 7058
1009.21 10303 3322 7061
1010.21 10304 3322 7062
1011.22 10307 3323 7064
1012.22 10309 3324 7065
1013.23 10312 3324 7068
1014.23 10313 3324 7069
1015.23 10318 3326 7073
1016.24 10318 3326 7073
1017.24 10321 3326 7075
1018.25 10324 3327 7077
1019.25 10324 3327 7078
1020.27 10329 3328 7081
1021.27 10328 3328 7081
1022.27 10333 3329 7084
1023.28 10331 3329 7083
1024.29 10333 3329 7084
1025.29 10336 3330 7087
1026.29 10336 3330 7087
1027.3 10341 3331 7091
1028.3 10340 3331 7090
1029.32 10344 3331 7093
1030.32 10344 3331 7093
1031.32 10345 3332 7094
1032.33 10347 3332 7095
1033.33 10349 3333 7097
1034.33 10351 3333 7099
1035.34 10353 3333 7100
1036.34 10355 3334 7102
1037.35 10358 3334 7104
1038.35 10358 3335 7104
1039.35 10362 3335 7107
1040.36 10361 3335 7107
1041.36 10364 3336 7109
1042.37 10365 3336 7110
1043.37 10368 3337 7112
1044.37 10371 3337 7115
1045.38 10372 3338 7116
1046.38 10377 3339 7119
1047.39 10377 3339 7119
1048.39 10382 3340 7123
1049.39 10380 3340 7122
1050.4 10383 3340 7124
1051.4 10384 3340 7124
1052.41 10386 3341 7126
1053.41 10388 3341 7127
1054.42 10391 3342 7130
1055.42 10393 3342 7131
1056.42 10396 3343 7134
1057.43 10396 3343 7134
1058.43 10399 3344 7136
1059.43 10399 3344 7136
1060.44 10403 3345 7140
1061.44 10402 3344 7139
1062.45 10403 3345 7139
1063.45 10406 3345 7142
1064.46 10408 3346 7144
1065.46 10411 3346 7146
1066.47 10412 3347 7147
1067.47 10415 3347 7149
1068.47 10417 3348 7150
1069.48 10419 3348 7152
1070.48 10419 3348 7152
1071.49 10423 3349 7155
1072.49 10423 3349 7155
1073.51 10424 3349 7156
1074.51 10425 3350 7157
1075.51 10427 3350 7158
1076.52 10430 3351 7161
1077.52 10431 3351 7162
1078.53 10434 3352 7164
1079.53 10435 3352 7164
1080.53 10437 3352 7166
1081.54 10438 3352 7167
1082.54 10441 3353 7169
1083.55 10441 3353 7170
1084.55 10444 3354 7171
1085.55 10445 3354 7173
1086.56 10446 3354 7174
1087.56 10450 3355 7177
1088.56 10450 3355 7176
1089.57 10453 3356 7179
1090.58 10454 3356 7179
1091.59 10455 3356 7181
1092.59 10458 3357 7182
1093.59 10460 3358 7185
1094.59 10462 3358 7186
1095.6 10464 3358 7187
1096.61 10466 3359 7189
1097.61 10468 3359 7190
1098.61 10472 3360 7193
1099.62 10471 3360 7193
1100.62 10474 3361 7196
1101.63 10476 3361 7197
1102.63 10477 3361 7198
1103.63 10480 3362 7200
1104.64 10480 3362 7200
1105.64 10482 3362 7201
1106.65 10484 3363 7203
1107.65 10485 3363 7204
1108.65 10487 3364 7205
1109.66 10488 3364 7206
1110.66 10490 3364 7208
1111.67 10491 3364 7209
1112.67 10495 3365 7212
1113.67 10496 3366 7212
1114.68 10497 3366 7214
1115.68 10499 3366 7215
1116.69 10499 3366 7215
1117.69 10503 3367 7218
1118.7 10502 3367 7217
1119.7 10504 3367 7219
1120.7 10504 3367 7219
1121.71 10507 3368 7221
1122.71 10506 3368 7220
1123.72 10507 3368 7221
1124.72 10509 3369 7223
1125.72 10509 3369 7223
1126.73 10511 3369 7225
1127.73 10513 3369 7226
1128.74 10516 3370 7228
1129.74 10516 3370 7228
1130.74 10518 3371 7230
1131.75 10519 3371 7231
1132.75 10521 3371 7232
1133.76 10522 3372 7233
1134.76 10523 3372 7233
1135.76 10524 3372 7234
1136.77 10525 3372 7235
1137.78 10527 3373 7237
1138.78 10527 3373 7237
1139.78 10529 3373 7238
1140.79 10529 3373 7238
1141.79 10530 3373 7239
1142.8 10533 3374 7242
1143.8 10533 3374 7242
1144.8 10534 3374 7242
1145.81 10535 3375 7243
1146.81 10537 3375 7244
1147.82 10537 3375 7245
1148.82 10539 3375 7246
1149.82 10541 3376 7247
1150.83 10541 3376 7248
1151.83 10543 3376 7249
1152.84 10545 3377 7250
1153.84 10548 3377 7253
1154.84 10547 3377 7253
1155.85 10549 3378 7253
1156.85 10549 3378 7254
1157.86 10551 3378 7255
1158.86 10553 3379 7257
1159.86 10555 3379 7258
1160.87 10556 3379 7259
1161.87 10558 3380 7261
1162.88 10561 3381 7263
1163.88 10560 3380 7263
1164.88 10563 3381 7264
1165.9 10562 3381 7264
1166.9 10565 3381 7266
1167.91 10564 3381 7266
1168.92 10566 3382 7267
1169.93 10566 3382 7267
1170.93 10570 3383 7270
1171.93 10570 3383 7270
1172.94 10572 3383 7272
1173.94 10574 3384 7273
1174.94 10574 3384 7274
1175.95 10576 3384 7275
1176.95 10577 3384 7276
1177.96 10579 3385 7277
1178.96 10581 3385 7279
1179.96 10584 3386 7281
1180.97 10583 3386 7281
1181.97 10586 3386 7282
1182.98 10588 3387 7284
1183.98 10590 3387 7286
1184.98 10590 3387 7286
1185.99 10593 3388 7288
1186.99 10592 3388 7287
1188 10593 3388 7288
1189 10595 3388 7290
1190 10598 3389 7292
1191.01 10598 3389 7292
1192.01 10599 3389 7293
1193.02 10600 3390 7294
1194.02 10603 3390 7296
1195.02 10603 3390 7296
1196.03 10606 3391 7298
1197.03 10606 3391 7299
1198.04 10607 3391 7299
1199.04 10610 3392 7301
1200.04 10610 3392 7301
1201.05 10610 3392 7301
1202.05 10612 3392 7303
1203.06 10614 3393 7305
1204.06 10614 3393 7305
1205.06 10617 3394 7307
1206.07 10616 3393 7306
1207.07 10617 3394 7307
1208.08 10618 3394 7307
1209.08 10619 3394 7308
1210.08 10619 3394 7308
1211.09 10622 3395 7311
1212.1 10621 3395 7310
1213.1 10621 3395 7310
1214.1 10623 3395 7311
1215.11 10622 3395 7311
1216.11 10624 3395 7312
1217.12 10625 3396 7313
1218.13 10627 3396 7314
1219.13 10629 3397 7316
1220.14 10628 3396 7315
1221.14 10630 3397 7317
1222.15 10630 3397 7317
1223.15 10632 3397 7318
1224.16 10633 3398 7319
1225.16 10633 3398 7319
1226.16 10634 3398 7320
1227.17 10635 3398 7320
1228.17 10635 3398 7321
1229.17 10636 3398 7321
1230.18 10635 3398 7321
1231.18 10638 3399 7323
1232.18 10637 3399 7322
1233.19 10637 3399 7322
1234.19 10638 3399 7323
1235.2 10638 3399 7322
1236.2 10639 3399 7323
1237.21 10639 3399 7324
1238.21 10641 3400 7325
1239.21 10641 3400 7325
1240.22 10642 3400 7325
1241.22 10642 3400 7326
1242.23 10644 3400 7327
1243.23 10645 3401 7328
1244.23 10646 3401 7329
1245.24 10647 3401 7329
1246.24 10649 3402 7331
1247.25 10649 3402 7331
1248.26 10651 3402 7332
1249.27 10652 3402 7334
1250.27 10654 3403 7335
1251.27 10655 3403 7336
1252.28 10656 3403 7336
1253.29 10657 3404 7337
1254.29 10659 3404 7339
1255.3 10659 3404 7339
1256.3 10661 3404 7340
1257.31 10663 3405 7342
1258.31 10662 3405 7341
1259.31 10664 3405 7342
1260.32 10664 3405 7342
1261.32 10665 3405 7343
1262.33 10666 3406 7344
1263.33 10666 3406 7344
1264.33 10667 3406 7345
1265.34 10667 3406 7345
1266.34 10668 3406 7345
1267.35 10670 3407 7347
1268.35 10670 3407 7347
1269.35 10672 3407 7349
1270.36 10672 3407 7348
1271.36 10673 3408 7349
1272.37 10673 3408 7349
1273.37 10674 3408 7350
1274.37 10674 3408 7350
1275.38 10675 3408 7351
1276.38 10676 3408 7352
1277.39 10679 3409 7354
1278.39 10679 3409 7354
1279.39 10679 3409 7354
1280.4 10680 3409 7355
1281.4 10683 3410 7357
1282.41 10683 3410 7357
1283.41 10684 3410 7358
