# timestamp	memory footprint (MB)\n
-307.772 0
-305.122 0
-267.807 0
-266.269 0
-262.328 0
-261.283 0
-260.238 0
-259.115 0
-258.041 0
-257.036 0
-256.034 0
-255.012 0
-253.269 0
-252.194 0
-251.175 0
-250.174 0
-248.088 0
-247.025 0
-245.912 0
-244.867 0
-243.576 0
-242.574 0
-241.569 0
-238.175 0
-237.168 0
-236.161 0
-235.156 0
-232.732 0
-231.73 0
-230.715 0
-229.712 0
-227.34 0
-226.334 0
-225.33 0
-222.739 0
-221.717 0
-220.713 0
-219.706 0
-218.705 0
-217.328 0
-216.318 0
-214.482 0
-213.481 0
-210.901 0
-209.897 0
-207.09 0
-206.088 0
-205.084 0
-201.295 0
-200.282 0
-199.281 0
-198.273 0
-197.273 0
-195.852 0
-194.833 0
-190.812 0
-189.802 0
-188.798 0
-187.792 0
-184.745 0
-183.736 0
-182.733 0
-181.728 0
-179.653 0
-178.645 0
-177.642 0
-176.636 0
-174.557 0
-173.554 0
-172.55 0
-171.545 0
-169.44 0
-168.425 0
-167.424 0
-166.418 0
-164.308 0
-163.3 0
-162.294 0
-161.284 0
-159.849 0
-158.834 0
-157.832 0
-153.647 0
-152.63 0
-151.627 0
-150.622 0
-146.538 0
-145.525 0
-144.519 0
-142.432 0
-141.43 0
-140.426 0
-139.423 0
-135.366 0
-134.362 0
-133.355 0
-129.24 0
-128.229 0
-127.226 0
-125.151 0
-124.147 0
-123.143 0
-120.774 0
-119.77 0
-118.766 0
-115.182 0
-114.182 0
-113.177 0
-112.173 0
-111.155 0
-107.246 0
-106.24 0
-105.237 0
-103.09 0
-102.089 0
-101.077 0
-98.0611 0
-97.0563 0
-96.0463 0
-92.9919 0
-91.9891 0
-90.9849 0
-88.9152 0
-87.9114 0
-85.2084 0
-84.2044 0
-83.2008 0
-81.4416 0
-77.44 0
-76.43 0
-75.4262 0
-73.8931 0
-72.8923 0
-71.887 0
-68.3011 0
-67.3 0
-66.2911 0
-65.2883 0
-64.2705 0
-60.3356 0
-59.3321 0
-58.3278 0
-57.3155 0
-54.1391 0
-53.1348 0
-52.1317 0
-49.9964 0
-48.9948 0
-47.9885 0
-46.9849 0
-43.2156 0
-42.2064 0
-41.2028 0
-39.377 0
-35.2776 0
-34.2708 0
-33.0323 0
-29.0145 0
-28.0104 0
-27.0057 0
-24.8749 0
-23.8713 0
-22.866 0
-19.8093 0
-18.801 0
-17.7947 0
-15.9517 0
-14.9478 0
-13.946 0
-12.9419 0
-11.9383 0
-10.935 0
-9.37247 0
-8.37082 0
-7.36682 0
-6.36286 0
-5.35884 0
-4.26125 0
-2.372 0
-1.37061 0
-0.366699 0
7.40391 0
8.40545 0
9.40947 0
10.4153 0
11.4176 0
12.4215 0
13.4256 0
14.4296 0
15.4336 0
16.4376 0
17.4416 0
18.4457 0
19.4497 0
20.4537 0
21.4583 0
22.4618 0
23.4658 0
24.4698 0
25.4738 0
26.4778 0
27.4819 0
28.4859 0
29.4899 0
30.4939 0
31.4981 0
32.5019 0
33.506 0
34.51 0
35.514 0
36.518 0
37.5221 0
38.5614 0
39.5621 0
40.5664 0
41.5701 0
42.5742 0
43.5782 0
44.5822 0
45.5862 0
46.5903 0
47.5943 0
48.5983 0
49.6023 0
50.6063 0
51.6103 0
52.6144 0
53.6184 0
54.6227 0
55.6264 0
56.6305 0
57.6345 0
58.6426 0
59.6465 0
60.6721 0
61.6705 0
62.7021 0
63.7026 0
64.7107 0
65.7146 0
66.7186 0
67.7267 0
68.7307 0
69.7347 0
70.7468 0
71.7508 0
72.7548 0
73.7588 0
74.7628 0
75.7668 0
76.7749 0
77.7789 0
78.7834 0
79.787 0
80.799 0
81.803 0
82.807 0
83.8113 0
84.815 0
85.819 0
86.8231 0
87.8271 0
88.8311 0
89.8351 0
90.8391 0
91.8431 0
92.8472 0
93.8512 0
94.8552 0
95.8592 0
96.864 0
97.8673 0
98.8713 0
99.8753 0
100.879 0
101.883 0
102.887 0
103.892 0
104.895 0
105.899 0
106.904 0
107.907 0
108.911 0
109.916 0
110.92 0
111.924 0
112.928 0
113.932 0
114.936 0
115.94 0
116.944 0
117.948 0
118.952 0
119.956 0
120.96 0
121.964 0
122.968 0
123.972 0
124.976 0
125.98 0
126.984 0
127.988 0
128.992 0
129.996 0
131.004 0
132.004 0
133.008 0
134.014 0
135.016 0
136.02 0
137.024 0
138.028 0
139.032 0
140.036 0
141.04 0
142.044 0
143.05 0
144.052 0
145.056 0
146.06 0
147.064 0
148.068 0
149.072 0
150.077 0
151.081 0
152.084 0
153.088 0
154.092 0
155.096 0
156.1 0
157.104 0
158.108 0
159.112 0
160.116 0
161.12 0
162.125 0
163.129 0
164.133 0
165.137 0
166.141 0
167.145 0
168.149 0
169.153 0
170.157 0
171.161 0
172.165 0
173.169 0
174.173 0
175.177 0
176.181 0
177.185 0
178.189 0
179.193 0
180.197 0
181.201 0
182.205 0
183.209 0
184.213 0
185.217 0
186.221 0
187.225 0
188.229 0
189.233 0
190.237 0
191.241 0
192.245 0
193.249 0
194.253 0
195.257 0
196.261 0
197.265 0
198.27 0
199.273 0
200.277 0
201.281 0
202.286 0
203.289 0
204.293 0
205.297 0
206.301 0
207.305 0
208.333 0
209.333 0
210.337 0
211.354 0
212.358 0
213.362 0
214.365 0
215.37 0
216.374 0
217.378 0
218.382 0
219.386 0
220.39 0
221.394 0
222.4 0
223.402 0
224.406 0
225.41 0
226.414 0
227.418 0
228.422 0
229.426 0
230.43 0
231.434 0
232.438 0
233.442 0
234.446 0
235.45 0
236.454 0
237.458 0
238.462 0
239.466 0
240.47 0
241.474 0
242.478 0
243.482 0
244.486 0
245.491 0
246.496 0
247.498 0
248.505 0
249.506 0
250.51 0
251.514 0
252.518 0
253.522 0
254.527 0
255.53 0
256.534 0
257.554 0
258.558 0
259.562 0
260.566 0
261.57 0
262.574 0
263.578 0
264.582 0
265.6 0
266.602 0
267.607 0
268.611 0
269.615 0
270.615 0
271.619 0
272.623 0
273.627 0
274.631 0
275.635 0
276.639 0
277.643 0
278.647 0
279.651 0
280.655 0
281.659 0
282.663 0
283.667 0
284.671 0
285.675 0
286.679 0
287.683 0
288.687 0
289.691 0
290.707 0
291.711 0
292.715 0
293.72 0
294.723 0
295.727 0
296.731 0
297.735 0
298.739 0
299.743 0
300.747 0
301.751 0
302.756 0
303.759 0
304.763 0
305.767 0
306.771 0
307.775 0
308.779 0
309.783 0
310.787 0
311.791 0
312.795 0
313.799 0
314.803 0
315.808 0
316.812 0
317.816 0
318.819 0
319.823 0
320.829 0
321.84 0
322.852 0
323.856 0
324.86 0
325.864 0
326.868 0
327.872 0
328.876 0
329.88 0
330.884 0
331.888 0
332.892 0
333.896 0
334.9 0
335.904 0
336.908 0
337.912 0
338.916 0
339.92 0
340.924 0
341.928 0
342.932 0
343.939 0
344.94 0
345.944 0
346.949 0
347.952 0
348.956 0
349.96 0
350.964 0
351.968 0
352.972 0
353.976 0
354.981 0
355.984 0
356.988 0
357.993 0
358.996 0
360 0
361.004 0
362.008 0
363.012 0
364.016 0
365.02 0
366.025 0
367.028 0
368.032 0
369.036 0
370.04 0
371.044 0
372.048 0
373.052 1
374.058 0
375.061 0
376.065 0
377.069 0
378.073 0
379.077 0
380.081 0
381.086 0
382.089 0
383.093 0
384.097 0
385.101 0
386.105 0
387.109 0
388.113 0
389.117 1
390.121 0
391.125 3
392.129 0
393.133 0
394.137 0
395.141 2
396.145 0
397.149 0
398.153 3
399.157 0
400.161 0
401.165 0
402.169 2
403.173 0
404.177 2
405.181 0
406.185 0
407.189 0
408.193 4
409.197 9
410.201 5
411.205 0
412.209 0
413.213 0
414.217 0
415.221 0
416.225 0
417.232 0
418.233 6
419.237 14
420.241 23
421.245 12
422.249 8
423.253 5
424.257 0
425.261 0
426.265 0
427.27 0
428.274 0
429.278 1
430.282 0
431.286 0
432.291 0
433.294 1
434.298 0
435.302 2
436.306 0
437.31 0
438.319 0
439.322 5
440.333 15
441.334 8
442.338 8
443.342 0
444.346 0
445.35 0
446.354 0
447.358 0
448.362 0
449.366 0
450.37 0
451.374 2
452.378 12
453.383 21
454.386 29
455.39 18
456.395 15
457.398 10
458.402 7
459.407 1
460.41 0
461.414 0
462.418 0
463.422 0
464.426 0
465.43 0
466.435 0
467.438 0
468.442 0
469.447 1
470.45 0
471.454 0
472.459 0
473.464 5
474.467 15
475.471 24
476.482 28
477.483 19
478.487 11
479.492 7
480.495 3
481.499 0
482.499 0
483.505 0
484.507 0
485.515 0
486.519 0
487.527 0
488.531 0
489.536 1
490.543 0
491.547 0
492.551 0
493.555 8
494.567 16
495.567 11
496.572 6
497.582 1
498.583 0
499.587 0
500.591 0
501.595 0
502.61 2
503.627 0
504.631 0
505.635 0
506.639 7
507.643 2
508.647 0
509.651 0
510.666 6
511.667 1
512.671 0
513.676 0
514.679 6
515.683 13
516.687 3
517.691 0
518.695 0
519.699 0
520.704 0
521.708 5
522.711 4
523.715 0
524.719 0
525.723 0
526.727 3
527.732 0
528.736 0
529.74 1
530.743 0
531.748 0
532.751 0
533.756 1
534.76 0
535.764 1
536.768 1
537.781 4
538.785 0
539.801 5
540.804 0
541.808 0
542.812 0
543.818 0
544.82 0
545.824 4
546.828 0
547.832 0
548.839 5
549.84 0
550.844 0
551.848 4
552.852 0
553.856 0
554.86 3
555.864 1
556.868 0
557.872 4
558.876 11
559.88 1
560.884 0
561.888 0
562.892 0
563.896 2
564.9 1
565.904 0
566.913 3
567.916 0
568.92 0
569.924 7
570.928 0
571.934 0
572.936 0
573.94 0
574.967 7
575.968 4
576.972 0
577.976 0
578.98 0
579.986 6
580.988 2
581.992 0
582.997 0
584.005 0
585.01 5
586.132 12
587.134 1
588.137 0
589.141 0
590.145 0
591.149 0
592.189 0
593.193 0
594.23 4
595.233 12
596.237 2
597.241 0
598.249 0
599.249 0
600.27 3
601.274 0
602.277 2
603.282 7
604.285 0
605.289 0
606.3 1
607.303 0
608.305 1
609.312 3
610.313 0
611.317 1
612.321 3
613.325 0
614.329 0
615.333 2
616.337 0
617.341 0
618.346 2
619.349 0
620.353 0
621.357 0
622.362 2
623.365 0
624.369 4
625.373 0
626.424 2
627.43 0
628.433 0
629.445 0
630.45 4
631.453 0
632.457 1
633.465 0
634.465 0
635.47 2
636.473 0
637.478 3
638.481 0
639.5 5
640.501 0
641.505 0
642.509 0
643.518 1
644.521 0
645.569 3
646.569 0
647.574 3
648.577 0
649.581 0
650.585 1
651.589 1
652.593 0
653.597 0
654.601 1
655.605 0
656.609 0
657.613 2
658.622 0
659.626 1
660.629 0
661.633 0
662.637 0
663.641 4
664.647 2
665.649 0
666.653 0
667.657 4
668.661 0
669.679 3
670.681 9
671.685 0
672.689 0
673.693 0
674.697 3
675.701 4
676.705 0
677.709 0
678.713 0
679.717 0
680.721 2
681.725 0
682.73 3
683.733 0
684.737 0
685.753 5
686.753 0
687.757 0
688.762 3
689.765 0
690.769 0
691.774 2
692.777 0
693.787 0
694.789 4
695.793 0
696.797 0
697.801 5
698.805 2
699.81 0
700.813 0
701.822 4
702.826 0
703.829 0
704.834 2
705.838 0
706.842 0
707.846 5
708.85 0
709.854 4
710.858 0
711.863 2
712.874 0
713.878 0
714.882 1
715.886 0
716.89 0
717.894 0
718.898 0
719.902 0
720.906 0
721.91 0
722.914 0
723.918 0
724.922 0
725.926 0
726.93 0
727.934 2
728.94 0
729.942 0
730.946 2
731.95 0
732.954 1
733.958 0
734.962 0
735.966 0
736.978 2
737.978 0
738.982 0
739.986 0
740.99 1
741.994 0
742.998 0
744.002 1
745.006 0
746.011 1
747.014 0
748.018 5
749.022 0
750.026 2
751.03 0
752.034 0
753.038 0
754.045 2
755.046 2
756.05 0
757.054 1
758.058 1
759.067 1
760.071 1
761.074 4
762.078 0
763.082 1
764.086 0
765.091 5
766.094 0
767.098 0
768.102 0
769.118 0
770.122 0
771.126 0
772.131 1
773.134 0
774.138 0
775.142 0
776.147 0
777.15 0
778.154 0
779.161 0
780.162 1
781.166 0
782.17 0
783.176 1
784.178 0
785.182 3
786.186 0
787.191 2
788.194 0
789.199 0
790.203 4
791.206 0
792.21 0
793.216 3
794.218 0
795.223 1
796.227 0
797.23 0
798.274 3
799.275 0
800.285 1
801.287 1
802.287 0
803.291 2
804.295 0
805.299 0
806.303 0
807.307 0
808.311 1
809.315 0
810.319 0
811.323 0
812.327 1
813.331 0
814.335 1
815.342 0
816.343 0
817.351 0
818.355 0
819.362 0
820.363 0
821.367 0
822.372 0
823.379 0
824.383 0
825.387 0
826.391 1
827.402 0
828.403 0
829.409 3
830.411 0
831.416 0
832.419 0
833.423 0
834.428 1
835.431 0
836.435 1
837.439 1
838.448 1
839.451 1
840.455 0
841.464 0
842.468 0
843.471 0
844.475 0
845.479 1
846.483 0
847.487 2
848.497 2
849.499 0
850.503 3
851.507 0
852.517 2
853.519 0
854.53 1
855.531 0
856.536 1
857.542 1
858.543 0
859.555 4
860.555 0
861.559 0
862.563 0
863.567 1
864.571 2
865.576 0
866.579 0
867.591 1
868.591 0
869.595 0
870.601 0
871.604 0
872.607 0
873.611 0
874.615 1
875.619 0
876.624 0
877.628 2
878.632 0
879.636 0
880.64 2
881.644 0
882.648 0
883.652 0
884.659 0
885.661 3
886.664 0
887.668 3
888.672 0
889.676 2
890.68 0
891.684 2
892.688 0
893.692 0
894.698 1
895.7 1
896.706 0
897.708 0
898.712 0
899.716 1
900.72 0
901.724 1
902.728 0
903.732 0
904.737 0
905.74 0
906.744 0
907.748 0
908.752 0
909.757 0
910.772 0
911.776 0
912.78 0
913.784 1
914.788 0
915.793 0
916.796 0
917.803 2
918.804 0
919.808 2
920.812 0
921.816 0
922.82 0
923.825 1
924.828 0
925.835 0
926.836 4
927.844 0
928.844 3
929.853 0
930.858 0
931.86 0
932.864 1
933.868 0
934.873 0
935.878 2
936.887 1
937.896 3
938.896 0
939.9 0
940.904 3
941.909 0
942.912 0
943.921 0
944.924 0
945.928 1
946.932 0
947.937 0
948.941 0
949.948 0
950.949 0
951.953 0
952.957 0
953.961 0
954.965 0
955.969 0
956.973 0
957.977 0
958.982 0
959.985 0
960.989 0
961.993 0
962.997 1
964.008 0
965.009 0
966.013 0
967.017 1
968.021 0
969.025 0
970.029 1
971.033 0
972.037 2
973.045 2
974.046 0
975.049 2
976.053 0
977.057 1
978.061 0
979.065 1
980.069 0
981.079 0
982.09 1
983.093 1
984.097 1
985.101 0
986.106 1
987.109 0
988.113 0
989.117 0
990.121 0
991.13 0
992.134 1
993.137 0
994.141 0
995.146 0
996.149 0
997.153 0
998.157 0
999.161 0
1000.17 0
1001.17 0
1002.17 0
1003.18 1
1004.18 1
1005.19 0
1006.19 0
1007.2 2
1008.21 0
1009.21 0
1010.21 0
1011.22 0
1012.22 0
1013.23 1
1014.23 0
1015.23 0
1016.24 0
1017.24 1
1018.25 1
1019.25 1
1020.27 3
1021.27 0
1022.27 1
1023.28 0
1024.29 0
1025.29 2
1026.29 0
1027.3 1
1028.3 0
1029.32 3
1030.32 1
1031.32 1
1032.33 0
1033.33 0
1034.33 0
1035.34 0
1036.34 0
1037.35 0
1038.35 0
1039.35 0
1040.36 0
1041.36 0
1042.37 0
1043.37 1
1044.37 0
1045.38 0
1046.38 0
1047.39 0
1048.39 3
1049.39 0
1050.4 1
1051.4 0
1052.41 0
1053.41 0
1054.42 2
1055.42 0
1056.42 3
1057.43 0
1058.43 2
1059.43 0
1060.44 1
1061.44 0
1062.45 1
1063.45 0
1064.46 0
1065.46 2
1066.47 0
1067.47 2
1068.47 1
1069.48 0
1070.48 0
1071.49 3
1072.49 1
1073.51 0
1074.51 0
1075.51 1
1076.52 0
1077.52 0
1078.53 0
1079.53 0
1080.53 0
1081.54 0
1082.54 0
1083.55 0
1084.55 0
1085.55 0
1086.56 0
1087.56 0
1088.56 0
1089.57 0
1090.58 0
1091.59 0
1092.59 1
1093.59 1
1094.59 1
1095.6 0
1096.61 1
1097.61 0
1098.61 0
1099.62 0
1100.62 2
1101.63 1
1102.63 0
1103.63 2
1104.64 0
1105.64 0
1106.65 1
1107.65 0
1108.65 0
1109.66 0
1110.66 0
1111.67 0
1112.67 2
1113.67 0
1114.68 1
1115.68 0
1116.69 0
1117.69 1
1118.7 0
1119.7 0
1120.7 0
1121.71 1
1122.71 0
1123.72 0
1124.72 0
1125.72 0
1126.73 0
1127.73 0
1128.74 1
1129.74 0
1130.74 2
1131.75 1
1132.75 1
1133.76 2
1134.76 0
1135.76 1
1136.77 0
1137.78 2
1138.78 0
1139.78 2
1140.79 0
1141.79 0
1142.8 2
1143.8 0
1144.8 0
1145.81 1
1146.81 1
1147.82 0
1148.82 0
1149.82 0
1150.83 0
1151.83 0
1152.84 0
1153.84 2
1154.84 0
1155.85 0
1156.85 0
1157.86 0
1158.86 0
1159.86 0
1160.87 0
1161.87 0
1162.88 0
1163.88 0
1164.88 0
1165.9 0
1166.9 0
1167.91 0
1168.92 0
1169.93 0
1170.93 0
1171.93 0
1172.94 0
1173.94 0
1174.94 0
1175.95 0
1176.95 0
1177.96 0
1178.96 0
1179.96 1
1180.97 0
1181.97 0
1182.98 0
1183.98 2
1184.98 0
1185.99 1
1186.99 0
1188 1
1189 1
1190 2
1191.01 0
1192.01 1
1193.02 0
1194.02 2
1195.02 0
1196.03 0
1197.03 0
1198.04 0
1199.04 1
1200.04 0
1201.05 0
1202.05 0
1203.06 0
1204.06 0
1205.06 0
1206.07 0
1207.07 0
1208.08 0
1209.08 0
1210.08 0
1211.09 0
1212.1 0
1213.1 0
1214.1 0
1215.11 0
1216.11 0
1217.12 1
1218.13 0
1219.13 2
1220.14 0
1221.14 2
1222.15 0
1223.15 3
1224.16 1
1225.16 1
1226.16 2
1227.17 0
1228.17 1
1229.17 0
1230.18 0
1231.18 0
1232.18 0
1233.19 1
1234.19 0
1235.2 0
1236.2 0
1237.21 1
1238.21 0
1239.21 1
1240.22 1
1241.22 0
1242.23 0
1243.23 0
1244.23 0
1245.24 0
1246.24 0
1247.25 0
1248.26 0
1249.27 0
1250.27 0
1251.27 1
1252.28 0
1253.29 0
1254.29 0
1255.3 0
1256.3 0
1257.31 3
1258.31 0
1259.31 0
1260.32 0
1261.32 0
1262.33 0
1263.33 0
1264.33 0
1265.34 1
1266.34 0
1267.35 1
1268.35 0
1269.35 2
1270.36 0
1271.36 2
1272.37 0
1273.37 1
1274.37 0
1275.38 0
1276.38 0
1277.39 2
1278.39 0
1279.39 0
1280.4 0
1281.4 2
1282.41 0
