# timestamp	command count (MB)\n
-307.772 0
-305.122 0
-267.807 0
-266.269 0
-262.328 0
-261.283 0
-260.238 0
-259.115 0
-258.041 0
-257.036 0
-256.034 0
-255.012 0
-253.269 0
-252.194 0
-251.175 0
-250.174 0
-248.088 0
-247.025 0
-245.912 0
-244.867 0
-243.576 0
-242.574 0
-241.569 0
-238.175 0
-237.168 0
-236.161 0
-235.156 0
-232.732 0
-231.73 0
-230.715 0
-229.712 0
-227.34 0
-226.334 0
-225.33 0
-222.739 0
-221.717 0
-220.713 0
-219.706 0
-218.705 0
-217.328 0
-216.318 0
-214.482 0
-213.481 0
-210.901 0
-209.897 0
-207.09 0
-206.088 0
-205.084 0
-201.295 0
-200.282 0
-199.281 0
-198.273 0
-197.273 0
-195.852 0
-194.833 0
-190.812 0
-189.802 0
-188.798 0
-187.792 0
-184.745 0
-183.736 0
-182.733 0
-181.728 0
-179.653 0
-178.645 0
-177.642 0
-176.636 0
-174.558 0
-173.554 0
-172.55 0
-171.545 0
-169.44 0
-168.425 0
-167.424 0
-166.418 0
-164.308 0
-163.3 0
-162.294 0
-161.284 0
-159.849 0
-158.834 0
-157.832 0
-153.647 0
-152.63 0
-151.627 0
-150.622 0
-146.538 0
-145.525 0
-144.519 0
-142.432 0
-141.43 0
-140.426 0
-139.423 0
-135.366 0
-134.362 0
-133.355 0
-129.24 0
-128.229 0
-127.226 0
-125.151 0
-124.147 0
-123.143 0
-120.774 0
-119.77 0
-118.766 0
-115.182 0
-114.182 0
-113.177 0
-112.173 0
-111.155 0
-107.246 0
-106.24 0
-105.237 0
-103.09 0
-102.089 0
-101.077 0
-98.0611 0
-97.0563 0
-96.0463 0
-92.9919 0
-91.9891 0
-90.9849 0
-88.9152 0
-87.9114 0
-85.2084 0
-84.2044 0
-83.2008 0
-81.4416 0
-77.4401 0
-76.43 0
-75.4262 0
-73.8931 0
-72.8923 0
-71.887 0
-68.3011 0
-67.3 0
-66.2911 0
-65.2883 0
-64.2705 0
-60.3356 0
-59.3321 0
-58.3278 0
-57.3155 0
-54.1391 0
-53.1348 0
-52.1317 0
-49.9964 0
-48.9948 0
-47.9885 0
-46.9849 0
-43.2156 0
-42.2064 0
-41.2028 0
-39.377 0
-35.2776 0
-34.2709 0
-33.0323 0
-29.0145 0
-28.0104 0
-27.0058 0
-24.8749 0
-23.8713 0
-22.866 0
-19.8093 0
-18.801 0
-17.7948 0
-15.9517 0
-14.9478 0
-13.946 0
-12.942 0
-11.9383 0
-10.935 0
-9.37247 0
-8.37082 0
-7.36682 0
-6.36286 0
-5.35884 0
-4.26125 0
-2.372 0
-1.37061 0
-0.366702 0
7.40391 0
8.40544 0
9.40946 0
10.4153 0
11.4176 0
12.4215 0
13.4255 0
14.4296 0
15.4336 0
16.4376 0
17.4416 0
18.4457 0
19.4497 0
20.4537 0
21.4583 0
22.4618 0
23.4658 0
24.4698 0
25.4738 0
26.4778 0
27.4819 0
28.4859 0
29.4899 0
30.4939 0
31.4981 0
32.5019 0
33.506 0
34.51 0
35.514 0
36.518 0
37.522 0
38.5614 0
39.5621 0
40.5664 0
41.5701 0
42.5742 0
43.5782 0
44.5822 0
45.5862 0
46.5903 0
47.5943 0
48.5983 0
49.6023 0
50.6063 0
51.6103 0
52.6144 0
53.6184 0
54.6227 0
55.6264 0
56.6305 0
57.6345 0
58.6426 0
59.6465 0
60.6721 0
61.6705 0
62.7021 0
63.7026 0
64.7107 0
65.7146 0
66.7186 0
67.7267 0
68.7307 0
69.7347 0
70.7468 0
71.7508 0
72.7548 0
73.7588 0
74.7628 0
75.7668 0
76.7749 0
77.7789 0
78.7833 0
79.787 0
80.799 0
81.803 0
82.807 0
83.8113 1
84.815 0
85.819 1
86.8231 0
87.8271 1
88.8311 1
89.8351 2
90.8391 3
91.8431 8
92.8472 15
93.8512 19
94.8552 6
95.8592 23
96.864 41
97.8673 65
98.8713 72
99.8753 81
100.879 74
101.883 81
102.887 98
103.892 84
104.895 82
105.899 94
106.904 83
107.907 101
108.911 108
109.916 105
110.92 108
111.924 100
112.928 109
113.932 119
114.936 117
115.94 112
116.944 108
117.948 110
118.952 128
119.956 114
120.96 121
121.964 120
122.968 108
123.972 128
124.976 118
125.98 107
126.984 112
127.988 135
128.992 106
129.996 118
131.004 105
132.004 124
133.008 130
134.014 122
135.016 118
136.02 124
137.024 120
138.028 118
139.032 122
140.036 132
141.04 115
142.044 124
143.05 119
144.052 125
145.056 108
146.06 122
147.064 117
148.068 129
149.072 132
150.077 121
151.081 121
152.084 117
153.088 118
154.092 140
155.096 111
156.1 121
157.104 135
158.108 122
159.112 120
160.116 131
161.12 110
162.125 138
163.129 118
164.133 136
165.137 128
166.141 128
167.145 137
168.149 120
169.153 114
170.157 132
171.161 127
172.165 117
173.169 129
174.173 120
175.177 135
176.181 133
177.185 140
178.189 116
179.193 123
180.197 132
181.201 130
182.205 126
183.209 135
184.213 128
185.217 123
186.221 135
187.225 129
188.229 113
189.233 126
190.237 125
191.241 141
192.245 117
193.249 127
194.253 141
195.257 139
196.261 124
197.265 126
198.27 135
199.273 129
200.277 123
201.281 143
202.286 130
203.289 125
204.293 141
205.297 118
206.301 127
207.305 142
208.333 149
209.333 128
210.337 127
211.354 126
212.358 142
213.362 130
214.365 133
215.37 137
216.374 124
217.378 133
218.382 134
219.386 139
220.39 128
221.394 125
222.4 147
223.402 144
224.406 129
225.41 128
226.414 154
227.418 133
228.422 152
229.426 139
230.43 138
231.434 140
232.438 120
233.442 159
234.446 122
235.45 131
236.454 149
237.458 144
238.462 113
239.466 149
240.47 146
241.474 122
242.478 142
243.482 141
244.486 134
245.491 148
246.496 121
247.498 132
248.505 151
249.506 134
250.51 144
251.514 149
252.518 144
253.522 134
254.527 150
255.53 145
256.534 143
257.554 146
258.558 149
259.562 146
260.566 149
261.57 139
262.574 153
263.578 155
264.582 133
265.6 144
266.602 148
267.607 140
268.611 147
269.615 139
270.615 156
271.619 149
272.623 128
273.627 145
274.631 155
275.635 129
276.639 142
277.643 137
278.647 147
279.651 126
280.655 148
281.659 136
282.663 152
283.667 153
284.671 149
285.675 147
286.679 158
287.683 141
288.687 143
289.691 154
290.707 152
291.711 147
292.715 145
293.72 157
294.723 160
295.727 139
296.731 143
297.735 157
298.739 140
299.743 168
300.747 135
301.751 160
302.756 153
303.759 169
304.763 142
305.767 144
306.771 159
307.775 166
308.779 153
309.783 156
310.787 153
311.791 149
312.795 163
313.799 165
314.803 160
315.808 156
316.812 173
317.816 162
318.819 163
319.823 153
320.829 170
321.84 135
322.852 180
323.856 160
324.86 153
325.864 168
326.868 166
327.872 166
328.876 173
329.88 163
330.884 162
331.888 175
332.892 170
333.896 173
334.9 200
335.904 166
336.908 178
337.912 187
338.916 195
339.92 170
340.924 198
341.928 196
342.932 213
343.939 166
344.94 195
345.944 200
346.949 206
347.952 184
348.956 219
349.96 179
350.964 210
351.968 210
352.972 229
353.976 180
354.981 209
355.984 232
356.988 184
357.993 237
358.996 177
360 258
361.004 221
362.008 211
363.012 213
364.016 250
365.02 230
366.025 248
367.028 210
368.032 258
369.036 246
370.04 270
371.044 298
372.048 184
373.052 300
374.058 221
375.061 231
376.065 268
377.069 256
378.073 283
379.077 253
380.081 298
381.086 215
382.089 271
383.093 235
384.097 486
385.101 78
386.105 206
387.109 255
388.113 319
389.117 321
390.121 230
391.125 498
392.129 107
393.133 185
394.137 278
395.141 496
396.145 87
397.149 208
398.153 546
399.157 218
400.161 175
401.165 291
402.169 557
403.173 174
404.177 513
405.181 264
406.185 219
407.189 377
408.193 782
409.197 799
410.201 132
411.205 193
412.209 66
413.213 212
414.217 228
415.221 326
416.225 563
417.232 216
418.233 973
419.237 1126
420.241 0
421.245 156
422.249 484
423.253 659
424.257 148
425.261 3
426.265 40
427.27 112
428.274 166
429.278 255
430.282 218
431.286 184
432.291 288
433.294 335
434.298 323
435.302 727
436.306 142
437.31 303
438.319 289
439.322 846
440.333 1224
441.334 98
442.338 655
443.342 18
444.346 17
445.35 124
446.354 168
447.358 233
448.362 264
449.366 275
450.37 457
451.374 550
452.378 1403
453.383 241
454.386 0
455.39 225
456.395 591
457.398 930
458.402 560
459.407 4
460.41 2
461.414 15
462.418 82
463.422 115
464.426 182
465.43 244
466.435 212
467.438 259
468.442 241
469.447 444
470.45 425
471.454 236
472.459 293
473.464 968
474.467 1200
475.471 0
476.482 0
477.483 425
478.487 454
479.492 732
480.495 724
481.499 9
482.499 75
483.505 132
484.507 157
485.515 226
486.519 220
487.527 289
488.531 221
489.536 449
490.543 492
491.547 197
492.551 324
493.555 1280
494.567 834
495.567 509
496.572 29
497.582 27
498.583 75
499.587 173
500.591 233
501.595 278
502.61 925
503.627 78
504.631 261
505.635 375
506.639 1130
507.643 274
508.647 152
509.651 297
510.666 1027
511.667 205
512.671 169
513.676 321
514.679 994
515.683 1068
516.687 22
517.691 110
518.695 205
519.699 264
520.704 304
521.708 940
522.711 452
523.715 131
524.719 276
525.723 299
526.727 758
527.732 595
528.736 202
529.74 395
530.743 653
531.748 240
532.751 480
533.756 515
534.76 456
535.764 605
536.768 563
537.781 760
538.785 216
539.801 892
540.804 403
541.808 326
542.812 621
543.818 293
544.82 562
545.824 875
546.828 449
547.832 378
548.839 879
549.84 309
550.844 253
551.848 738
552.852 284
553.856 283
554.86 704
555.864 466
556.868 260
557.872 790
558.876 1046
559.88 37
560.884 194
561.888 228
562.892 403
563.896 630
564.9 564
565.904 167
566.913 709
567.916 269
568.92 285
569.924 1157
570.928 453
571.934 154
572.936 254
573.94 299
574.967 1168
575.968 335
576.972 143
577.976 252
578.98 314
579.986 993
580.988 645
581.992 67
582.997 272
584.005 289
585.01 866
586.132 1072
587.134 233
588.137 124
589.141 241
590.145 255
591.149 397
592.189 582
593.193 217
594.23 813
595.233 1164
596.237 217
597.241 101
598.249 207
599.249 238
600.27 609
601.274 270
602.277 560
603.282 842
604.285 61
605.289 260
606.3 405
607.303 553
608.305 328
609.312 729
610.313 186
611.317 348
612.321 1040
613.325 89
614.329 276
615.333 766
616.337 149
617.341 278
618.346 664
619.349 274
620.353 594
621.357 371
622.362 595
623.365 455
624.369 794
625.373 229
626.424 557
627.43 320
628.433 364
629.445 600
630.45 714
631.453 319
632.457 497
633.465 346
634.465 526
635.47 679
636.473 426
637.478 772
638.481 368
639.5 840
640.501 242
641.505 281
642.509 477
643.518 663
644.521 454
645.569 672
646.569 318
647.574 702
648.577 563
649.581 164
650.585 399
651.589 641
652.593 177
653.597 375
654.601 675
655.605 370
656.609 542
657.613 552
658.622 387
659.626 705
660.629 418
661.633 339
662.637 538
663.641 821
664.647 498
665.649 399
666.653 348
667.657 766
668.661 286
669.679 731
670.681 791
671.685 86
672.689 247
673.693 371
674.697 657
675.701 548
676.705 197
677.709 290
678.713 698
679.717 258
680.721 721
681.725 204
682.73 749
683.733 304
684.737 233
685.753 934
686.753 123
687.757 262
688.762 684
689.765 487
690.769 261
691.774 674
692.777 222
693.787 404
694.789 775
695.793 349
696.797 306
697.801 779
698.805 713
699.81 133
700.813 244
701.822 737
702.826 133
703.829 267
704.834 628
705.838 300
706.842 311
707.846 916
708.85 166
709.854 710
710.858 199
711.863 432
712.874 371
713.878 323
714.882 654
715.886 217
716.89 469
717.894 319
718.898 612
719.902 425
720.906 568
721.91 495
722.914 484
723.918 665
724.922 315
725.926 726
726.93 223
727.934 569
728.94 350
729.942 587
730.946 509
731.95 386
732.954 724
733.958 239
734.962 513
735.966 326
736.978 910
737.978 231
738.982 358
739.986 662
740.99 527
741.994 336
742.998 576
744.002 509
745.006 464
746.011 663
747.014 308
748.018 837
749.022 200
750.026 462
751.03 442
752.034 262
753.038 576
754.045 504
755.046 476
756.05 455
757.054 428
758.058 501
759.067 505
760.071 551
761.074 679
762.078 242
763.082 539
764.086 441
765.091 824
766.094 193
767.098 309
768.102 763
769.118 174
770.122 577
771.126 330
772.131 487
773.134 583
774.138 453
775.142 395
776.147 728
777.15 242
778.154 498
779.161 344
780.162 796
781.166 206
782.17 479
783.176 410
784.178 555
785.182 645
786.186 287
787.191 705
788.194 294
789.199 449
790.203 809
791.206 375
792.21 272
793.216 620
794.218 255
795.223 385
796.227 460
797.23 298
798.274 751
799.275 294
800.285 549
801.287 425
802.287 487
803.291 503
804.295 399
805.299 349
806.303 526
807.307 349
808.311 469
809.315 469
810.319 423
811.323 451
812.327 727
813.331 244
814.335 414
815.342 611
816.343 268
817.351 533
818.355 392
819.362 570
820.363 283
821.367 530
822.372 468
823.379 615
824.383 338
825.387 558
826.391 517
827.402 441
828.403 511
829.409 676
830.411 265
831.416 361
832.419 684
833.423 345
834.428 591
835.431 429
836.435 460
837.439 430
838.448 466
839.451 480
840.455 547
841.464 636
842.468 367
843.471 572
844.475 392
845.479 591
846.483 350
847.487 579
848.497 559
849.499 323
850.503 638
851.507 270
852.517 569
853.519 370
854.53 392
855.531 485
856.536 393
857.542 648
858.543 257
859.555 758
860.555 159
861.559 375
862.563 649
863.567 276
864.571 497
865.576 522
866.579 255
867.591 423
868.591 427
869.595 307
870.601 565
871.604 360
872.607 549
873.611 288
874.615 749
875.619 221
876.624 343
877.628 681
878.632 207
879.636 360
880.64 752
881.644 232
882.648 486
883.652 337
884.659 606
885.661 634
886.664 244
887.668 593
888.672 230
889.676 691
890.68 235
891.684 530
892.688 338
893.692 468
894.698 471
895.7 454
896.706 471
897.708 446
898.712 509
899.716 468
900.72 375
901.724 409
902.728 440
903.732 559
904.737 356
905.74 590
906.744 359
907.748 581
908.752 448
909.757 341
910.772 525
911.776 605
912.78 278
913.784 569
914.788 445
915.793 541
916.796 377
917.803 641
918.804 321
919.808 519
920.812 328
921.816 461
922.82 494
923.825 564
924.828 478
925.835 292
926.836 694
927.844 246
928.844 627
929.853 302
930.858 351
931.86 473
932.864 397
933.868 407
934.873 457
935.878 515
936.887 391
937.896 683
938.896 284
939.9 319
940.904 675
941.909 382
942.912 232
943.921 578
944.924 318
945.928 444
946.932 440
947.937 498
948.941 425
949.948 564
950.949 317
951.953 577
952.957 246
953.961 607
954.965 308
955.969 645
956.973 252
957.977 517
958.982 299
959.985 529
960.989 372
961.993 458
962.997 602
964.008 344
965.009 457
966.013 476
967.017 503
968.021 375
969.025 548
970.029 391
971.033 496
972.037 548
973.045 441
974.046 313
975.049 527
976.053 360
977.057 589
978.061 284
979.065 529
980.069 346
981.079 411
982.09 486
983.093 507
984.097 507
985.101 391
986.106 500
987.109 507
988.113 304
989.117 663
990.121 226
991.13 459
992.134 387
993.137 484
994.141 398
995.146 506
996.149 467
997.153 428
998.157 423
999.161 528
1000.17 512
1001.17 389
1002.17 509
1003.18 418
1004.18 413
1005.19 443
1006.19 436
1007.2 540
1008.21 416
1009.21 476
1010.21 357
1011.22 537
1012.22 384
1013.23 547
1014.23 380
1015.23 625
1016.24 308
1017.24 542
1018.25 486
1019.25 327
1020.27 625
1021.27 291
1022.27 615
1023.28 188
1024.29 461
1025.29 550
1026.29 293
1027.3 616
1028.3 242
1029.32 624
1030.32 253
1031.32 389
1032.33 423
1033.33 475
1034.33 402
1035.34 437
1036.34 415
1037.35 546
1038.35 301
1039.35 546
1040.36 308
1041.36 466
1042.37 394
1043.37 524
1044.37 478
1045.38 393
1046.38 593
1047.39 351
1048.39 663
1049.39 238
1050.4 533
1051.4 347
1052.41 445
1053.41 419
1054.42 558
1055.42 362
1056.42 583
1057.43 335
1058.43 516
1059.43 259
1060.44 656
1061.44 236
1062.45 407
1063.45 498
1064.46 445
1065.46 543
1066.47 400
1067.47 516
1068.47 415
1069.48 484
1070.48 284
1071.49 642
1072.49 289
1073.51 386
1074.51 412
1075.51 403
1076.52 523
1077.52 374
1078.53 503
1079.53 383
1080.53 523
1081.54 357
1082.54 532
1083.55 398
1084.55 497
1085.55 420
1086.56 362
1087.56 605
1088.56 271
1089.57 559
1090.58 367
1091.59 409
1092.59 459
1093.59 501
1094.59 431
1095.6 435
1096.61 449
1097.61 412
1098.61 578
1099.62 270
1100.62 560
1101.63 430
1102.63 406
1103.63 533
1104.64 273
1105.64 531
1106.65 428
1107.65 410
1108.65 467
1109.66 355
1110.66 456
1111.67 425
1112.67 665
1113.67 338
1114.68 460
1115.68 443
1116.69 269
1117.69 610
1118.7 258
1119.7 508
1120.7 284
1121.71 613
1122.71 236
1123.72 400
1124.72 543
1125.72 266
1126.73 513
1127.73 433
1128.74 585
1129.74 299
1130.74 427
1131.75 469
1132.75 399
1133.76 450
1134.76 350
1135.76 406
1136.77 385
1137.78 538
1138.78 312
1139.78 460
1140.79 324
1141.79 454
1142.8 648
1143.8 295
1144.8 402
1145.81 413
1146.81 468
1147.82 334
1148.82 432
1149.82 481
1150.83 360
1151.83 423
1152.84 473
1153.84 594
1154.84 264
1155.85 484
1156.85 353
1157.86 392
1158.86 556
1159.86 431
1160.87 402
1161.87 469
1162.88 564
1163.88 258
1164.88 538
1165.9 262
1166.9 573
1167.91 308
1168.92 469
1169.93 360
1170.93 586
1171.93 371
1172.94 455
1173.94 470
1174.94 390
1175.95 416
1176.95 458
1177.96 428
1178.96 510
1179.96 529
1180.97 285
1181.97 462
1182.98 467
1183.98 480
1184.98 299
1185.99 562
1186.99 310
1188 423
1189 461
1190 550
1191.01 292
1192.01 476
1193.02 357
1194.02 556
1195.02 325
1196.03 585
1197.03 314
1198.04 444
1199.04 528
1200.04 298
1201.05 346
1202.05 515
1203.06 468
1204.06 341
1205.06 626
1206.07 209
1207.07 445
1208.08 391
1209.08 449
1210.08 287
1211.09 677
1212.1 188
1213.1 411
1214.1 461
1215.11 266
1216.11 495
1217.12 428
1218.13 440
1219.13 514
1220.14 223
1221.14 586
1222.15 277
1223.15 569
1224.16 347
1225.16 366
1226.16 447
1227.17 344
1228.17 394
1229.17 390
1230.18 264
1231.18 627
1232.18 257
1233.19 367
1234.19 482
1235.2 243
1236.2 514
1237.21 382
1238.21 463
1239.21 351
1240.22 362
1241.22 367
1242.23 488
1243.23 401
1244.23 422
1245.24 390
1246.24 507
1247.25 326
1248.26 417
1249.27 441
1250.27 508
1251.27 380
1252.28 401
1253.29 412
1254.29 513
1255.3 315
1256.3 471
1257.31 545
1258.31 221
1259.31 536
1260.32 349
1261.32 404
1262.33 464
1263.33 350
1264.33 474
1265.34 324
1266.34 366
1267.35 491
1268.35 359
1269.35 583
1270.36 247
1271.36 437
1272.37 324
1273.37 441
1274.37 383
1275.38 405
1276.38 376
1277.39 577
1278.39 314
1279.39 391
1280.4 406
1281.4 579
1282.41 248
1283.41 250
