# timestamp	utilization (%) \n
-262.328 0
-257.036 0
-251.175 0
-244.867 0
-237.168 0
-230.715 0
-222.739 0
-217.328 0
-209.897 0
-200.282 0
-194.833 0
-184.745 0
-178.645 0
-172.55 0
-166.418 0
-159.849 0
-151.627 0
-142.432 0
-134.362 0
-125.151 0
-118.766 0
-111.155 0
-102.089 0
-92.9919 0
-85.2084 0
-76.43 0
-68.3011 0
-60.3356 0
-53.1348 0
-46.9849 0
-35.2776 0
-27.0057 0
-18.801 0
-12.9419 0
-7.36682 0
-1.37061 0
10.4153 0
15.4336 0
20.4537 0
25.4738 0
30.4939 0
35.514 0
40.5664 0
45.5862 0
50.6063 0
55.6264 0
60.6721 0
65.7146 0
70.7468 0
75.7668 0
80.799 0
85.819 0
90.8391 0
95.8592 0
100.879 0
105.899 0
110.92 0
115.94 0
120.96 0
125.98 0
131.004 0
136.02 0
141.04 0
146.06 0
151.081 1
156.1 1
161.12 1
166.141 1
171.161 1
176.181 1
181.201 1
186.221 1
191.241 1
196.261 1
201.281 2
206.301 2
211.354 2
216.374 2
221.394 2
226.414 2
231.434 2
236.454 2
241.474 2
246.496 2
251.514 3
256.534 3
261.57 3
266.602 3
271.619 3
276.639 3
281.659 3
286.679 3
291.711 4
296.731 4
301.751 4
306.771 4
311.791 4
316.812 4
321.84 4
326.868 4
331.888 5
336.908 5
341.928 5
346.949 5
351.968 5
356.988 5
362.008 5
367.028 6
372.048 6
377.069 6
382.089 6
387.109 6
392.129 7
397.149 7
402.169 7
407.189 7
412.209 7
417.232 7
422.249 7
427.27 7
432.291 7
437.31 7
442.338 7
447.358 7
452.378 7
457.398 7
462.418 7
467.438 7
472.459 7
477.483 8
482.499 7
487.527 7
492.551 8
497.582 8
502.61 8
507.643 8
512.671 8
517.691 8
522.711 8
527.732 9
532.752 9
537.781 9
542.812 9
547.832 9
552.852 9
557.872 10
562.892 10
567.916 10
572.936 10
577.976 11
582.997 11
588.137 11
593.193 11
598.249 12
603.282 12
608.305 12
613.325 12
618.346 12
623.365 12
628.433 13
633.465 13
638.481 13
643.518 13
648.577 14
653.597 14
658.622 14
663.641 14
668.661 14
673.693 15
678.713 15
683.733 15
688.762 15
693.787 15
698.805 16
703.829 16
708.85 16
713.878 16
718.898 16
723.918 17
728.94 17
733.958 17
738.982 17
744.002 17
749.022 18
754.045 18
759.067 18
764.086 18
769.118 18
774.138 19
779.161 19
784.178 19
789.199 19
794.218 19
799.275 20
804.295 20
809.315 20
814.335 20
819.362 20
824.383 21
829.409 21
834.428 21
839.451 21
844.475 21
849.499 22
854.53 22
859.555 22
864.571 22
869.595 22
874.615 23
879.636 23
884.659 23
889.676 23
894.698 23
899.716 23
904.737 24
909.757 24
914.788 24
919.808 24
924.828 24
929.853 25
934.873 25
939.9 25
944.924 25
949.948 25
954.965 26
959.985 26
965.009 26
970.029 26
975.049 26
980.069 26
985.101 27
990.121 27
995.146 27
1000.17 27
1005.19 27
1010.21 28
1015.23 28
1020.27 28
1025.29 28
1030.32 28
1035.34 28
1040.36 29
1045.38 29
1050.4 29
1055.42 29
1060.44 29
1065.46 30
1070.48 30
1075.51 30
1080.53 30
1085.55 30
1090.58 30
1095.6 31
1100.62 31
1105.64 31
1110.66 31
1115.68 31
1120.7 32
1125.72 32
1130.74 32
1135.76 32
1140.79 32
1145.81 32
1150.83 33
1155.85 33
1160.87 33
1165.9 33
1170.93 33
1175.95 33
1180.97 33
1185.99 34
1191.01 34
1196.03 34
1201.05 34
1206.07 34
1211.09 35
1216.11 35
1221.14 35
1226.16 35
1231.18 35
1236.2 35
1241.22 35
1246.24 36
1251.27 36
1256.3 36
1261.32 36
1266.34 36
1271.36 36
1276.38 37
1281.4 37
