# timestamp	utilization (%) \n
-247.74 3
-231.993 7
-216.946 11
-201.279 15
-183.762 19
-169.421 22
-153.628 26
-139.019 30
-120.752 34
-105.739 37
-88.9027 41
-73.4239 45
-57.7566 49
-39.3662 53
-22.9499 56
-15.4253 58
7.57987 59
12.6792 59
17.6887 60
22.7498 60
27.8219 61
32.9072 61
37.9468 62
43.0737 63
48.1799 63
53.2377 64
58.3365 64
63.3529 65
68.3822 65
73.418 66
78.5144 67
83.5154 67
88.6327 67
93.6775 67
98.6869 67
103.808 67
108.945 67
114.047 67
119.185 67
124.337 67
129.516 67
134.621 67
139.714 66
144.844 66
149.906 66
155.021 66
160.113 66
165.131 66
170.162 66
175.204 66
180.316 66
185.331 65
190.384 65
195.475 65
200.561 65
205.567 65
210.803 65
216.056 65
221.232 65
226.244 64
231.276 64
236.316 64
241.41 64
246.481 64
251.53 64
256.539 64
261.614 64
266.708 63
271.837 63
276.918 63
281.983 63
286.985 63
291.988 63
297.18 63
302.193 62
307.385 62
312.4 62
317.541 62
322.812 62
327.883 62
332.956 61
338.109 61
343.277 61
348.285 61
353.364 61
358.508 61
363.661 60
368.83 60
373.849 60
378.909 60
383.916 59
389.221 59
394.405 59
399.411 59
404.829 59
410.353 59
415.85 59
421.85 59
426.972 59
432.035 59
437.293 59
442.384 59
447.575 59
454.214 59
459.307 60
464.455 59
469.749 59
476.298 59
481.386 58
486.468 58
491.672 58
496.767 58
502.475 58
507.582 58
512.61 58
517.707 57
522.818 57
527.986 57
533.417 57
538.508 57
543.598 57
549.076 56
554.248 56
559.279 56
564.396 56
570.379 56
575.391 55
580.628 55
586.236 55
591.312 54
596.437 54
601.454 54
606.703 54
612.176 54
617.297 53
622.702 53
628.036 53
633.07 53
638.094 52
643.411 52
648.521 52
653.884 51
659.527 51
664.952 51
670.652 51
675.716 51
680.809 50
685.965 50
691.61 50
696.853 50
701.969 49
707.034 49
712.277 49
717.423 49
722.456 49
727.545 48
732.844 48
737.854 48
742.87 48
747.973 48
753.122 47
758.495 47
763.498 47
768.611 46
773.622 46
778.673 46
783.778 46
788.867 46
794.039 45
799.175 45
804.189 45
809.599 45
815.018 45
820.066 44
825.315 44
830.507 44
835.507 44
840.927 44
845.967 43
851.095 43
856.1 43
861.38 43
866.478 42
872.1 42
877.297 42
882.567 42
887.632 42
893.065 41
898.33 41
903.341 41
908.684 41
913.798 41
918.962 40
924.034 40
929.055 40
934.351 40
939.484 39
944.645 39
949.752 39
954.881 39
959.946 39
965.142 38
970.55 38
975.843 38
981.094 38
986.524 38
991.634 37
996.65 37
1001.66 37
1006.76 37
1011.81 37
1016.93 36
1022.11 36
1027.25 36
1032.62 36
1037.79 36
1043.02 35
1048.39 35
1053.4 35
1058.53 35
1063.54 35
1068.59 34
1073.71 34
1079.07 34
1084.3 34
1089.45 34
1094.79 33
1099.8 33
1104.82 33
1110.01 33
1115.25 33
1120.26 32
1125.34 32
1130.81 32
1136.13 32
1141.35 32
1146.42 31
1151.42 31
1156.43 31
1161.46 31
1166.61 31
1171.67 31
1176.8 30
1181.91 30
1187.09 30
1192.18 30
1197.28 30
1202.62 29
1207.71 29
1212.79 29
1217.87 29
1223.27 29
1228.59 29
1233.7 28
1238.87 28
1243.9 28
1248.99 28
1254.03 28
1259.1 27
1264.23 27
1269.4 27
1274.41 27
1279.69 27
