# timestamp	memory footprint (MB)\n
-309.683 0
-308.429 0
-303.609 0
-302.57 4
-301.531 4
-300.532 4
-299.434 4
-298.436 8
-297.438 8
-296.401 12
-294.011 12
-292.908 12
-291.91 12
-290.91 16
-288.756 16
-287.654 32
-286.658 36
-285.658 36
-284.644 40
-283.647 40
-282.644 40
-281.414 40
-280.403 40
-278.785 44
-277.773 44
-276.758 44
-275.759 44
-274.455 44
-273.452 48
-272.363 48
-268.87 48
-267.854 52
-266.855 52
-265.854 52
-264.648 56
-263.651 56
-262.651 56
-261.65 60
-260.642 60
-259.554 60
-258.259 60
-256.854 64
-255.855 64
-254.855 64
-253.837 64
-252.798 64
-251.8 68
-250.799 68
-249.736 68
-248.325 68
-246.915 72
-245.916 72
-244.219 72
-242.907 72
-240.92 76
-239.924 76
-238.338 76
-236.425 76
-235.422 80
-234.403 80
-233.391 80
-232.333 80
-231.333 84
-229.941 84
-228.89 84
-227.882 84
-226.793 84
-225.54 88
-224.54 88
-223.535 88
-222.536 88
-221.403 88
-220.346 92
-218.857 92
-217.373 92
-216.375 92
-215.377 96
-213.838 96
-212.529 96
-211.42 96
-209.901 100
-208.905 100
-207.676 100
-206.677 100
-205.604 100
-204.604 104
-203.592 104
-202.146 104
-200.702 104
-199.542 104
-198.543 108
-196.861 108
-195.574 108
-194.562 108
-193.438 108
-192.392 112
-191.044 112
-189.573 112
-187.762 112
-186.765 116
-185.677 116
-184.581 116
-183.557 116
-182.549 120
-181.413 120
-180.413 120
-179.264 120
-178.11 120
-177.114 124
-175.813 124
-174.426 124
-172.823 124
-171.679 128
-170.674 128
-169.492 128
-168.495 128
-167.497 128
-166.497 128
-165.439 132
-163.926 132
-162.626 132
-161.626 132
-160.423 136
-159.423 136
-158.404 136
-157.201 136
-156.203 136
-155.197 140
-154.182 140
-152.977 140
-151.972 140
-150.776 140
-149.775 144
-148.77 144
-147.363 144
-146.375 144
-145.193 144
-144.183 148
-142.7 148
-141.503 148
-140.222 148
-139.182 148
-138.182 152
-137.168 152
-136.083 152
-135.086 152
-134.086 152
-132.941 156
-131.928 156
-130.53 156
-129.403 156
-128.403 160
-127.076 160
-125.839 160
-124.851 160
-123.733 160
-122.598 160
-121.412 164
-120.14 164
-118.904 164
-117.905 164
-116.904 168
-115.908 168
-114.663 168
-113.663 168
-112.655 168
-111.654 172
-110.498 172
-109.498 172
-108.463 172
-107.306 172
-105.898 172
-104.791 176
-103.719 176
-102.728 176
-101.073 176
-100.074 180
-98.9717 180
-97.9721 180
-96.9722 180
-95.4176 180
-94.2509 184
-93.2267 184
-92.0861 184
-90.9223 184
-89.4303 184
-88.3668 188
-87.1111 188
-86.1064 188
-85.105 188
-83.2679 188
-81.9221 192
-80.9222 192
-79.9238 192
-78.9162 192
-77.9166 196
-76.7524 196
-74.8614 196
-73.5841 196
-72.5846 200
-71.5756 200
-70.5763 200
-69.3196 200
-68.3201 200
-63.1047 200
-61.9146 204
-60.6808 204
-59.5216 204
-58.3499 204
-57.3522 204
-56.3514 208
-52.1808 208
-51.1751 212
-50.1763 212
-46.5541 212
-45.557 216
-44.5574 216
-40.9377 216
-39.9292 216
-38.9256 220
-35.3176 220
-34.3163 220
-33.3163 224
-29.7871 224
-28.7767 224
-27.7836 228
-24.8202 228
-23.8207 228
-22.8225 232
-19.6678 232
-18.6705 232
-17.6707 236
-14.5456 236
-13.5355 236
-12.5468 240
-11.5255 240
-10.5162 240
-9.5214 240
-8.51265 240
-7.52068 240
-5.65495 240
-4.67236 240
-3.67221 240
-2.67209 240
-1.67206 240
-0.672021 240
0.328125 240
1.32808 240
2.32819 240
3.32836 240
7.66116 240
8.85535 240
9.86134 240
10.8651 240
11.8694 240
12.8739 240
13.8743 240
14.8746 240
15.875 244
16.8872 243
17.8869 242
18.8801 242
19.8804 242
20.8838 242
21.881 242
22.8878 242
23.8845 241
24.8862 245
25.8904 245
26.9013 244
27.9102 244
28.9089 244
29.9123 244
30.9144 244
31.9124 244
32.9288 244
33.93 244
34.94 244
35.9305 244
36.9462 243
37.9491 243
38.9481 243
39.9554 243
40.9621 246
41.9656 246
42.9701 246
43.9852 246
44.979 246
45.9857 246
46.9925 246
47.9879 246
49.0011 246
50.0087 245
51.0098 245
52.0098 245
53.0184 245
54.026 245
55.0226 244
56.0275 244
57.0389 243
58.0438 247
59.0482 247
60.0612 251
61.0718 251
62.0654 251
63.0706 251
64.0741 251
65.0794 251
66.0871 251
67.0871 250
68.0819 250
69.0962 250
70.0974 250
71.1099 249
72.1061 249
73.1102 249
74.1259 249
75.1272 253
76.1475 253
77.1402 253
78.1446 253
79.1557 252
80.149 252
81.164 252
82.162 252
83.1739 252
84.1712 252
85.185 251
86.179 251
87.1951 250
88.1921 250
89.2021 250
90.2037 250
91.2039 254
92.215 254
93.2263 253
94.2294 253
95.2277 253
96.2311 253
97.2374 253
98.2402 252
99.252 251
100.256 251
101.253 251
102.26 251
103.269 251
104.274 251
105.285 250
106.277 250
107.295 250
108.3 250
109.318 254
110.322 254
111.328 254
112.328 254
113.336 254
114.332 254
115.342 253
116.34 253
117.352 253
118.368 253
119.377 253
120.393 260
121.385 260
122.398 260
123.398 260
124.395 260
125.418 260
126.412 260
127.421 260
128.424 264
129.446 264
130.444 263
131.441 263
132.453 263
133.454 263
134.461 262
135.462 262
136.47 262
137.466 262
138.462 262
139.478 262
140.486 262
141.49 262
142.498 262
143.499 262
144.512 261
145.509 261
146.519 261
147.517 265
148.521 265
149.537 265
150.534 265
151.54 265
152.534 265
153.553 265
154.551 265
155.551 265
156.561 264
157.564 264
158.571 263
159.571 263
160.573 263
161.58 263
162.592 263
163.591 263
164.599 262
165.593 262
166.602 262
167.618 266
168.611 266
169.621 266
170.618 266
171.631 265
172.631 265
173.639 265
174.65 265
175.648 265
176.639 265
177.652 265
178.668 264
179.66 264
180.664 264
181.673 264
182.677 264
183.689 264
184.69 264
185.681 264
186.677 264
187.694 268
188.713 266
189.708 266
190.71 266
191.707 266
192.723 266
193.711 270
194.736 270
195.732 270
196.75 270
197.74 270
198.746 270
199.759 269
200.757 269
201.767 269
202.766 269
203.773 269
204.777 269
205.782 269
206.781 269
207.798 273
208.79 273
209.806 273
210.807 273
211.799 273
212.816 273
213.812 273
214.827 272
215.82 272
216.824 272
217.832 272
218.844 272
219.849 271
220.851 271
221.845 271
222.857 271
223.859 271
224.878 270
225.87 270
226.883 270
227.87 274
228.883 274
229.894 273
230.891 273
231.901 272
232.895 272
233.899 272
234.918 272
235.908 272
236.926 272
237.916 272
238.928 272
239.94 272
240.942 272
241.929 272
242.95 272
243.952 272
244.952 271
245.958 271
246.949 271
247.967 271
248.958 275
249.977 275
250.979 274
251.983 274
252.988 274
254 274
255.008 274
255.999 274
257.016 274
258.02 274
259.016 274
260.041 273
261.02 273
262.034 273
263.041 273
264.051 273
265.045 273
266.057 272
267.049 272
268.057 272
269.066 275
270.077 275
271.086 279
272.079 279
273.086 279
274.092 279
275.105 279
276.107 279
277.11 279
278.124 279
279.134 279
280.128 279
281.14 278
282.139 278
283.14 278
284.136 278
285.152 278
286.165 278
287.157 278
288.157 278
289.169 278
290.18 282
291.19 282
292.186 282
293.193 281
294.198 280
295.198 280
296.211 280
297.207 280
298.207 280
299.223 280
300.227 280
301.231 280
302.22 280
303.249 279
304.242 279
305.244 279
306.24 279
307.26 278
308.252 278
309.264 278
310.26 278
311.26 278
312.288 281
313.277 281
314.289 281
315.281 281
316.286 281
317.3 281
318.3 280
319.317 280
320.317 280
321.302 280
322.311 280
323.323 280
324.339 280
325.328 280
326.339 280
327.34 280
328.347 280
329.364 279
330.356 279
331.352 279
332.361 279
333.351 279
334.369 283
335.38 281
336.379 281
337.384 281
338.394 281
339.389 281
340.394 281
341.41 281
342.414 281
343.418 281
344.423 281
345.429 281
346.443 280
347.443 280
348.451 284
349.451 284
350.439 284
351.475 284
352.467 284
353.464 288
354.479 287
355.48 287
356.508 291
357.496 291
358.496 291
359.497 291
360.508 291
361.505 291
362.532 290
363.524 290
364.541 290
365.541 290
366.533 290
367.538 290
368.562 289
369.562 289
370.562 289
371.562 289
372.554 289
373.582 289
374.575 289
375.577 289
376.578 289
377.606 288
378.611 292
379.601 292
380.611 292
381.607 292
382.62 292
383.624 292
384.65 292
385.639 292
386.641 292
387.646 291
388.641 291
389.665 291
390.665 291
391.673 291
392.654 291
393.681 291
394.673 291
395.69 291
396.677 291
397.695 290
398.69 290
399.693 290
400.686 290
401.69 294
402.7 293
403.687 293
404.697 293
405.687 293
406.701 293
407.695 293
408.702 293
409.694 293
410.701 293
411.688 293
412.71 292
413.721 292
414.706 292
415.729 291
416.696 291
417.709 291
418.71 291
419.721 291
420.725 290
421.717 290
422.708 290
423.718 290
424.71 294
425.729 293
426.718 293
427.718 293
428.706 293
429.722 293
430.718 293
431.732 293
432.706 293
433.719 293
434.71 293
435.718 293
436.723 293
437.729 293
438.699 293
439.731 293
440.724 297
441.745 296
442.723 296
443.72 296
444.731 295
445.728 295
446.755 295
447.757 299
448.764 299
449.743 298
450.76 298
451.741 298
452.753 298
453.752 298
454.746 298
455.749 298
456.76 298
457.738 298
458.765 298
459.752 298
460.754 298
461.76 298
462.745 298
463.739 298
464.762 297
465.772 297
466.747 297
467.759 297
468.747 297
469.763 297
470.758 297
471.756 301
472.792 301
473.78 301
474.802 300
475.792 300
476.8 300
477.788 300
478.789 300
479.808 299
480.78 299
481.787 299
482.784 299
483.8 299
484.795 299
485.804 298
486.775 298
487.803 298
488.782 298
489.785 298
490.789 298
491.802 298
492.789 298
493.795 297
494.793 297
495.794 297
496.793 297
497.809 301
498.806 301
499.813 300
500.783 300
501.818 300
502.808 300
503.787 300
504.81 300
505.808 300
506.802 300
507.807 300
508.798 300
509.818 300
510.807 300
511.799 300
512.795 300
513.817 300
514.806 300
515.807 300
516.795 300
517.814 300
518.816 300
519.823 300
520.815 300
521.82 300
522.825 300
523.808 300
524.807 300
525.814 300
526.807 299
527.819 298
528.819 298
529.81 298
530.811 298
531.833 302
532.832 302
533.825 302
534.818 302
535.828 302
536.837 302
537.844 302
538.832 302
539.84 302
540.841 302
541.867 302
542.841 302
543.87 302
544.893 302
545.881 301
546.858 301
547.893 301
548.887 301
549.902 301
550.891 301
551.916 301
552.916 301
553.911 301
554.919 305
555.924 304
556.941 304
557.947 304
558.939 304
559.958 304
560.948 304
561.969 304
562.989 304
563.986 303
564.995 303
565.993 303
566.997 303
568.021 303
569.005 307
570.022 307
571.038 306
572.033 306
573.042 306
574.045 306
575.049 306
576.058 306
577.08 306
578.071 306
579.069 306
580.099 306
581.078 306
582.098 306
583.121 306
584.101 306
585.103 306
586.118 306
587.115 306
588.112 306
589.135 306
590.123 306
591.143 305
592.148 305
593.128 305
594.165 305
595.143 305
596.182 305
597.175 305
598.178 305
599.182 305
600.206 305
601.21 305
602.212 305
603.216 305
604.236 305
605.249 305
606.244 309
607.248 309
608.281 308
609.267 308
610.272 307
611.277 307
612.273 307
613.3 307
614.297 307
615.298 307
616.285 307
617.302 307
618.306 307
619.294 307
620.333 307
621.336 307
622.326 307
623.33 307
624.33 307
625.323 307
626.35 307
627.351 307
628.351 307
629.374 306
630.358 306
631.369 306
632.368 306
633.367 306
634.383 305
635.394 305
636.363 305
637.388 305
638.416 305
639.395 305
640.418 305
641.396 305
642.424 305
643.411 305
644.421 305
645.442 309
646.469 309
647.454 309
648.453 308
649.464 307
650.487 307
651.484 307
652.485 307
653.501 307
654.518 307
655.522 307
656.531 307
657.544 307
658.534 307
659.551 307
660.575 307
661.554 307
662.563 307
663.57 307
664.588 307
665.602 307
666.574 307
667.591 307
668.587 307
669.609 307
670.648 306
671.623 306
672.62 306
673.635 306
674.639 306
675.647 306
676.644 306
677.66 306
678.671 306
679.683 306
680.68 306
681.694 306
682.694 306
683.692 306
684.714 305
685.713 309
686.722 308
687.711 308
688.722 308
689.717 308
690.723 308
691.741 308
692.734 308
693.76 308
694.772 308
695.765 308
696.757 308
697.779 308
698.78 308
699.785 308
700.799 308
701.799 308
702.814 308
703.81 308
704.836 308
705.831 308
706.819 308
707.837 308
708.85 308
709.879 307
710.878 307
711.898 311
712.891 311
713.903 311
714.884 311
715.923 311
716.919 311
717.932 311
718.928 311
719.931 311
720.958 311
721.955 311
722.96 311
723.969 311
724.995 315
725.989 315
726.993 315
728.011 315
729.008 315
730.021 315
731.029 315
732.04 314
733.041 314
734.033 314
735.081 314
736.067 314
737.066 314
738.08 314
739.081 314
740.087 314
741.076 314
742.104 314
743.124 313
744.122 313
745.133 313
746.143 312
747.139 312
748.136 312
749.148 312
750.15 312
751.159 312
752.15 312
753.167 312
754.19 312
755.167 312
756.178 312
757.2 312
758.182 312
759.201 312
760.211 312
761.24 311
762.234 311
763.251 311
764.24 311
765.263 315
766.278 315
767.284 315
768.292 315
769.28 315
770.306 315
771.297 315
772.311 315
773.308 315
774.321 315
775.331 315
776.334 315
777.333 315
778.356 315
779.35 315
780.362 315
781.371 314
782.37 314
783.381 314
784.404 314
785.385 314
786.419 313
787.402 313
788.414 313
789.413 313
790.434 313
791.446 313
792.442 313
793.453 313
794.448 313
795.468 313
796.462 313
797.475 313
798.463 313
799.481 313
800.474 313
801.504 312
802.503 312
803.497 312
804.507 312
805.506 312
806.515 316
807.525 316
808.545 316
809.541 316
810.536 316
811.559 316
812.536 316
813.573 316
814.547 316
815.562 316
816.548 316
817.589 315
818.599 315
819.593 315
820.58 315
821.611 314
822.615 314
823.62 314
824.605 314
825.624 314
826.637 314
827.628 314
828.64 314
829.67 314
830.629 314
831.692 314
832.675 314
833.652 314
834.671 313
835.671 313
836.677 313
837.681 313
838.694 313
839.677 313
840.697 313
841.706 313
842.717 313
843.716 313
844.727 313
845.726 313
846.749 313
847.726 317
848.766 317
849.746 317
850.774 317
851.766 317
852.771 317
853.793 316
854.786 316
855.802 316
856.782 316
857.79 320
858.824 320
859.827 320
860.824 320
861.825 320
862.844 320
863.848 320
864.842 320
865.864 320
866.86 320
867.863 320
868.862 320
869.851 320
870.871 320
871.871 320
872.896 320
873.876 319
874.888 319
875.903 319
876.901 323
877.916 323
878.903 323
879.935 323
880.968 323
881.937 323
882.95 323
883.995 322
884.96 322
885.961 322
886.976 322
887.989 322
889.004 322
890.025 326
891.021 326
891.998 326
893.017 326
894.019 326
895.045 326
896.043 326
897.038 326
898.054 326
899.052 326
900.054 326
901.073 325
902.075 325
903.071 325
904.08 325
905.098 325
906.098 325
907.106 325
908.113 324
909.126 324
910.135 324
911.135 324
912.149 324
913.147 324
914.16 324
915.174 324
916.185 324
917.177 324
918.168 324
919.185 324
920.196 324
921.208 324
922.209 324
923.196 324
924.231 324
925.228 324
926.257 323
927.235 323
928.287 323
929.26 323
930.268 323
931.287 327
932.278 327
933.303 327
934.31 327
935.32 327
936.325 327
937.367 327
938.341 327
939.344 327
940.364 326
941.365 326
942.354 326
943.371 326
944.382 326
945.398 326
946.386 326
947.395 326
948.402 326
949.395 325
950.391 325
951.403 325
952.43 325
953.433 325
954.426 325
955.442 325
956.435 325
957.464 325
958.45 325
959.45 325
960.479 325
961.467 325
962.482 325
963.5 325
964.505 325
965.525 324
966.486 324
967.512 324
968.526 324
969.517 324
970.54 324
971.568 324
972.573 324
973.585 328
974.575 328
975.603 328
976.609 328
977.616 328
978.64 327
979.624 327
980.614 327
981.633 327
982.65 327
983.645 327
984.656 327
985.659 327
986.653 326
987.664 326
988.679 326
989.671 326
990.675 326
991.68 326
992.701 326
993.722 325
994.71 325
995.708 325
996.724 325
997.716 325
998.74 325
999.737 325
1000.75 325
1001.76 325
1002.75 325
1003.76 325
1004.76 325
1005.78 325
1006.8 325
1007.82 325
1008.81 325
1009.81 325
1010.81 324
1011.8 324
1012.82 324
1013.82 324
1014.83 324
1015.85 328
1016.85 328
1017.87 328
1018.85 328
1019.85 328
1020.88 328
1021.88 328
1022.88 328
1023.87 328
1024.89 328
1025.9 328
1026.9 328
1027.92 328
1028.9 327
1029.9 327
1030.92 326
1031.93 326
1032.94 326
1033.94 326
1034.93 326
1035.94 326
1036.94 326
1037.95 326
1038.98 326
1039.97 326
1041 326
1041.97 326
1042.98 326
1043.99 326
1044.98 326
1045.99 330
1046.99 330
1048.01 330
1049.02 330
1050.03 330
1051.02 330
1052.02 330
1053.05 330
1054.05 329
1055.05 329
1056.05 329
1057.05 329
1058.08 329
1059.07 333
1060.09 333
1061.07 333
1062.08 333
1063.11 333
1064.1 333
1065.11 333
1066.1 333
1067.11 333
1068.12 333
1069.1 333
1070.11 333
1071.12 333
1072.11 333
1073.12 333
1074.15 333
1075.15 333
1076.15 333
1077.16 332
1078.17 332
1079.15 332
1080.19 331
1081.17 331
1082.18 331
1083.19 331
1084.2 331
1085.21 331
1086.23 331
1087.21 331
1088.21 331
1089.24 331
1090.26 331
1091.26 331
1092.28 331
1093.27 331
1094.27 331
1095.28 331
1096.32 330
1097.28 330
1098.29 330
1099.3 330
1100.32 330
1101.3 334
1102.31 334
1103.33 334
1104.35 334
1105.34 334
1106.35 334
1107.36 333
1108.38 333
1109.37 333
1110.4 333
1111.38 333
1112.38 333
1113.4 333
1114.39 333
1115.41 333
1116.4 333
1117.43 333
1118.39 333
1119.42 333
1120.43 333
1121.46 332
1122.45 332
1123.45 332
1124.45 332
1125.45 332
1126.48 332
1127.49 332
1128.5 331
1129.48 331
1130.5 331
1131.51 331
1132.52 331
1133.51 331
1134.5 331
1135.53 331
1136.52 331
1137.53 331
1138.54 331
1139.55 331
1140.59 331
1141.55 331
1142.58 331
1143.59 331
1144.57 335
1145.59 335
1146.59 335
1147.61 335
1148.6 335
1149.61 335
1150.62 334
1151.62 334
1152.61 334
1153.63 334
1154.62 334
1155.65 334
1156.63 334
1157.65 334
1158.65 334
1159.65 334
1160.66 334
1161.68 334
1162.66 334
1163.69 334
1164.68 334
1165.71 334
1166.71 334
1167.74 333
1168.71 333
1169.73 332
1170.71 332
1171.74 332
1172.73 332
1173.76 332
1174.76 332
1175.77 332
1176.78 332
1177.77 332
1178.77 332
1179.78 332
1180.8 332
1181.78 332
1182.81 332
1183.78 332
1184.81 332
1185.8 332
1186.82 336
1187.86 336
1188.84 336
1189.86 336
1190.88 336
1191.86 335
1192.87 335
1193.89 335
1194.87 335
1195.9 335
1196.88 335
1197.9 335
1198.9 335
1199.9 335
1200.93 335
1201.89 335
1202.95 335
1203.91 335
1204.94 335
1205.92 335
1206.94 334
1207.96 334
1208.94 334
1209.97 334
1210.97 334
1212 333
1212.96 333
1214 333
1214.99 333
1216.01 333
1217.02 333
1218.02 337
1219.03 337
1220.04 337
1221.06 337
1222.05 337
1223.06 337
1224.06 337
1225.11 336
1226.11 336
1227.09 336
1228.11 336
1229.12 336
1230.12 340
1231.13 340
1232.13 340
1233.15 340
1234.14 340
1235.15 340
1236.13 340
1237.15 340
1238.14 340
1239.13 340
1240.17 340
1241.15 340
1242.18 340
1243.17 340
1244.16 340
1245.19 340
1246.18 340
1247.19 340
1248.18 340
1249.19 340
1250.22 340
1251.21 339
1252.2 339
1253.21 339
1254.21 339
1255.2 339
1256.2 339
1257.23 339
1258.23 339
1259.25 339
1260.24 339
1261.23 339
1262.26 339
1263.25 339
1264.26 339
1265.26 339
1266.27 338
1267.26 338
1268.28 337
1269.28 337
1270.3 337
1271.28 337
1272.3 337
1273.3 337
1274.29 341
1275.3 341
1276.3 341
1277.33 341
1278.32 341
1279.32 341
1280.35 341
1281.34 341
1282.36 341
1283.35 341
1284.36 341
1285.36 341
1286.36 340
1287.37 340
1288.38 340
1289.39 340
1290.39 340
1291.4 340
1292.41 340
1293.4 340
1294.42 340
1295.4 340
1296.43 340
1297.42 340
1298.42 340
1299.45 340
1300.43 340
1301.44 340
1302.45 340
1303.46 339
1304.46 338
1305.47 338
1306.48 338
1307.47 338
1308.5 338
1309.5 338
1310.49 338
1311.5 338
1312.52 338
1313.51 338
1314.54 337
1315.54 337
1316.53 337
1317.55 337
1318.54 341
1319.55 341
1320.55 341
1321.56 341
1322.58 341
1323.59 341
1324.58 340
1325.57 340
1326.59 340
1327.59 340
1328.59 340
1329.6 340
1330.61 340
1331.61 340
1332.61 340
1333.62 340
1334.61 340
1335.63 340
1336.63 340
1337.64 340
1338.63 340
1339.64 340
1340.66 338
1341.64 338
1342.67 338
1343.65 338
1344.66 338
1345.67 338
1346.66 338
1347.67 338
1348.67 338
1349.66 338
1350.7 338
1351.69 338
1352.69 338
1353.72 338
1354.73 338
1355.73 338
1356.73 338
1357.73 337
1358.72 337
1359.76 337
1360.75 337
1361.74 337
1362.75 341
1363.77 341
1364.76 341
1365.79 341
1366.77 341
1367.77 341
1368.79 340
1369.76 340
1370.77 340
1371.78 340
1372.79 340
1373.78 340
1374.79 340
1375.79 340
1376.78 340
1377.8 340
1378.81 340
1379.8 340
1380.8 340
1381.8 340
1382.82 340
1383.8 340
1384.82 340
1385.83 339
1386.84 339
1387.83 339
1388.86 339
1389.84 339
1390.85 339
1391.83 339
1392.85 339
1393.88 339
1394.87 339
1395.87 343
1396.89 343
1397.87 343
1398.86 343
1399.88 342
1400.88 342
1401.89 342
1402.9 342
1403.88 342
1404.91 342
1405.9 342
1406.9 342
1407.91 346
1408.9 346
1409.9 346
1410.91 346
1411.9 346
1412.91 346
1413.91 345
1414.9 345
1415.93 345
1416.9 345
1417.93 345
1418.93 345
1419.9 345
1420.95 345
1421.93 345
1422.93 345
1423.92 345
1424.94 345
1425.95 345
1426.94 345
1427.95 345
1428.96 345
1429.96 345
1430.96 345
1431.95 345
1432.94 345
1433.96 345
1434.94 345
1435.96 345
1436.97 344
1437.97 344
1438.97 344
1439.96 344
1440.99 344
1441.97 344
1442.98 344
1443.98 344
1444.98 344
1445.98 344
1447 344
1448.02 343
1449 343
1450 343
1450.99 343
1452 343
1453 343
1454.02 347
1455.01 347
1456 347
1457.01 347
1458.01 347
1459 347
1460.01 346
1460.99 346
1462.03 346
1463 346
1464.02 346
1465.04 346
1466.04 345
1467.02 345
1468.02 345
1469.03 345
1470.01 345
1471.02 345
1472.01 345
1473.02 345
1474.01 345
1475.01 345
1476 345
1477.01 345
1478.01 345
1479.02 345
1480.03 345
1481.03 345
1482.02 345
1483.01 345
1484.02 345
1485.03 345
1486.01 345
1487.03 344
1488.01 344
1489.01 344
1490.03 344
1491.03 344
1492.03 344
1493.03 344
1494.05 344
1495.03 344
1496.03 344
1497.01 344
1498.01 344
1499.04 343
1500.02 347
1501.02 347
1502.03 347
1503.04 347
1504.04 347
1505.03 347
1506.03 347
1507.06 347
1508.03 347
1509.06 347
1510.04 347
1511.02 347
1512.03 347
1513.03 347
1514.05 347
1515.04 347
1516.04 346
1517.04 346
1518.03 346
1519.05 346
1520.04 346
1521.02 346
1522.04 346
1523.04 346
1524.05 346
1525.03 346
1526.03 346
1527.03 346
1528.03 346
1529.04 345
1530.04 345
1531.05 345
1532.06 345
1533.05 344
1534.03 344
1535.04 344
1536.03 344
1537.04 344
1538.04 344
1539.04 344
1540.02 344
1541.04 344
1542.03 344
1543.04 344
1544.03 344
1545.02 344
1546.04 348
1547.06 348
1548.03 348
1549.04 348
1550.06 348
1551.05 348
1552.04 348
1553.06 347
1554.06 347
1555.06 347
1556.05 347
1557.05 347
1558.05 347
1559.07 347
1560.06 347
1561.08 347
1562.07 347
1563.07 347
1564.05 347
1565.08 347
1566.09 347
1567.1 347
1568.12 347
1569.09 347
1570.1 347
1571.11 347
1572.1 347
1573.15 347
1574.12 347
1575.11 347
1576.15 346
1577.12 346
1578.15 346
1579.15 345
1580.16 345
1581.14 345
1582.18 349
1583.15 349
1584.18 349
1585.17 349
1586.17 349
1587.19 349
1588.19 348
1589.2 348
1590.19 348
1591.21 348
1592.21 348
1593.21 348
1594.19 352
1595.22 352
1596.25 352
1597.22 352
1598.22 352
1599.23 352
1600.24 352
1601.25 352
1602.24 352
1603.22 352
1604.26 352
1605.26 352
1606.25 352
1607.27 352
1608.26 352
1609.27 352
1610.29 352
1611.27 352
1612.28 352
1613.28 352
1614.3 352
1615.29 352
1616.29 352
1617.32 352
1618.32 352
1619.31 352
1620.3 352
1621.31 352
1622.35 351
1623.36 351
1624.31 351
1625.34 351
1626.34 351
1627.36 351
1628.36 350
1629.37 350
1630.38 350
1631.35 350
1632.38 350
1633.37 350
1634.39 349
1635.4 348
1636.38 348
1637.41 348
1638.4 348
1639.41 348
1640.39 352
1641.4 352
1642.41 352
1643.45 352
1644.42 352
1645.42 351
1646.41 351
1647.44 351
1648.44 351
1649.44 351
1650.44 351
1651.47 351
1652.45 351
1653.47 351
1654.46 351
1655.47 351
1656.48 351
1657.48 351
1658.49 351
1659.48 351
1660.5 351
1661.51 351
1662.49 351
1663.52 351
1664.54 351
1665.52 351
1666.52 351
1667.52 351
1668.52 351
1669.54 351
1670.56 350
1671.53 350
1672.55 350
1673.54 350
1674.57 350
1675.57 350
1676.59 353
1677.58 353
1678.59 353
1679.57 353
1680.61 353
1681.6 353
1682.6 353
1683.64 353
1684.61 353
1685.63 353
1686.62 353
1687.63 353
1688.62 353
1689.64 357
1690.63 357
1691.65 357
1692.64 357
1693.65 357
1694.66 357
1695.67 356
1696.7 356
1697.7 356
1698.7 356
1699.68 356
1700.72 356
1701.69 356
1702.71 356
1703.7 356
1704.72 356
1705.71 356
1706.72 356
1707.73 356
1708.72 356
1709.73 356
1710.75 356
1711.74 356
1712.74 356
1713.77 356
1714.75 356
1715.76 356
1716.75 356
1717.76 356
1718.79 356
1719.79 355
1720.79 355
1721.8 355
1722.8 355
1723.81 354
1724.81 354
1725.8 354
1726.82 354
1727.81 354
1728.81 354
1729.83 354
1730.85 354
1731.85 353
1732.82 353
1733.85 353
1734.82 353
1735.86 353
1736.86 353
1737.84 357
1738.86 357
1739.86 357
1740.86 357
1741.87 357
1742.87 357
1743.89 357
1744.89 357
1745.91 357
1746.87 357
1747.92 357
1748.93 357
1749.92 357
1750.91 357
1751.9 357
1752.93 357
1753.93 357
1754.93 357
1755.93 357
1756.94 356
1757.91 356
1758.96 356
1759.96 356
1760.94 356
1761.98 356
1762.97 356
1763.98 356
1764.98 356
1765.97 356
1766.98 356
1767.98 356
1768.99 356
1770.01 355
1771.02 355
1772.02 355
1773.02 355
1774.04 355
1775.02 359
1776.03 359
1777.03 359
1778.03 359
1779.08 359
1780.08 359
1781.08 358
1782.05 358
1783.1 358
1784.1 358
1785.1 358
1786.13 358
1787.11 362
1788.12 362
1789.14 362
1790.13 362
1791.12 362
1792.15 362
1793.17 361
1794.15 361
1795.15 361
1796.18 361
1797.15 361
1798.17 361
1799.18 361
1800.19 361
1801.21 361
1802.19 361
1803.19 361
1804.2 361
1805.21 361
1806.21 361
1807.22 361
1808.24 361
1809.23 361
1810.24 361
1811.24 361
1812.25 361
1813.26 361
1814.26 361
1815.25 360
1816.26 360
1817.28 360
1818.29 360
1819.28 360
1819.68 360
