# timestamp	GC Total Latency (msec)		Read Latency (msec)	Write Latency (msec)\n
77.5263 7 0 0
78.5263 6 0 0
79.5262 7 0 0
80.5262 11 2 1
81.5263 14 4 2
82.5263 17 5 3
83.5262 20 7 4
84.5262 22 9 5
85.5262 25 11 6
86.5262 29 13 8
87.5262 33 15 10
88.5262 39 19 12
89.5262 49 25 16
90.5262 69 37 25
91.5262 105 58 40
92.5262 176 99 72
93.5262 263 139 118
94.5262 354 177 172
95.5261 450 218 229
96.5261 592 286 303
97.5549 764 370 393
98.5541 926 445 481
99.5541 1088 521 568
100.554 1234 588 649
101.554 1364 646 722
102.554 1497 705 796
103.554 1629 765 870
104.554 1750 818 939
105.554 1864 868 1004
106.554 1970 913 1066
107.554 2080 961 1129
108.554 2183 1005 1189
109.554 2290 1049 1252
110.554 2370 1082 1299
111.554 2464 1120 1356
112.554 2550 1156 1407
113.554 2635 1192 1457
114.554 2708 1222 1500
115.554 2783 1252 1545
116.554 2849 1279 1585
117.554 2927 1312 1631
118.554 2990 1338 1669
119.554 3055 1364 1707
120.554 3117 1390 1744
121.554 3179 1416 1781
122.554 3242 1442 1819
123.554 3291 1462 1848
124.556 3343 1483 1878
125.554 3399 1507 1911
126.554 3450 1528 1941
127.554 3493 1546 1967
128.556 3541 1566 1996
129.554 3585 1584 2023
130.554 3627 1601 2048
131.554 3671 1618 2074
132.554 3716 1637 2101
133.554 3753 1652 2123
134.555 3794 1669 2147
135.554 3832 1684 2170
136.554 3869 1699 2192
137.554 3902 1713 2212
138.554 3939 1728 2234
139.554 3971 1741 2254
140.554 4002 1753 2272
141.554 4034 1767 2291
142.554 4063 1779 2308
143.554 4094 1792 2326
144.554 4122 1803 2343
145.554 4148 1814 2359
146.554 4177 1826 2376
147.554 4201 1836 2391
148.554 4226 1845 2405
149.554 4250 1855 2420
150.554 4275 1866 2435
151.554 4297 1874 2448
152.554 4321 1884 2462
153.554 4343 1894 2476
154.554 4365 1902 2489
155.554 4385 1910 2501
156.554 4406 1919 2514
157.554 4425 1926 2525
158.554 4446 1935 2538
159.554 4469 1944 2551
160.554 4485 1951 2561
161.554 4504 1958 2572
162.554 4522 1966 2583
163.554 4538 1972 2593
164.554 4555 1979 2604
165.554 4571 1985 2613
166.553 4588 1992 2624
167.554 4604 1998 2633
168.553 4619 2004 2642
169.553 4635 2011 2652
170.553 4652 2017 2663
171.554 4665 2022 2671
172.553 4681 2028 2681
173.553 4696 2034 2690
174.553 4711 2040 2699
175.553 4724 2046 2707
176.553 4737 2051 2716
177.553 4750 2056 2723
178.553 4763 2061 2732
179.554 4776 2066 2739
180.553 4788 2071 2747
181.553 4801 2076 2755
182.553 4815 2081 2763
183.553 4827 2086 2771
184.554 4839 2090 2778
185.553 4849 2095 2785
186.553 4862 2099 2793
187.553 4874 2104 2800
188.553 4886 2108 2807
189.553 4897 2113 2814
190.553 4909 2117 2822
191.554 4919 2121 2829
192.553 4929 2125 2835
193.557 4940 2129 2842
194.557 4951 2133 2849
195.557 4960 2136 2854
196.557 4971 2140 2862
197.557 4982 2144 2869
198.561 4992 2148 2875
199.557 5002 2151 2882
200.557 5013 2155 2889
201.557 5022 2159 2894
202.558 5033 2163 2901
203.557 5041 2165 2907
204.557 5050 2169 2913
205.557 5059 2172 2918
206.557 5069 2176 2925
207.561 5078 2179 2930
208.557 5087 2182 2936
209.557 5096 2185 2942
210.557 5105 2189 2948
211.557 5115 2192 2954
212.557 5123 2195 2960
213.557 5132 2198 2966
214.557 5141 2201 2972
215.557 5151 2205 2978
216.557 5157 2207 2982
217.559 5166 2210 2988
218.557 5175 2213 2993
219.557 5182 2216 2998
220.557 5190 2219 3004
221.557 5199 2222 3009
222.557 5206 2225 3014
223.557 5215 2228 3020
224.558 5223 2231 3025
225.557 5231 2234 3030
226.557 5239 2236 3035
227.557 5247 2239 3041
228.566 5254 2242 3045
229.565 5262 2244 3051
230.565 5270 2247 3056
231.566 5278 2250 3061
232.566 5284 2252 3065
233.565 5292 2255 3070
234.565 5298 2257 3074
235.573 5305 2260 3079
236.573 5312 2262 3083
237.573 5319 2264 3089
238.573 5326 2267 3093
239.573 5334 2269 3098
240.573 5340 2271 3102
241.573 5346 2274 3106
242.573 5351 2276 3109
243.573 5358 2278 3114
244.573 5364 2280 3118
245.573 5370 2282 3122
246.573 5375 2284 3126
247.573 5382 2286 3130
248.573 5389 2288 3135
249.576 5395 2290 3139
250.573 5401 2292 3143
251.573 5408 2295 3147
252.573 5413 2296 3151
253.573 5420 2299 3155
254.576 5425 2300 3159
255.573 5430 2302 3162
256.573 5436 2304 3166
257.573 5441 2306 3170
258.573 5446 2307 3173
259.573 5453 2310 3178
260.573 5457 2311 3180
261.573 5461 2313 3183
262.573 5466 2315 3186
263.573 5472 2317 3190
264.573 5478 2318 3194
265.573 5484 2320 3198
266.573 5490 2322 3202
267.573 5495 2324 3206
268.573 5502 2326 3210
269.574 5507 2328 3214
270.573 5511 2330 3216
271.573 5517 2332 3220
272.573 5523 2333 3224
273.573 5528 2335 3228
274.574 5534 2337 3232
275.573 5540 2339 3236
276.573 5544 2341 3239
277.573 5549 2342 3242
278.573 5555 2344 3246
279.573 5561 2346 3250
280.573 5566 2347 3254
281.573 5572 2349 3258
282.573 5578 2351 3262
283.573 5583 2353 3266
284.573 5589 2354 3270
285.573 5593 2356 3273
286.573 5598 2358 3276
287.573 5604 2359 3280
288.573 5609 2361 3284
289.573 5615 2363 3288
290.573 5621 2365 3292
291.573 5625 2366 3295
292.573 5630 2367 3298
293.573 5635 2369 3302
294.573 5640 2371 3305
295.573 5645 2372 3309
296.573 5650 2374 3312
297.573 5654 2375 3315
298.573 5658 2376 3318
299.573 5663 2378 3322
300.573 5668 2379 3325
301.573 5674 2381 3329
302.573 5678 2382 3332
303.573 5683 2384 3336
304.573 5688 2385 3339
305.573 5693 2387 3343
306.573 5697 2388 3346
307.573 5703 2389 3350
308.573 5708 2391 3354
309.577 5713 2393 3358
310.578 5717 2394 3360
311.577 5723 2395 3364
312.577 5728 2397 3368
313.577 5733 2398 3372
314.577 5738 2400 3376
315.577 5744 2401 3379
316.577 5749 2403 3384
317.576 5755 2405 3388
318.576 5761 2406 3392
319.577 5765 2407 3395
320.576 5769 2408 3398
321.577 5775 2410 3402
322.576 5779 2411 3405
323.576 5784 2412 3409
324.576 5790 2414 3414
325.576 5794 2415 3417
326.576 5800 2416 3421
327.576 5805 2418 3425
328.576 5811 2419 3429
329.576 5817 2421 3434
330.576 5822 2422 3438
331.576 5829 2424 3443
332.576 5834 2425 3447
333.584 5840 2426 3452
334.584 5848 2428 3458
335.584 5854 2430 3463
336.584 5861 2431 3468
337.584 5868 2433 3473
338.584 5875 2435 3479
339.584 5883 2436 3485
340.584 5890 2438 3490
341.589 5899 2440 3497
342.588 5905 2441 3502
343.588 5913 2443 3509
344.589 5922 2445 3515
345.588 5928 2447 3520
346.596 5936 2448 3526
347.594 5943 2450 3532
348.592 5953 2452 3540
349.592 5959 2454 3544
350.592 5966 2455 3550
351.592 5973 2457 3555
352.592 5981 2459 3561
353.592 5988 2461 3567
354.592 5997 2463 3574
355.593 6008 2465 3582
356.592 6012 2466 3585
357.592 6023 2469 3593
358.592 6030 2470 3599
359.592 6036 2472 3604
360.593 6051 2476 3615
361.592 6054 2476 3618
362.596 6065 2479 3626
363.592 6072 2480 3632
364.592 6084 2483 3641
365.592 6092 2485 3647
366.592 6101 2487 3654
367.592 6111 2489 3663
368.592 6125 2492 3673
369.592 6133 2494 3679
370.592 6140 2495 3685
371.593 6151 2498 3694
372.592 6160 2500 3701
373.592 6171 2502 3709
374.593 6182 2505 3719
375.592 6190 2507 3725
376.592 6206 2510 3737
377.592 6206 2509 3738
378.592 6214 2511 3744
379.592 6226 2514 3753
380.592 6235 2516 3761
381.592 6248 2519 3771
382.592 6257 2520 3778
383.594 6268 2523 3787
384.592 6281 2526 3798
385.592 6298 2529 3811
386.592 6299 2528 3813
387.592 6315 2532 3825
388.592 6332 2536 3839
389.592 6331 2535 3839
390.592 6338 2536 3844
391.592 6360 2541 3861
392.592 6359 2540 3861
393.592 6371 2543 3871
394.592 6383 2545 3880
395.594 6403 2550 3896
396.592 6407 2550 3900
397.593 6423 2554 3912
398.592 6445 2558 3930
399.592 6464 2561 3946
400.592 6461 2561 3944
401.592 6470 2563 3951
402.592 6491 2567 3967
403.597 6503 2570 3978
404.596 6517 2573 3989
405.597 6553 2580 4018
406.596 6553 2580 4018
407.596 6562 2582 4025
408.596 6601 2590 4057
409.596 6631 2595 4082
410.596 6621 2592 4074
411.596 6620 2592 4074
412.598 6630 2594 4081
413.596 6636 2595 4086
414.596 6691 2606 4130
415.596 6757 2620 4184
416.597 6783 2625 4206
417.596 6765 2618 4194
418.596 6749 2612 4184
419.596 6736 2607 4175
420.596 6730 2605 4171
421.596 6730 2606 4171
422.596 6735 2607 4175
423.596 6742 2609 4180
424.596 6749 2610 4185
425.596 6760 2613 4194
426.596 6813 2624 4237
427.596 6883 2638 4293
428.598 6953 2652 4350
429.596 6945 2648 4345
430.596 6927 2641 4334
431.596 6910 2635 4324
432.596 6894 2629 4313
433.596 6878 2623 4303
434.597 6865 2619 4294
435.596 6860 2617 4290
436.596 6859 2617 4290
437.598 6863 2618 4292
438.596 6867 2620 4295
439.596 6872 2621 4299
440.596 6878 2622 4303
441.596 6885 2624 4309
442.596 6893 2626 4315
443.596 6913 2630 4332
444.6 6920 2632 4337
445.6 6960 2640 4369
446.6 7004 2648 4405
447.6 7034 2654 4430
448.603 7105 2668 4487
449.6 7142 2675 4517
450.6 7124 2668 4505
451.6 7104 2661 4493
452.6 7088 2655 4482
453.603 7070 2648 4471
454.6 7055 2643 4461
455.6 7045 2640 4455
456.6 7042 2640 4452
457.6 7043 2640 4452
458.6 7046 2641 4454
459.6 7050 2642 4457
460.6 7058 2645 4463
461.6 7059 2645 4464
462.6 7065 2646 4469
463.6 7075 2648 4476
464.603 7086 2651 4485
465.6 7128 2659 4519
466.6 7126 2658 4518
467.6 7127 2658 4519
468.6 7133 2659 4523
469.6 7150 2663 4537
470.6 7213 2676 4588
471.611 7268 2687 4632
472.609 7264 2685 4631
473.608 7255 2682 4625
474.608 7240 2677 4615
475.608 7229 2673 4607
476.608 7227 2673 4605
477.608 7229 2674 4607
478.608 7233 2675 4610
479.608 7239 2676 4615
480.608 7279 2684 4647
481.608 7273 2682 4643
482.608 7275 2683 4644
483.608 7281 2684 4648
484.608 7302 2689 4665
485.754 7359 2700 4711
486.752 7421 2713 4761
487.752 7457 2721 4790
488.752 7447 2717 4783
489.752 7435 2713 4775
490.752 7423 2709 4767
491.76 7417 2707 4763
492.76 7417 2707 4762
493.76 7419 2708 4764
494.76 7422 2709 4766
495.76 7426 2710 4769
496.76 7432 2712 4774
497.76 7442 2714 4782
498.76 7501 2726 4828
499.76 7529 2732 4851
500.76 7516 2728 4843
501.76 7506 2724 4835
502.76 7502 2723 4832
503.76 7504 2724 4834
504.76 7507 2725 4835
505.76 7511 2726 4839
506.76 7529 2730 4854
507.76 7587 2742 4900
508.76 7579 2739 4894
509.76 7570 2737 4888
510.76 7570 2737 4888
511.759 7573 2738 4890
512.759 7579 2739 4894
513.781 7618 2747 4926
514.78 7611 2745 4921
515.779 7615 2746 4924
516.78 7625 2748 4932
517.78 7635 2750 4940
518.779 7662 2756 4962
519.78 7683 2760 4978
520.781 7686 2761 4981
521.78 7708 2766 4998
522.779 7716 2768 5005
523.78 7725 2769 5011
524.78 7738 2772 5022
525.779 7764 2777 5043
526.783 7767 2778 5045
527.788 7784 2782 5059
528.787 7794 2784 5067
529.789 7816 2788 5085
530.787 7832 2791 5097
531.79 7836 2793 5100
532.787 7867 2799 5125
533.787 7867 2799 5125
534.787 7868 2799 5126
535.788 7876 2801 5132
536.787 7906 2807 5157
537.789 7906 2807 5156
538.787 7914 2809 5162
539.787 7939 2814 5183
540.787 7945 2816 5187
541.795 7974 2822 5210
542.791 7973 2822 5210
543.792 7980 2823 5215
544.791 8001 2828 5232
545.791 8006 2829 5236
546.791 8025 2833 5251
547.8 8039 2836 5262
548.799 8054 2839 5274
549.799 8066 2841 5283
550.799 8070 2843 5287
551.799 8086 2846 5300
552.799 8096 2848 5307
553.799 8109 2851 5318
554.799 8123 2854 5328
555.799 8131 2856 5335
556.823 8153 2860 5352
557.819 8153 2860 5353
558.819 8171 2864 5368
559.819 8205 2871 5394
560.823 8204 2871 5394
561.823 8205 2871 5395
562.827 8207 2872 5396
563.829 8216 2873 5403
564.828 8240 2878 5423
565.832 8248 2880 5429
566.831 8249 2881 5429
567.831 8251 2881 5431
568.832 8288 2889 5460
569.831 8294 2890 5466
570.831 8291 2889 5464
571.831 8294 2890 5465
572.832 8321 2896 5487
573.831 8324 2896 5490
574.831 8322 2896 5488
575.831 8323 2896 5489
576.832 8330 2897 5494
577.849 8357 2903 5516
578.847 8381 2908 5536
579.847 8375 2906 5531
580.849 8376 2907 5531
581.847 8377 2907 5532
582.848 8387 2909 5540
583.848 8390 2910 5542
584.847 8423 2917 5569
585.848 8448 2922 5589
586.847 8470 2926 5606
587.847 8461 2923 5600
588.847 8456 2922 5596
589.847 8455 2923 5596
590.848 8458 2923 5597
591.85 8459 2924 5598
592.847 8464 2925 5602
593.847 8472 2926 5609
594.847 8473 2926 5610
595.847 8499 2932 5631
596.847 8514 2935 5643
597.847 8508 2933 5639
598.847 8510 2934 5639
599.851 8512 2934 5641
600.857 8529 2938 5655
601.859 8542 2940 5665
602.868 8538 2940 5662
603.872 8538 2940 5662
604.876 8549 2942 5671
605.88 8551 2943 5672
606.884 8565 2946 5683
607.888 8573 2947 5690
608.892 8588 2951 5702
609.896 8593 2952 5706
610.918 8608 2955 5718
611.921 8630 2959 5735
612.924 8627 2959 5733
613.928 8629 2959 5734
614.932 8643 2962 5746
615.936 8643 2962 5745
616.94 8648 2963 5750
617.945 8661 2966 5760
618.95 8666 2967 5763
619.952 8678 2970 5773
620.957 8679 2970 5774
621.961 8694 2973 5786
622.965 8716 2978 5804
623.969 8712 2977 5801
624.977 8714 2977 5801
625.981 8717 2978 5804
626.985 8734 2981 5818
627.989 8733 2982 5817
628.994 8739 2983 5821
629.997 8756 2986 5835
631.001 8754 2986 5834
632.005 8756 2987 5835
633.01 8767 2989 5844
634.014 8771 2990 5847
635.018 8796 2995 5867
636.021 8798 2995 5869
637.027 8798 2995 5868
638.03 8807 2998 5876
639.035 8808 2998 5876
640.038 8825 3001 5890
641.042 8823 3001 5889
642.047 8827 3002 5892
643.05 8846 3006 5907
644.054 8850 3006 5910
645.058 8851 3007 5910
646.062 8856 3008 5914
647.115 8881 3013 5935
648.118 8877 3012 5932
649.122 8879 3012 5933
650.127 8884 3014 5937
651.131 8905 3018 5954
652.134 8900 3017 5950
653.138 8902 3017 5951
654.143 8907 3018 5956
655.147 8916 3020 5963
656.151 8920 3021 5967
657.16 8934 3024 5977
658.163 8935 3024 5978
659.167 8944 3026 5985
660.176 8948 3027 5988
661.179 8955 3028 5994
662.183 8962 3030 5999
663.191 8967 3031 6004
664.191 8976 3033 6011
665.195 8980 3034 6014
666.199 8993 3037 6024
667.2 9000 3038 6030
668.203 9012 3040 6039
669.207 9013 3041 6040
670.213 9030 3045 6054
671.216 9028 3044 6052
672.22 9031 3045 6054
673.258 9051 3049 6070
674.262 9047 3048 6067
675.295 9051 3049 6070
676.296 9059 3051 6077
677.3 9061 3051 6078
678.304 9080 3055 6094
679.308 9083 3056 6096
680.312 9084 3056 6096
681.329 9096 3059 6107
682.332 9098 3059 6108
683.336 9098 3059 6108
684.359 9111 3062 6118
685.36 9128 3066 6132
686.418 9124 3065 6128
687.42 9124 3065 6128
688.425 9131 3066 6134
689.428 9137 3068 6139
690.432 9136 3067 6138
691.437 9137 3068 6138
692.441 9153 3071 6151
693.445 9150 3070 6149
694.449 9151 3071 6149
695.453 9156 3072 6154
696.463 9178 3077 6171
697.467 9174 3075 6168
698.469 9173 3076 6167
699.473 9174 3076 6168
700.477 9182 3077 6174
701.481 9181 3077 6173
702.485 9188 3079 6179
703.489 9205 3082 6193
704.493 9202 3081 6190
705.497 9202 3082 6190
706.502 9206 3083 6194
707.505 9222 3086 6206
708.509 9220 3085 6205
709.513 9222 3086 6206
710.517 9228 3087 6211
711.521 9229 3088 6212
712.526 9238 3089 6219
713.53 9241 3090 6221
714.534 9249 3092 6227
715.538 9255 3093 6233
716.542 9266 3095 6241
717.546 9269 3096 6244
718.55 9276 3097 6249
719.554 9283 3099 6254
720.558 9289 3100 6260
721.562 9297 3102 6266
722.573 9302 3103 6270
723.574 9314 3106 6280
724.579 9316 3106 6281
725.582 9320 3107 6285
726.586 9324 3108 6287
727.59 9335 3110 6296
728.594 9336 3110 6297
729.599 9350 3113 6308
730.602 9351 3114 6309
731.607 9352 3114 6309
732.614 9362 3116 6318
733.614 9368 3117 6323
734.619 9368 3117 6322
735.623 9376 3119 6329
736.627 9375 3119 6328
737.631 9384 3121 6335
738.635 9385 3121 6336
739.639 9389 3122 6339
740.643 9394 3123 6343
741.647 9399 3124 6347
742.651 9407 3126 6353
743.655 9411 3127 6356
744.659 9421 3129 6364
745.663 9422 3129 6365
746.677 9436 3132 6377
747.679 9434 3132 6374
748.683 9435 3132 6375
749.687 9449 3135 6386
750.691 9445 3134 6383
751.695 9446 3134 6384
752.695 9458 3137 6393
753.699 9457 3137 6392
754.703 9458 3137 6393
755.707 9473 3140 6405
756.711 9473 3140 6405
757.715 9472 3140 6405
758.72 9480 3142 6411
759.726 9479 3141 6410
760.728 9479 3141 6410
761.732 9490 3144 6419
762.736 9487 3143 6417
763.74 9489 3144 6418
764.744 9498 3145 6425
765.748 9498 3145 6425
766.752 9508 3148 6433
767.756 9509 3148 6434
768.768 9514 3149 6438
769.784 9515 3149 6439
770.79 9524 3151 6446
771.792 9525 3151 6446
772.796 9529 3152 6450
773.8 9536 3154 6455
774.804 9537 3154 6456
775.808 9552 3157 6468
776.812 9552 3157 6468
777.816 9552 3157 6468
778.821 9553 3157 6469
779.831 9570 3161 6483
780.833 9566 3160 6479
781.837 9565 3160 6479
782.84 9565 3160 6479
783.844 9576 3162 6487
784.848 9573 3162 6485
785.853 9574 3162 6486
786.857 9586 3164 6495
787.861 9584 3164 6493
788.865 9584 3164 6494
789.869 9593 3166 6501
790.873 9593 3166 6501
791.877 9597 3167 6504
792.883 9608 3169 6513
793.885 9606 3169 6511
794.889 9607 3169 6512
795.893 9613 3170 6517
796.897 9616 3171 6519
797.901 9617 3171 6520
798.905 9622 3172 6524
799.909 9627 3173 6527
800.913 9632 3175 6532
801.917 9635 3175 6534
802.921 9641 3177 6539
803.925 9649 3178 6545
804.929 9651 3179 6546
805.935 9661 3181 6555
806.937 9660 3181 6553
807.944 9665 3182 6558
808.945 9665 3182 6558
809.949 9670 3183 6562
810.954 9674 3184 6564
811.958 9681 3185 6570
812.961 9683 3186 6572
813.965 9689 3187 6577
814.969 9689 3187 6577
815.974 9696 3189 6582
816.978 9697 3189 6583
817.982 9701 3190 6586
818.987 9708 3191 6592
819.99 9708 3191 6591
820.994 9717 3193 6598
821.998 9717 3193 6598
823.002 9724 3195 6604
824.006 9723 3195 6603
825.017 9729 3196 6608
826.018 9729 3196 6608
827.022 9737 3198 6615
828.026 9737 3198 6614
829.034 9739 3198 6616
830.034 9748 3200 6623
831.038 9747 3200 6622
832.043 9751 3201 6626
833.046 9757 3202 6630
834.052 9758 3202 6631
835.055 9762 3203 6634
836.058 9766 3204 6637
837.062 9765 3204 6636
838.067 9770 3205 6640
839.07 9771 3205 6641
840.076 9777 3206 6646
841.078 9778 3207 6647
842.082 9786 3208 6653
843.087 9788 3209 6654
844.09 9792 3210 6658
845.094 9795 3210 6660
846.098 9795 3211 6660
847.103 9800 3212 6664
848.107 9805 3213 6668
849.111 9809 3214 6671
850.115 9809 3214 6671
851.119 9818 3215 6678
852.123 9817 3215 6677
853.127 9819 3216 6679
854.131 9821 3216 6681
855.135 9823 3217 6682
856.139 9827 3218 6686
857.143 9833 3219 6690
858.153 9839 3220 6695
859.155 9841 3220 6696
860.159 9849 3222 6703
861.163 9848 3222 6702
862.167 9853 3223 6705
863.171 9852 3223 6705
864.175 9858 3224 6710
865.179 9857 3224 6709
866.183 9860 3225 6711
867.187 9863 3225 6713
868.191 9867 3227 6717
869.195 9869 3227 6719
870.199 9876 3228 6724
871.203 9878 3229 6725
872.208 9882 3230 6728
873.211 9887 3231 6732
874.23 9890 3231 6735
875.231 9894 3232 6738
876.232 9900 3233 6743
877.235 9901 3234 6743
878.239 9906 3235 6748
879.244 9908 3235 6749
880.247 9911 3236 6752
881.256 9916 3237 6756
882.259 9920 3238 6759
883.263 9922 3238 6760
884.267 9927 3239 6764
885.272 9932 3241 6769
886.276 9937 3241 6772
887.28 9939 3242 6774
888.284 9944 3243 6778
889.288 9950 3244 6783
890.292 9950 3244 6783
891.296 9955 3245 6787
892.3 9958 3246 6789
893.304 9964 3247 6794
894.308 9965 3248 6795
895.312 9970 3249 6799
896.318 9974 3249 6802
897.32 9975 3250 6803
898.324 9978 3250 6805
899.328 9983 3251 6809
900.332 9990 3253 6814
901.336 9991 3253 6815
902.341 9992 3254 6816
903.35 9995 3254 6818
904.352 9999 3255 6822
905.356 10002 3256 6824
906.37 10008 3257 6829
907.372 10008 3257 6828
908.376 10012 3258 6832
909.38 10013 3258 6832
910.384 10017 3259 6836
911.388 10020 3260 6838
912.394 10020 3260 6837
913.403 10025 3261 6842
914.404 10025 3261 6841
915.408 10026 3261 6843
916.412 10030 3262 6846
917.416 10034 3263 6849
918.42 10036 3263 6851
919.424 10039 3264 6853
920.428 10043 3265 6856
921.432 10047 3266 6859
922.436 10050 3266 6862
923.44 10054 3267 6865
924.445 10057 3268 6867
925.448 10060 3268 6869
926.454 10062 3269 6871
927.457 10066 3270 6874
928.461 10070 3271 6877
929.465 10072 3271 6879
930.469 10076 3272 6882
931.473 10079 3273 6884
932.477 10081 3273 6886
933.481 10085 3274 6889
934.485 10088 3275 6892
935.489 10091 3275 6894
936.493 10094 3276 6896
937.497 10099 3277 6900
938.501 10100 3277 6901
939.505 10106 3279 6905
940.509 10105 3279 6905
941.513 10109 3279 6908
942.517 10109 3279 6908
943.521 10112 3280 6911
944.525 10116 3281 6914
945.531 10119 3282 6916
946.595 10121 3282 6918
947.597 10127 3283 6922
948.601 10126 3283 6922
949.605 10130 3284 6925
950.609 10131 3284 6925
951.613 10135 3285 6928
952.626 10140 3286 6932
953.629 10138 3286 6931
954.633 10143 3287 6935
955.637 10142 3287 6934
956.641 10142 3287 6934
957.645 10149 3288 6939
958.649 10149 3288 6939
959.654 10149 3289 6939
960.657 10150 3289 6940
961.661 10152 3289 6942
962.665 10154 3290 6943
963.678 10157 3290 6945
964.681 10156 3290 6945
965.685 10159 3291 6947
966.689 10162 3292 6950
967.693 10163 3292 6950
968.698 10169 3293 6955
969.701 10169 3293 6955
970.706 10172 3294 6957
971.71 10174 3294 6959
972.713 10175 3294 6959
973.718 10177 3295 6961
974.721 10182 3296 6965
975.725 10181 3296 6964
976.73 10186 3297 6968
977.734 10185 3297 6967
978.74 10187 3297 6969
979.742 10187 3297 6969
980.746 10191 3298 6972
981.75 10194 3299 6974
982.754 10195 3299 6976
983.758 10198 3300 6978
984.762 10201 3300 6980
985.766 10204 3301 6982
986.77 10206 3301 6984
987.774 10209 3302 6987
988.778 10213 3303 6989
989.782 10216 3303 6992
990.786 10217 3304 6993
991.794 10220 3304 6995
992.794 10223 3305 6998
993.798 10223 3305 6998
994.802 10228 3306 7002
995.806 10230 3307 7003
996.81 10231 3307 7004
997.814 10237 3308 7009
998.821 10236 3308 7008
999.822 10239 3308 7010
1000.83 10238 3309 7009
1001.84 10244 3310 7014
1002.84 10242 3309 7013
1003.84 10244 3310 7014
1004.85 10246 3310 7015
1005.85 10247 3310 7016
1006.85 10247 3311 7017
1007.86 10250 3311 7019
1008.86 10251 3311 7019
1009.87 10252 3312 7020
1010.87 10254 3312 7022
1011.87 10257 3313 7024
1012.88 10260 3313 7026
1013.88 10261 3314 7028
1014.89 10264 3314 7029
1015.89 10268 3315 7033
1016.89 10269 3315 7034
1017.9 10272 3316 7036
1018.91 10275 3317 7038
1019.91 10277 3317 7040
1020.91 10278 3317 7041
1021.92 10281 3318 7043
1022.92 10284 3319 7045
1023.93 10286 3319 7047
1024.94 10288 3320 7048
1025.94 10292 3320 7051
1026.94 10294 3321 7053
1027.95 10296 3321 7055
1028.95 10299 3322 7057
1029.95 10301 3322 7059
1030.96 10303 3323 7060
1031.96 10306 3324 7063
1032.97 10309 3324 7065
1033.97 10311 3325 7066
1034.97 10313 3325 7068
1035.98 10317 3326 7071
1036.98 10318 3326 7072
1037.99 10320 3327 7074
1038.99 10324 3327 7077
1039.99 10325 3328 7078
1041 10327 3328 7080
1042 10329 3329 7081
1043.01 10332 3329 7083
1044.01 10335 3330 7085
1045.01 10336 3330 7087
1046.02 10337 3330 7088
1047.02 10340 3331 7090
1048.04 10344 3332 7093
1049.04 10347 3332 7095
1050.05 10347 3333 7095
1051.05 10350 3333 7097
1052.05 10351 3333 7098
1053.06 10355 3334 7101
1054.06 10353 3334 7100
1055.07 10355 3334 7101
1056.08 10358 3335 7104
1057.08 10361 3336 7106
1058.08 10363 3336 7108
1059.09 10365 3337 7109
1060.09 10367 3337 7111
1061.09 10369 3337 7113
1062.1 10371 3338 7114
1063.1 10372 3338 7115
1064.11 10374 3339 7117
1065.11 10376 3339 7118
1066.11 10376 3339 7118
1067.12 10379 3340 7120
1068.12 10379 3340 7120
1069.13 10383 3341 7124
1070.13 10382 3340 7122
1071.14 10382 3341 7122
1072.14 10384 3341 7124
1073.14 10384 3341 7124
1074.15 10386 3341 7126
1075.15 10389 3342 7128
1076.16 10388 3342 7127
1077.16 10392 3343 7130
1078.16 10391 3343 7130
1079.17 10393 3343 7131
1080.18 10398 3344 7135
1081.18 10396 3344 7134
1082.18 10399 3344 7136
1083.19 10399 3344 7135
1084.21 10400 3345 7137
1085.21 10401 3345 7137
1086.21 10402 3345 7138
1087.22 10404 3346 7140
1088.22 10406 3346 7141
1089.22 10407 3346 7142
1090.22 10409 3347 7143
1091.24 10410 3347 7144
1092.24 10413 3348 7146
1093.24 10415 3348 7148
1094.25 10416 3348 7149
1095.25 10418 3349 7151
1096.26 10421 3350 7152
1097.26 10421 3350 7153
1098.26 10422 3350 7154
1099.27 10422 3350 7153
1100.27 10424 3350 7155
1101.28 10426 3351 7156
1102.28 10427 3351 7157
1103.28 10428 3351 7158
1104.3 10430 3352 7160
1105.3 10430 3352 7160
1106.31 10431 3352 7160
1107.31 10434 3353 7163
1108.32 10434 3353 7163
1109.32 10435 3353 7164
1110.32 10437 3353 7165
1111.33 10439 3354 7167
1112.33 10440 3354 7167
1113.34 10445 3355 7171
1114.34 10443 3355 7170
1115.35 10443 3355 7170
1116.35 10446 3355 7172
1117.36 10445 3355 7172
1118.36 10448 3356 7173
1119.36 10449 3356 7174
1120.37 10450 3356 7176
1121.37 10453 3357 7177
1122.38 10453 3357 7177
1123.38 10456 3358 7180
1124.38 10457 3358 7181
1125.39 10459 3359 7183
1126.4 10461 3359 7184
1127.4 10462 3359 7185
1128.4 10463 3359 7185
1129.41 10466 3360 7188
1130.41 10466 3360 7187
1131.42 10468 3361 7190
1132.42 10468 3361 7190
1133.42 10471 3361 7192
1134.43 10473 3362 7193
1135.43 10474 3362 7194
1136.44 10476 3362 7195
1137.44 10477 3363 7197
1138.44 10480 3363 7198
1139.45 10481 3363 7199
1140.45 10484 3364 7201
1141.46 10485 3364 7202
1142.46 10487 3365 7205
1143.46 10489 3365 7205
1144.47 10490 3366 7206
1145.47 10491 3366 7207
1146.48 10492 3366 7208
1147.49 10493 3366 7209
1148.49 10493 3366 7209
1149.49 10496 3367 7211
1150.51 10498 3367 7213
1151.51 10500 3368 7214
1152.51 10500 3368 7214
1153.52 10502 3368 7216
1154.52 10503 3369 7216
1155.52 10505 3369 7218
1156.53 10505 3369 7218
1157.53 10508 3370 7221
1158.54 10507 3370 7220
1159.54 10508 3370 7221
1160.54 10510 3370 7222
1161.55 10510 3370 7222
1162.55 10511 3370 7223
1163.56 10514 3371 7225
1164.56 10514 3371 7225
1165.56 10517 3372 7227
1166.57 10517 3372 7227
1167.57 10517 3372 7227
1168.58 10520 3373 7230
1169.58 10520 3373 7229
1170.59 10522 3373 7231
1171.59 10522 3373 7231
1172.59 10522 3373 7231
1173.6 10524 3374 7232
1174.6 10524 3374 7232
1175.61 10526 3374 7234
1176.61 10527 3374 7235
1177.62 10528 3375 7236
1178.62 10530 3375 7237
1179.62 10531 3375 7238
1180.63 10531 3375 7238
1181.63 10532 3376 7239
1182.64 10534 3376 7240
1183.64 10534 3376 7240
1184.64 10536 3376 7242
1185.65 10538 3377 7243
1186.65 10540 3377 7245
1187.66 10540 3377 7245
1188.66 10542 3378 7247
1189.66 10542 3378 7247
1190.67 10544 3378 7248
1191.67 10546 3379 7250
1192.68 10547 3379 7251
1193.69 10548 3379 7252
1194.69 10549 3380 7252
1195.7 10551 3380 7254
1196.7 10553 3380 7255
1197.7 10553 3381 7255
1198.71 10554 3381 7256
1199.72 10555 3381 7257
1200.72 10557 3381 7258
1201.73 10558 3382 7260
1202.73 10560 3382 7261
1203.74 10561 3382 7262
1204.74 10563 3383 7263
1205.77 10565 3383 7265
1206.77 10565 3383 7264
1207.78 10566 3383 7265
1208.78 10567 3384 7266
1209.78 10569 3384 7268
1210.79 10568 3384 7267
1211.79 10568 3384 7267
1212.8 10571 3385 7270
1213.8 10570 3385 7268
1214.8 10570 3384 7268
1215.81 10571 3385 7269
1216.81 10572 3385 7270
1217.82 10573 3385 7271
1218.83 10575 3386 7272
1219.83 10576 3386 7273
1220.83 10577 3386 7274
1221.84 10579 3386 7275
1222.84 10579 3387 7276
1223.84 10582 3387 7278
1224.85 10583 3387 7278
1225.85 10584 3388 7279
1226.86 10585 3388 7280
1227.87 10587 3388 7281
1228.87 10588 3389 7283
1229.88 10590 3389 7284
1230.88 10591 3389 7285
1231.88 10593 3390 7286
1232.89 10593 3390 7287
1233.89 10595 3390 7288
1234.9 10597 3391 7289
1235.9 10596 3391 7289
1236.9 10596 3391 7289
1237.91 10598 3391 7290
1238.91 10599 3391 7291
1239.92 10600 3391 7292
1240.92 10600 3391 7291
1241.93 10601 3392 7292
1242.93 10603 3392 7294
1243.94 10604 3392 7295
1244.94 10605 3393 7295
1245.95 10606 3393 7296
1246.95 10607 3393 7297
1247.95 10608 3393 7298
1248.96 10609 3394 7299
1249.96 10610 3394 7300
1250.97 10611 3394 7300
1251.97 10612 3394 7301
1252.97 10612 3394 7301
1253.98 10614 3395 7302
1254.98 10616 3395 7304
1255.99 10617 3395 7305
1256.99 10617 3396 7305
1258 10619 3396 7307
1259 10620 3396 7307
1260 10621 3396 7308
1261.01 10621 3396 7308
1262.02 10623 3397 7310
1263.02 10622 3397 7309
1264.03 10624 3397 7310
1265.03 10624 3397 7310
1266.03 10626 3398 7312
1267.04 10627 3398 7312
1268.04 10626 3398 7312
1269.05 10629 3398 7314
1270.05 10628 3398 7313
1271.05 10631 3399 7315
1272.06 10630 3399 7314
