# timestamp	utilization (%) \n
-263.925 0
-258.77 0
-252.854 0
-246.662 0
-237.575 0
-229.671 0
-221.017 0
-215.126 0
-207.899 0
-200.356 0
-193.241 0
-185.29 0
-178.332 0
-169.531 0
-162.518 0
-155.746 0
-147.214 0
-139.708 0
-133.539 0
-125.358 0
-117.226 0
-110.192 0
-100.994 0
-95.6637 0
-86.1056 0
-79.9804 0
-70.8649 0
-61.0015 0
-53.8703 0
-46.1385 0
-36.716 0
-29.693 0
-20.5445 0
-13.5692 0
-8.05783 0
-2.06221 0
10.3142 0
15.3343 0
20.3542 0
25.3743 0
30.3943 0
35.4144 0
40.4343 0
45.4543 0
50.4863 0
55.5023 0
60.5143 0
65.5223 0
70.5263 0
75.5263 0
80.5263 0
85.5263 0
90.5262 0
95.5262 0
100.554 0
105.554 0
110.554 0
115.554 0
120.554 0
125.554 0
130.554 0
135.554 0
140.554 0
145.554 0
150.554 1
155.554 1
160.554 1
165.554 1
170.553 1
175.553 1
180.553 1
185.553 1
190.553 1
195.557 1
200.557 2
205.557 2
210.557 2
215.557 2
220.557 2
225.557 2
230.565 2
235.573 2
240.573 2
245.573 3
250.573 3
255.573 3
260.573 3
265.573 3
270.573 3
275.573 3
280.573 3
285.573 3
290.573 4
295.573 4
300.573 4
305.573 4
310.578 4
315.577 4
320.576 4
325.576 4
330.576 4
335.584 5
340.584 5
345.588 5
350.592 5
355.593 5
360.593 5
365.592 6
370.592 6
375.592 6
380.592 6
385.592 6
390.592 7
395.594 7
400.592 7
405.597 7
410.596 7
415.596 8
420.596 7
425.596 7
430.596 7
435.596 7
440.596 7
445.6 7
450.6 7
455.6 7
460.6 7
465.6 7
470.6 7
475.608 7
480.608 7
485.754 8
490.752 8
495.76 8
500.76 8
505.76 8
510.76 8
515.779 8
520.781 8
525.779 9
530.787 9
535.788 9
540.787 9
545.791 9
550.799 9
555.799 10
560.823 10
565.832 10
570.831 10
575.831 11
580.849 11
585.848 11
590.848 11
595.847 12
600.857 12
605.88 12
610.918 12
615.936 12
620.957 12
625.981 13
631.001 13
636.021 13
641.042 13
646.062 14
651.131 14
656.151 14
661.179 14
666.199 14
671.216 15
676.296 15
681.329 15
686.418 15
691.437 16
696.463 16
701.481 16
706.502 16
711.521 16
716.542 16
721.562 17
726.586 17
731.607 17
736.627 17
741.647 17
746.677 18
751.695 18
756.711 18
761.732 18
766.752 19
771.792 19
776.812 19
781.837 19
786.857 20
791.877 20
796.897 20
801.917 20
806.937 20
811.958 20
816.978 20
821.998 21
827.022 21
832.043 21
837.062 21
842.082 21
847.103 22
852.123 22
857.143 22
862.167 22
867.187 22
872.208 23
877.235 23
882.259 23
887.28 23
892.3 23
897.32 24
902.341 24
907.372 24
912.394 24
917.416 24
922.436 25
927.457 25
932.477 25
937.497 25
942.517 25
947.597 26
952.627 26
957.645 26
962.666 26
967.693 26
972.713 27
977.734 27
982.754 27
987.774 27
992.794 27
997.814 28
1002.84 28
1007.86 28
1012.88 28
1017.9 28
1022.92 28
1027.95 29
1032.97 29
1037.99 29
1043.01 29
1048.04 29
1053.06 30
1058.08 30
1063.1 30
1068.12 30
1073.14 30
1078.16 30
1083.19 31
1088.22 31
1093.24 31
1098.26 31
1103.28 31
1108.32 31
1113.34 32
1118.36 32
1123.38 32
1128.4 32
1133.42 32
1138.44 32
1143.46 33
1148.49 33
1153.52 33
1158.54 33
1163.56 33
1168.58 33
1173.6 34
1178.62 34
1183.64 34
1188.66 34
1193.69 34
1198.71 34
1203.74 35
1208.78 35
1213.8 35
1218.83 35
1223.84 35
1228.87 35
1233.89 35
1238.91 36
1243.94 36
1248.96 36
1253.98 36
1259 36
1264.03 36
1269.05 37
