# timestamp	GC Total Latency (msec)		Read Latency (msec)	Write Latency (msec)\n
78.6243 7 0 0
79.6284 8 0 0
80.6324 8 0 0
81.6405 11 2 1
82.6445 13 3 2
83.6485 15 4 2
84.6526 18 6 4
85.6566 21 8 5
86.6606 23 9 6
87.6647 27 12 7
88.6687 31 14 9
89.6895 37 18 11
90.6928 47 24 16
91.697 69 37 25
92.7008 105 58 41
93.7049 180 101 73
94.7049 280 145 130
95.709 376 185 187
96.7131 496 241 252
97.717 650 315 333
98.721 802 387 415
99.7251 986 475 513
100.729 1123 536 590
101.733 1271 604 672
102.737 1391 659 739
103.741 1529 721 815
104.745 1650 774 883
105.749 1747 816 939
106.756 1853 863 1000
107.757 1958 909 1060
108.761 2060 953 1119
109.766 2182 1004 1190
110.769 2274 1042 1244
111.773 2365 1080 1298
112.777 2460 1119 1355
113.781 2552 1156 1410
114.786 2632 1190 1458
115.79 2718 1226 1508
116.794 2799 1260 1556
117.798 2873 1290 1600
118.802 2942 1319 1641
119.806 3012 1348 1682
120.81 3087 1379 1727
121.814 3148 1404 1764
122.818 3219 1433 1805
123.822 3273 1455 1838
124.826 3335 1480 1875
125.83 3388 1502 1907
126.834 3443 1524 1939
127.838 3494 1545 1970
128.842 3544 1566 2000
129.846 3584 1582 2024
130.85 3635 1603 2054
131.854 3683 1623 2083
132.858 3725 1640 2108
133.862 3765 1656 2132
134.867 3808 1673 2158
135.87 3845 1688 2180
136.874 3887 1706 2205
137.878 3920 1719 2225
138.882 3955 1733 2246
139.886 3990 1748 2267
140.89 4024 1761 2287
141.894 4055 1774 2307
142.9 4091 1789 2328
143.902 4120 1800 2346
144.906 4149 1812 2363
145.91 4177 1823 2380
146.914 4206 1835 2397
147.918 4233 1846 2413
148.922 4256 1855 2428
149.926 4285 1867 2445
150.93 4311 1878 2460
151.934 4332 1886 2473
152.938 4357 1896 2489
153.945 4381 1906 2503
154.946 4404 1915 2517
155.95 4427 1924 2531
156.954 4447 1932 2543
157.958 4467 1940 2555
158.962 4488 1949 2568
159.966 4507 1956 2579
160.97 4531 1966 2594
161.974 4547 1972 2604
162.978 4569 1981 2617
163.982 4588 1989 2628
164.986 4608 1997 2640
165.99 4625 2004 2651
166.994 4642 2010 2662
167.998 4658 2016 2671
169.002 4676 2023 2682
170.006 4691 2029 2692
171.01 4706 2035 2700
172.015 4722 2041 2710
173.018 4736 2047 2719
174.025 4751 2053 2728
175.026 4764 2058 2737
176.03 4779 2064 2746
177.034 4794 2069 2755
178.038 4807 2074 2763
179.042 4822 2080 2772
180.046 4834 2085 2780
181.051 4848 2090 2789
182.054 4862 2095 2797
183.058 4874 2100 2805
184.062 4888 2105 2813
185.066 4898 2109 2820
186.071 4910 2113 2827
187.074 4921 2118 2835
188.078 4932 2122 2842
189.082 4943 2126 2849
190.087 4955 2130 2856
191.091 4966 2134 2863
192.095 4976 2138 2869
193.099 4988 2142 2877
194.102 4998 2146 2883
195.106 5009 2150 2890
196.115 5020 2154 2897
197.119 5030 2158 2903
198.123 5038 2161 2909
199.127 5049 2165 2915
200.131 5058 2168 2921
201.135 5068 2172 2928
202.139 5078 2175 2934
203.143 5084 2178 2939
204.147 5095 2181 2945
205.151 5104 2185 2951
206.155 5112 2188 2956
207.159 5121 2191 2962
208.163 5132 2195 2969
209.168 5141 2198 2975
210.171 5149 2201 2981
211.171 5157 2203 2986
212.175 5166 2206 2992
213.175 5175 2210 2998
214.175 5183 2213 3003
215.178 5192 2217 3009
216.175 5202 2220 3015
217.175 5210 2223 3020
218.175 5219 2226 3026
219.175 5227 2229 3031
220.175 5236 2232 3037
221.175 5243 2234 3042
222.176 5251 2237 3047
223.175 5260 2240 3053
224.175 5268 2243 3058
225.176 5276 2246 3063
226.175 5283 2249 3068
227.175 5290 2251 3072
228.175 5297 2253 3077
229.175 5304 2256 3082
230.174 5311 2258 3086
231.175 5317 2260 3090
232.175 5324 2263 3095
233.174 5329 2265 3098
234.174 5337 2267 3103
235.174 5345 2270 3108
236.174 5351 2272 3112
237.174 5358 2275 3117
238.175 5365 2277 3122
239.174 5371 2279 3126
240.174 5377 2281 3130
241.175 5385 2284 3135
242.178 5391 2286 3139
243.174 5398 2288 3144
244.174 5405 2291 3148
245.174 5411 2293 3153
246.175 5418 2295 3157
247.174 5422 2296 3160
248.174 5429 2299 3165
249.174 5435 2301 3168
250.174 5440 2302 3172
251.174 5447 2305 3176
252.174 5453 2307 3180
253.174 5459 2309 3185
254.174 5464 2311 3188
255.175 5471 2313 3193
256.174 5477 2315 3196
257.174 5483 2317 3200
258.174 5488 2319 3204
259.178 5494 2321 3208
260.178 5499 2323 3211
261.178 5505 2325 3215
262.178 5511 2327 3219
263.178 5516 2328 3223
264.178 5523 2330 3227
265.179 5527 2332 3230
266.178 5532 2334 3234
267.178 5539 2336 3238
268.178 5543 2337 3241
269.178 5548 2339 3244
270.178 5553 2340 3248
271.178 5558 2342 3251
272.178 5565 2344 3255
273.178 5569 2346 3258
274.178 5575 2348 3263
275.19 5581 2349 3267
276.19 5584 2350 3269
277.19 5589 2352 3272
278.223 5594 2354 3276
279.222 5599 2355 3279
280.222 5605 2357 3283
281.222 5609 2359 3286
282.222 5614 2360 3290
283.222 5619 2362 3293
284.222 5624 2363 3297
285.222 5629 2365 3300
286.222 5635 2367 3304
287.222 5639 2368 3307
288.222 5645 2370 3311
289.222 5651 2372 3315
290.222 5654 2373 3318
291.222 5659 2374 3321
292.222 5665 2376 3325
293.222 5669 2377 3327
294.222 5672 2378 3330
295.223 5678 2380 3334
296.222 5682 2381 3337
297.222 5687 2383 3341
298.222 5692 2384 3344
299.222 5698 2386 3348
300.222 5702 2388 3351
301.222 5707 2389 3354
302.222 5712 2390 3358
303.222 5717 2392 3361
304.222 5722 2394 3365
305.222 5728 2395 3369
306.222 5731 2396 3372
307.222 5737 2398 3376
308.224 5742 2400 3379
309.222 5747 2401 3383
310.224 5752 2402 3386
311.222 5757 2404 3390
312.222 5762 2405 3393
313.222 5765 2406 3396
314.222 5770 2408 3399
315.222 5776 2409 3404
316.222 5780 2411 3407
317.222 5785 2412 3410
318.222 5791 2414 3415
319.222 5796 2415 3418
320.222 5802 2417 3422
321.224 5806 2418 3425
322.222 5811 2419 3429
323.222 5817 2421 3433
324.222 5821 2422 3436
325.222 5825 2423 3439
326.222 5830 2425 3443
327.222 5836 2426 3447
328.222 5841 2428 3450
329.222 5846 2429 3454
330.222 5851 2431 3458
331.222 5855 2432 3461
332.222 5858 2432 3463
333.221 5865 2434 3468
334.221 5866 2434 3470
335.221 5871 2436 3473
336.221 5876 2437 3477
337.221 5882 2438 3481
338.221 5889 2440 3487
339.222 5894 2442 3490
340.222 5899 2443 3495
341.221 5906 2444 3500
342.221 5911 2445 3504
343.237 5916 2446 3508
344.237 5921 2447 3512
345.241 5930 2450 3518
346.243 5935 2451 3523
347.241 5941 2452 3527
348.241 5947 2453 3532
349.241 5954 2455 3538
350.241 5959 2456 3542
351.243 5965 2457 3546
352.241 5971 2459 3551
353.241 5978 2460 3556
354.241 5985 2462 3562
355.241 5991 2463 3567
356.241 5999 2465 3573
357.241 6005 2466 3578
358.241 6012 2468 3583
359.241 6020 2470 3589
360.241 6026 2471 3594
361.241 6033 2473 3600
362.243 6042 2475 3607
363.241 6048 2476 3612
364.241 6059 2479 3620
365.241 6063 2480 3623
366.241 6073 2482 3631
367.241 6080 2484 3637
368.241 6088 2486 3642
369.241 6097 2488 3650
370.241 6105 2490 3656
371.245 6117 2492 3664
372.25 6127 2495 3673
373.249 6134 2496 3678
374.249 6143 2498 3685
375.249 6157 2502 3696
376.249 6161 2502 3699
377.249 6168 2504 3705
378.249 6178 2506 3713
379.249 6190 2509 3722
380.249 6199 2511 3730
381.249 6210 2513 3738
382.249 6224 2516 3749
383.249 6226 2517 3751
384.249 6237 2519 3759
385.249 6245 2521 3765
386.249 6256 2523 3775
387.249 6264 2525 3781
388.249 6277 2527 3791
389.249 6285 2529 3798
390.249 6298 2532 3808
391.249 6310 2534 3817
392.249 6339 2541 3840
393.257 6335 2539 3838
394.257 6334 2538 3838
395.257 6342 2540 3844
396.256 6353 2543 3853
397.256 6368 2546 3865
398.256 6377 2547 3872
399.264 6395 2551 3887
400.26 6406 2553 3896
401.26 6418 2555 3906
402.26 6434 2559 3918
403.261 6457 2564 3937
404.26 6463 2565 3941
405.261 6483 2569 3958
406.261 6514 2574 3983
407.26 6504 2571 3976
408.26 6509 2573 3980
409.26 6517 2575 3986
410.26 6540 2580 4005
411.26 6563 2584 4024
412.26 6561 2583 4022
413.26 6569 2585 4028
414.26 6579 2587 4036
415.262 6623 2596 4072
416.26 6645 2601 4090
417.26 6648 2600 4094
418.26 6644 2598 4091
419.26 6650 2600 4095
420.26 6659 2602 4102
421.26 6679 2606 4119
422.26 6703 2610 4138
423.26 6705 2611 4140
424.26 6718 2614 4150
425.261 6764 2623 4188
426.26 6762 2622 4186
427.26 6768 2623 4191
428.26 6779 2626 4200
429.263 6820 2634 4233
430.263 6830 2636 4241
431.26 6835 2637 4244
432.261 6858 2642 4263
433.262 6883 2647 4284
434.26 6955 2662 4342
435.26 6991 2668 4372
436.26 6975 2663 4361
437.26 6958 2657 4350
438.26 6944 2652 4341
439.26 6936 2649 4335
440.26 6936 2649 4335
441.26 6940 2651 4338
442.262 6946 2652 4342
443.26 6952 2653 4347
444.26 6964 2656 4357
445.26 6998 2663 4384
446.26 7008 2664 4393
447.26 7004 2663 4390
448.259 7010 2664 4395
449.259 7020 2666 4403
450.261 7059 2674 4434
451.26 7081 2678 4453
452.259 7145 2691 4504
453.26 7219 2706 4564
454.26 7241 2709 4583
455.259 7223 2702 4571
456.26 7206 2696 4561
457.26 7188 2690 4549
458.259 7170 2683 4537
459.259 7154 2677 4527
460.263 7144 2674 4520
461.263 7139 2673 4516
462.264 7138 2673 4516
463.263 7141 2674 4517
464.263 7144 2675 4520
465.263 7149 2676 4523
466.263 7154 2678 4527
467.263 7159 2678 4531
468.263 7178 2682 4546
469.263 7199 2686 4564
470.263 7196 2685 4562
471.263 7202 2687 4566
472.265 7223 2691 4583
473.263 7233 2693 4591
474.263 7238 2694 4596
475.263 7268 2700 4620
476.263 7310 2708 4654
477.263 7364 2719 4697
478.263 7426 2732 4747
479.263 7455 2737 4771
480.263 7439 2732 4761
481.263 7423 2726 4750
482.263 7408 2720 4741
483.263 7395 2716 4732
484.263 7385 2713 4725
485.263 7382 2712 4722
486.263 7381 2712 4721
487.263 7383 2713 4723
488.263 7385 2714 4724
489.263 7389 2715 4727
490.263 7393 2716 4730
491.263 7412 2720 4745
492.263 7476 2733 4796
493.263 7489 2735 4808
494.264 7474 2730 4798
495.263 7461 2725 4789
496.267 7454 2723 4784
497.267 7453 2723 4783
498.266 7456 2724 4785
499.266 7460 2725 4788
500.267 7465 2727 4792
501.266 7478 2729 4802
502.266 7483 2730 4806
503.276 7518 2737 4834
504.275 7572 2748 4878
505.277 7629 2760 4924
506.274 7633 2760 4928
507.275 7621 2756 4920
508.274 7610 2752 4913
509.277 7605 2751 4909
510.274 7606 2751 4909
511.274 7607 2752 4909
512.274 7611 2753 4912
513.274 7614 2754 4914
514.275 7619 2755 4919
515.274 7626 2757 4925
516.274 7645 2760 4939
517.275 7644 2760 4939
518.274 7658 2763 4950
519.286 7693 2770 4978
520.312 7716 2775 4997
521.311 7725 2776 5004
522.31 7718 2775 4999
523.311 7720 2776 5000
524.31 7723 2776 5003
525.31 7731 2778 5009
526.31 7760 2784 5032
527.31 7790 2789 5057
528.314 7781 2787 5051
529.314 7783 2788 5051
530.314 7787 2789 5054
531.314 7804 2792 5069
532.314 7807 2793 5071
533.318 7827 2797 5087
534.318 7857 2803 5111
535.318 7860 2804 5113
536.318 7860 2804 5113
537.328 7867 2805 5119
538.326 7885 2809 5133
539.326 7888 2810 5136
540.326 7913 2815 5156
541.326 7935 2819 5174
542.326 7935 2820 5173
543.326 7942 2821 5179
544.33 7961 2825 5194
545.334 7972 2827 5203
546.338 7977 2829 5206
547.342 7999 2833 5225
548.346 8025 2838 5245
549.35 8025 2839 5245
550.354 8029 2840 5248
551.358 8033 2840 5251
552.362 8061 2846 5274
553.366 8062 2846 5274
554.37 8068 2848 5279
555.375 8097 2854 5303
556.379 8094 2853 5300
557.383 8097 2854 5303
558.387 8126 2860 5326
559.391 8125 2860 5325
560.395 8129 2861 5328
561.4 8154 2866 5348
562.403 8154 2866 5348
563.407 8162 2867 5354
564.411 8186 2873 5374
565.415 8186 2873 5374
566.427 8195 2874 5381
567.431 8209 2877 5392
568.438 8220 2880 5401
569.44 8237 2883 5414
570.444 8245 2885 5421
571.448 8262 2889 5434
572.452 8272 2891 5442
573.458 8291 2895 5458
574.46 8302 2897 5466
575.464 8311 2899 5473
576.473 8327 2902 5486
577.484 8338 2905 5495
578.489 8343 2906 5498
579.497 8360 2909 5512
580.5 8373 2912 5523
581.504 8379 2913 5527
582.509 8396 2917 5541
583.512 8419 2922 5560
584.517 8416 2921 5557
585.521 8418 2922 5559
586.552 8447 2928 5582
587.553 8441 2926 5578
588.557 8444 2927 5580
589.562 8448 2928 5583
590.565 8476 2933 5605
591.565 8491 2936 5617
592.569 8484 2935 5613
593.574 8485 2935 5613
594.579 8489 2936 5616
595.581 8507 2940 5630
596.586 8517 2942 5638
597.589 8516 2942 5638
598.593 8525 2944 5645
599.598 8546 2948 5662
600.601 8549 2949 5664
601.606 8559 2951 5672
602.61 8563 2952 5675
603.614 8575 2955 5685
604.618 8593 2958 5699
605.622 8594 2958 5699
606.626 8599 2960 5704
607.639 8615 2963 5717
608.642 8620 2964 5720
609.646 8640 2968 5736
610.652 8642 2969 5737
611.655 8647 2970 5741
612.658 8671 2975 5761
613.662 8669 2974 5759
614.667 8672 2975 5762
615.67 8692 2979 5777
616.674 8690 2979 5776
617.68 8697 2981 5781
618.683 8705 2982 5788
619.688 8708 2983 5790
620.691 8729 2987 5807
621.702 8729 2987 5806
622.703 8731 2988 5808
623.707 8742 2990 5817
624.734 8759 2994 5831
625.735 8760 2994 5832
626.739 8767 2995 5837
627.743 8777 2997 5845
628.747 8784 2999 5850
629.754 8793 3001 5858
630.755 8802 3003 5865
631.762 8811 3005 5872
632.763 8824 3008 5882
633.769 8835 3010 5891
634.772 8838 3011 5894
635.776 8851 3013 5904
636.783 8856 3014 5908
637.784 8866 3017 5916
638.79 8872 3018 5920
639.792 8887 3021 5933
640.796 8890 3022 5935
641.8 8901 3024 5944
642.805 8913 3026 5953
643.808 8920 3028 5959
644.812 8927 3030 5965
645.816 8940 3032 5975
646.82 8942 3033 5977
647.824 8958 3036 5990
648.828 8960 3037 5991
649.832 8973 3039 6002
650.836 8976 3040 6003
651.842 8987 3042 6012
652.845 8992 3043 6017
653.848 8994 3044 6018
654.852 9008 3047 6029
655.856 9011 3048 6031
656.86 9016 3049 6035
657.931 9028 3051 6045
658.933 9035 3053 6051
659.937 9045 3055 6058
660.941 9049 3056 6062
661.945 9053 3057 6065
662.949 9070 3060 6078
663.953 9069 3060 6078
664.957 9078 3062 6085
665.961 9086 3063 6092
666.961 9085 3063 6091
667.965 9089 3064 6094
668.972 9098 3066 6100
669.973 9099 3066 6101
670.977 9111 3069 6111
671.981 9113 3069 6112
672.986 9121 3071 6119
673.989 9126 3072 6123
675.013 9145 3076 6138
676.017 9142 3076 6136
677.022 9143 3076 6136
678.026 9155 3078 6146
679.029 9155 3078 6146
680.035 9165 3080 6154
681.038 9167 3081 6156
682.042 9169 3081 6157
683.046 9174 3083 6161
684.05 9187 3085 6171
685.054 9191 3086 6175
686.076 9199 3088 6181
687.078 9201 3088 6183
688.082 9210 3090 6190
689.086 9220 3092 6198
690.09 9225 3093 6201
691.094 9233 3095 6208
692.099 9239 3096 6213
693.102 9246 3098 6218
694.106 9252 3099 6223
695.11 9261 3101 6230
696.114 9262 3101 6231
697.118 9270 3103 6237
698.122 9277 3104 6243
699.126 9284 3106 6249
700.13 9296 3108 6259
701.134 9297 3109 6259
702.138 9307 3111 6267
703.142 9308 3111 6268
704.147 9317 3113 6275
705.152 9322 3114 6279
706.155 9329 3116 6285
707.158 9331 3116 6286
708.163 9340 3118 6293
709.167 9347 3119 6299
710.173 9353 3121 6303
711.175 9361 3122 6310
712.179 9363 3123 6311
713.183 9374 3125 6320
714.188 9377 3126 6323
715.198 9379 3126 6324
716.199 9390 3128 6333
717.204 9395 3130 6337
718.207 9397 3130 6339
719.223 9408 3132 6347
720.227 9413 3133 6351
721.232 9418 3135 6356
722.235 9423 3136 6360
723.239 9431 3137 6366
724.243 9437 3138 6370
725.248 9441 3139 6374
726.26 9449 3141 6380
727.263 9454 3142 6384
728.267 9462 3144 6391
729.274 9472 3146 6398
730.275 9474 3146 6400
731.279 9483 3148 6408
732.283 9485 3149 6409
733.287 9493 3150 6415
734.294 9499 3152 6420
735.296 9503 3152 6423
736.3 9508 3154 6427
737.308 9514 3155 6432
738.312 9515 3155 6432
739.317 9519 3156 6435
740.32 9524 3157 6440
741.324 9530 3158 6445
742.328 9535 3159 6449
743.332 9542 3161 6454
744.336 9545 3161 6456
745.34 9552 3163 6463
746.349 9556 3164 6465
747.352 9565 3166 6472
748.356 9565 3166 6472
749.36 9573 3168 6479
750.364 9576 3168 6482
751.368 9590 3171 6492
752.372 9590 3171 6492
753.376 9598 3173 6499
754.38 9597 3173 6498
755.384 9602 3174 6502
756.388 9609 3175 6507
757.392 9613 3176 6511
758.396 9619 3177 6515
759.4 9624 3178 6520
760.404 9631 3180 6525
761.408 9638 3181 6530
762.412 9642 3182 6534
763.416 9651 3184 6541
764.42 9657 3185 6546
765.429 9660 3186 6548
766.432 9668 3188 6555
767.436 9670 3188 6556
768.44 9679 3190 6563
769.444 9683 3191 6567
770.448 9687 3192 6570
771.453 9694 3193 6575
772.464 9701 3195 6581
773.464 9702 3195 6582
774.473 9710 3197 6588
775.477 9715 3198 6592
776.482 9718 3199 6595
777.485 9724 3200 6599
778.489 9729 3201 6603
779.493 9731 3201 6605
780.497 9738 3203 6610
781.501 9740 3203 6612
782.505 9747 3205 6618
783.509 9749 3205 6619
784.514 9757 3207 6625
785.518 9762 3208 6630
786.521 9768 3209 6634
787.525 9777 3211 6641
788.529 9781 3212 6644
789.533 9784 3212 6647
790.533 9790 3214 6652
791.538 9792 3214 6653
792.541 9793 3214 6654
793.545 9798 3215 6658
794.549 9804 3217 6663
795.553 9809 3218 6667
796.557 9816 3219 6672
797.562 9819 3220 6675
798.565 9829 3222 6683
799.569 9828 3222 6682
800.573 9832 3223 6685
801.577 9837 3224 6689
802.581 9845 3225 6695
803.585 9845 3226 6695
804.589 9851 3227 6700
805.594 9853 3227 6702
806.601 9859 3228 6706
807.605 9860 3229 6707
808.609 9867 3230 6713
809.613 9867 3230 6713
810.617 9875 3232 6719
811.621 9874 3232 6718
812.638 9880 3233 6723
813.641 9887 3235 6728
814.645 9886 3235 6728
815.649 9890 3235 6731
816.653 9891 3236 6732
817.657 9897 3237 6737
818.662 9900 3238 6739
819.666 9903 3238 6741
820.67 9910 3240 6747
821.674 9911 3240 6747
822.678 9916 3241 6752
823.682 9917 3241 6753
824.687 9924 3243 6758
825.69 9925 3243 6758
826.695 9927 3243 6761
827.698 9931 3244 6764
828.702 9936 3245 6767
829.706 9940 3246 6770
830.71 9944 3247 6774
831.714 9947 3248 6776
832.718 9953 3249 6780
833.722 9958 3250 6785
834.726 9960 3251 6786
835.73 9964 3251 6789
836.734 9969 3253 6794
837.738 9974 3254 6798
838.742 9978 3255 6801
839.746 9985 3256 6806
840.75 9986 3256 6807
841.754 9996 3258 6815
842.758 9994 3258 6814
843.762 9997 3258 6816
844.766 10000 3259 6818
845.77 10006 3260 6823
846.774 10008 3261 6824
847.784 10015 3262 6830
848.786 10015 3262 6830
849.79 10020 3263 6834
850.795 10023 3264 6837
851.798 10025 3264 6838
852.803 10028 3265 6841
853.806 10035 3266 6846
854.81 10038 3267 6849
855.814 10040 3268 6850
856.818 10044 3268 6853
857.822 10046 3269 6855
858.827 10050 3270 6858
859.83 10051 3270 6859
860.834 10056 3271 6863
861.838 10063 3273 6868
862.842 10066 3273 6871
863.846 10068 3274 6873
864.855 10074 3275 6877
865.858 10076 3276 6879
866.862 10079 3276 6881
867.867 10085 3277 6886
868.871 10086 3278 6886
869.876 10091 3279 6891
870.883 10096 3280 6894
871.886 10098 3280 6897
872.89 10104 3281 6901
873.898 10109 3282 6905
874.903 10112 3283 6908
875.91 10116 3284 6911
876.91 10119 3285 6913
877.914 10124 3286 6917
878.918 10127 3286 6919
879.922 10131 3287 6923
880.938 10136 3288 6927
881.938 10139 3289 6929
882.943 10142 3290 6931
883.947 10145 3290 6934
884.951 10149 3291 6936
885.96 10152 3292 6939
886.963 10155 3292 6942
887.967 10160 3293 6945
888.971 10164 3294 6949
889.975 10166 3295 6951
890.979 10170 3295 6953
891.983 10174 3296 6957
892.987 10178 3297 6960
893.991 10182 3298 6963
894.995 10185 3299 6965
895.999 10188 3299 6968
897.003 10192 3300 6972
898.007 10196 3301 6974
899.011 10199 3302 6977
900.015 10204 3303 6981
901.019 10209 3304 6985
902.023 10212 3304 6987
903.027 10215 3305 6990
904.031 10219 3306 6993
905.035 10225 3307 6998
906.039 10225 3307 6997
907.043 10228 3308 7000
908.047 10231 3308 7002
909.051 10233 3309 7004
910.055 10238 3310 7008
911.059 10239 3310 7009
912.063 10245 3311 7013
913.067 10244 3311 7013
914.071 10250 3313 7017
915.075 10249 3312 7017
916.079 10255 3314 7021
917.091 10254 3314 7021
918.098 10259 3314 7024
919.099 10259 3315 7025
920.103 10262 3315 7027
921.108 10266 3316 7030
922.111 10268 3316 7031
923.117 10272 3317 7035
924.119 10273 3318 7035
925.127 10278 3319 7040
926.127 10278 3319 7040
927.131 10283 3320 7043
928.135 10284 3320 7045
929.139 10288 3321 7047
930.148 10288 3321 7047
931.152 10292 3322 7051
932.155 10295 3322 7053
933.159 10298 3323 7055
934.163 10302 3324 7059
935.167 10303 3324 7059
936.171 10306 3325 7062
937.175 10309 3325 7064
938.179 10311 3326 7066
939.183 10312 3326 7066
940.187 10316 3327 7070
941.191 10318 3327 7071
942.195 10321 3328 7074
943.199 10324 3328 7076
944.203 10328 3329 7079
945.208 10331 3330 7082
946.211 10337 3331 7087
947.215 10337 3331 7086
948.219 10340 3332 7089
949.223 10342 3332 7091
950.227 10346 3333 7093
951.231 10348 3334 7096
952.235 10350 3334 7097
953.239 10355 3335 7101
954.243 10358 3336 7103
955.247 10359 3336 7104
956.251 10362 3337 7107
957.255 10366 3337 7109
958.259 10368 3338 7111
959.263 10371 3338 7113
960.275 10376 3340 7118
961.279 10378 3340 7119
962.283 10380 3340 7121
963.287 10383 3341 7123
964.291 10388 3342 7127
965.295 10387 3342 7127
966.301 10391 3343 7130
967.304 10394 3343 7132
968.308 10397 3344 7134
969.311 10398 3345 7135
970.315 10401 3345 7137
971.319 10404 3346 7139
972.323 10405 3346 7140
973.328 10407 3346 7142
974.331 10411 3347 7145
975.335 10415 3348 7148
976.347 10417 3348 7150
977.347 10419 3349 7151
978.351 10423 3350 7155
979.355 10426 3350 7157
980.359 10425 3350 7157
981.363 10429 3351 7159
982.367 10429 3351 7160
983.371 10431 3352 7161
984.376 10434 3352 7163
985.379 10436 3353 7165
986.383 10435 3353 7164
987.389 10437 3353 7166
988.391 10438 3353 7167
989.398 10440 3354 7168
990.399 10444 3354 7171
991.403 10444 3354 7171
992.408 10444 3354 7171
993.411 10448 3355 7175
994.415 10448 3355 7174
995.419 10451 3356 7177
996.423 10451 3356 7176
997.438 10457 3357 7182
998.44 10455 3357 7180
999.443 10455 3357 7180
1000.45 10458 3357 7182
1001.45 10458 3357 7182
1002.46 10459 3358 7183
1003.46 10463 3358 7186
1004.46 10466 3359 7188
1005.47 10468 3360 7190
1006.47 10471 3360 7193
1007.48 10472 3361 7194
1008.48 10475 3361 7196
1009.48 10477 3362 7197
1010.49 10478 3362 7198
1011.49 10481 3363 7201
1012.5 10483 3363 7202
1013.5 10486 3364 7204
1014.5 10490 3364 7207
1015.51 10493 3365 7210
1016.51 10493 3365 7210
1017.52 10497 3366 7213
1018.52 10498 3366 7214
1019.52 10500 3367 7215
1020.53 10503 3367 7218
1021.53 10504 3368 7219
1022.54 10507 3368 7221
1023.54 10510 3369 7223
1024.55 10512 3369 7225
1025.55 10515 3370 7228
1026.56 10515 3370 7227
1027.56 10515 3370 7227
1028.56 10518 3371 7230
1029.57 10518 3371 7230
1030.57 10520 3371 7231
1031.58 10523 3372 7234
1032.58 10524 3372 7235
1033.58 10526 3372 7236
1034.59 10529 3373 7238
1035.59 10531 3374 7240
1036.6 10533 3374 7241
1037.6 10536 3375 7244
1038.6 10538 3375 7245
1039.61 10541 3376 7248
1040.62 10542 3376 7249
1041.62 10545 3377 7251
1042.63 10548 3377 7253
1043.63 10550 3378 7255
1044.64 10552 3378 7256
1045.64 10554 3379 7258
1046.64 10556 3379 7259
1047.65 10558 3379 7261
1048.65 10561 3380 7264
1049.66 10563 3381 7265
1050.66 10566 3381 7268
1051.66 10568 3382 7269
1052.67 10570 3382 7271
1053.67 10572 3383 7272
1054.68 10572 3383 7272
1055.68 10576 3383 7275
1056.68 10578 3384 7277
1057.69 10578 3384 7277
1058.69 10581 3384 7279
1059.7 10583 3385 7281
1060.7 10584 3385 7282
1061.7 10587 3386 7284
1062.71 10587 3386 7284
1063.71 10589 3386 7286
1064.72 10590 3387 7287
1065.72 10594 3387 7290
1066.72 10595 3388 7290
1067.72 10597 3388 7292
1068.73 10600 3389 7294
1069.73 10601 3389 7296
1070.73 10603 3389 7297
1071.74 10605 3390 7299
1072.74 10606 3390 7300
1073.74 10608 3390 7301
1074.75 10610 3391 7303
1075.75 10612 3391 7304
1076.75 10612 3391 7304
1077.75 10615 3392 7307
1078.75 10617 3392 7308
1079.75 10619 3393 7310
1080.75 10622 3393 7312
1081.75 10624 3394 7313
1082.75 10626 3394 7315
1083.75 10627 3395 7316
1084.75 10629 3395 7317
1085.75 10631 3395 7319
1086.75 10633 3396 7321
1087.75 10635 3396 7322
1088.75 10638 3397 7324
1089.75 10639 3397 7325
1090.75 10641 3397 7327
1091.75 10643 3398 7329
1092.75 10644 3398 7330
1093.75 10647 3399 7332
1094.75 10648 3399 7333
1095.75 10651 3400 7335
1096.75 10651 3400 7335
1097.75 10652 3400 7336
1098.76 10654 3400 7337
1099.76 10655 3401 7338
1100.76 10658 3401 7340
1101.76 10659 3402 7342
1102.76 10662 3402 7344
1103.76 10663 3402 7345
1104.76 10665 3403 7346
1105.76 10667 3403 7348
1106.76 10667 3403 7348
1107.76 10669 3404 7349
1108.76 10672 3404 7352
1109.76 10675 3405 7354
1110.76 10675 3405 7354
1111.76 10677 3405 7356
1112.76 10678 3406 7356
1113.76 10681 3406 7358
1114.76 10682 3406 7359
1115.76 10685 3407 7362
1116.76 10685 3407 7362
1117.76 10688 3408 7364
1118.76 10688 3408 7364
1119.76 10690 3408 7366
1120.76 10693 3409 7368
1121.76 10694 3409 7369
1122.76 10696 3409 7370
1123.76 10697 3410 7371
1124.77 10700 3410 7373
1125.77 10701 3411 7375
1126.77 10704 3411 7377
1127.77 10706 3412 7379
1128.77 10707 3412 7379
1129.77 10709 3412 7381
1130.77 10711 3413 7382
1131.77 10712 3413 7383
1132.77 10714 3413 7385
1133.77 10714 3413 7384
1134.77 10716 3414 7386
1135.78 10715 3414 7386
1136.78 10717 3414 7387
1137.78 10718 3414 7388
1138.78 10719 3415 7389
1139.78 10721 3415 7390
1140.78 10721 3415 7391
1141.78 10724 3416 7392
1142.78 10727 3416 7395
1143.78 10726 3416 7394
1144.78 10728 3417 7396
1145.78 10730 3417 7397
1146.78 10732 3417 7399
1147.79 10734 3418 7400
1148.78 10735 3418 7401
1149.78 10736 3418 7402
1150.78 10737 3418 7403
1151.78 10739 3419 7404
1152.78 10739 3419 7404
1153.78 10740 3419 7406
1154.79 10742 3420 7407
1155.79 10743 3420 7408
1156.79 10745 3420 7409
1157.79 10746 3421 7410
1158.79 10748 3421 7411
1159.79 10749 3421 7412
1160.79 10750 3421 7413
1161.79 10751 3422 7414
1162.8 10754 3422 7416
1163.8 10754 3422 7416
1164.8 10755 3423 7417
1165.8 10757 3423 7419
1166.8 10757 3423 7418
1167.81 10759 3423 7420
1168.8 10760 3424 7421
1169.8 10762 3424 7422
1170.8 10762 3424 7422
1171.8 10764 3425 7424
1172.8 10765 3425 7424
1173.8 10766 3425 7426
1174.8 10766 3425 7426
1175.8 10769 3426 7428
1176.8 10769 3426 7428
1177.8 10770 3426 7428
1178.8 10773 3427 7431
1179.8 10771 3427 7430
1180.8 10773 3427 7431
1181.8 10774 3427 7432
1182.8 10775 3427 7432
1183.8 10777 3428 7434
1184.8 10776 3428 7434
1185.8 10779 3428 7436
1186.8 10779 3428 7435
1187.8 10780 3429 7436
1188.81 10782 3429 7438
1189.81 10782 3429 7438
1190.81 10784 3430 7440
1191.81 10784 3430 7440
1192.81 10786 3430 7441
1193.81 10787 3430 7442
1194.81 10788 3430 7443
1195.81 10789 3431 7444
1196.81 10790 3431 7444
1197.82 10792 3431 7446
1198.82 10793 3432 7447
1199.82 10794 3432 7447
1200.82 10794 3432 7447
1201.82 10796 3432 7449
1202.82 10797 3433 7449
1203.82 10798 3433 7450
1204.82 10798 3433 7450
1205.82 10800 3433 7452
1206.82 10801 3433 7453
1207.81 10801 3434 7453
1208.81 10803 3434 7454
1209.82 10804 3434 7455
1210.81 10806 3435 7456
1211.82 10807 3435 7457
1212.82 10809 3435 7459
1213.82 10810 3435 7459
1214.82 10811 3436 7461
1215.82 10813 3436 7462
1216.82 10813 3436 7462
1217.82 10814 3436 7462
1218.82 10815 3437 7464
1219.82 10817 3437 7465
1220.82 10818 3437 7466
1221.82 10818 3437 7466
1222.82 10820 3438 7468
1223.82 10821 3438 7468
1224.82 10821 3438 7468
1225.82 10823 3439 7470
1226.82 10825 3439 7472
1227.83 10825 3439 7471
1228.82 10827 3439 7473
1229.82 10827 3440 7473
1230.82 10828 3440 7474
1231.82 10830 3440 7475
1232.82 10830 3440 7475
1233.82 10833 3441 7477
1234.82 10832 3441 7477
1235.82 10833 3441 7478
1236.82 10835 3441 7479
1237.82 10835 3441 7479
1238.82 10837 3442 7480
1239.82 10837 3442 7480
1240.82 10838 3442 7481
1241.82 10838 3442 7482
1242.82 10839 3442 7482
1243.82 10840 3443 7483
1244.82 10842 3443 7485
1245.82 10841 3443 7484
1246.82 10842 3443 7484
1247.82 10843 3443 7485
1248.83 10844 3444 7486
1249.83 10845 3444 7487
1250.83 10846 3444 7488
1251.83 10848 3444 7489
1252.83 10849 3445 7490
1253.83 10850 3445 7491
1254.83 10852 3445 7493
1255.83 10852 3445 7493
1256.83 10853 3446 7493
1257.83 10856 3446 7495
1258.83 10856 3446 7496
1259.83 10858 3447 7497
1260.83 10860 3447 7498
1261.83 10860 3447 7499
1262.83 10862 3448 7500
1263.83 10861 3447 7499
1264.83 10863 3448 7501
1265.83 10863 3448 7501
1266.83 10864 3448 7501
1267.83 10865 3448 7502
1268.83 10866 3449 7503
1269.83 10867 3449 7504
1270.83 10867 3449 7504
1271.83 10869 3449 7505
1272.83 10869 3449 7505
1273.84 10870 3450 7506
1274.83 10870 3450 7506
1275.83 10871 3450 7507
1276.83 10872 3450 7508
1277.84 10872 3450 7508
1278.83 10874 3451 7509
1279.83 10875 3451 7510
1280.83 10875 3451 7510
1281.84 10876 3451 7511
1282.85 10876 3451 7511
1283.85 10877 3451 7512
1284.85 10878 3452 7512
1285.85 10878 3452 7513
1286.85 10882 3452 7515
1287.85 10880 3452 7514
1288.85 10880 3452 7514
1289.85 10881 3452 7515
1290.85 10882 3453 7516
1291.85 10883 3453 7517
1292.85 10885 3453 7517
1293.85 10886 3453 7519
1294.85 10885 3453 7518
1295.85 10885 3453 7518
1296.85 10886 3453 7519
1297.85 10887 3454 7519
1298.85 10889 3454 7521
1299.85 10890 3454 7522
1300.85 10892 3455 7523
1301.85 10893 3455 7524
1302.85 10893 3455 7524
1303.85 10894 3455 7525
1304.85 10894 3455 7525
1305.85 10895 3456 7526
1306.85 10896 3456 7526
