# timestamp	utilization (%) \n
-285.578 0
-280.449 0
-274.336 0
-265.018 0
-256.368 0
-247.02 0
-239.532 0
-231.951 0
-223.976 0
-215.171 0
-207.602 0
-201.472 0
-194.239 0
-186.142 0
-174.355 0
-167.327 0
-158.984 0
-153.873 0
-144.034 0
-138.682 0
-130.008 0
-124.384 0
-117.42 0
-108.903 0
-103.634 0
-94.827 0
-86.4538 0
-78.0263 0
-72.4756 0
-62.9955 0
-57.6867 0
-52.6641 0
-41.6549 0
-33.1895 0
-26.0815 0
-16.6483 0
-11.6489 0
-5.68764 0
-0.687132 0
10.4184 0
15.4182 0
20.4181 0
25.4179 0
30.4178 0
35.434 0
40.4543 0
45.4747 0
50.503 0
55.5232 0
60.5516 0
65.5718 0
70.592 0
75.6122 0
80.6324 0
85.6566 0
90.6928 0
95.709 0
100.729 0
105.749 0
110.769 0
115.79 0
120.81 0
125.83 0
130.85 0
135.87 0
140.89 0
145.91 0
150.93 1
155.95 1
160.97 1
165.99 1
171.01 1
176.03 1
181.051 1
186.071 1
191.091 1
196.115 1
201.135 2
206.155 2
211.171 2
216.175 2
221.175 2
226.175 2
231.175 2
236.174 2
241.175 2
246.175 3
251.174 3
256.175 3
261.178 3
266.178 3
271.178 3
276.19 3
281.222 3
286.222 3
291.222 4
296.222 4
301.222 4
306.222 4
311.222 4
316.222 4
321.224 4
326.222 4
331.222 4
336.221 5
341.221 5
346.243 5
351.243 5
356.241 5
361.241 5
366.241 5
371.245 6
376.249 6
381.249 6
386.249 6
391.249 6
396.256 7
401.26 7
406.261 7
411.26 7
416.26 7
421.26 7
426.26 7
431.26 7
436.26 7
441.26 7
446.26 7
451.26 7
456.26 7
461.263 7
466.263 7
471.263 7
476.263 7
481.263 8
486.263 7
491.263 8
496.267 7
501.266 8
506.274 8
511.274 8
516.274 8
521.311 8
526.31 9
531.314 9
536.318 9
541.326 9
546.338 9
551.358 9
556.379 10
561.4 10
566.427 10
571.448 10
576.473 10
581.504 11
586.552 11
591.565 11
596.586 11
601.606 11
606.626 12
611.655 12
616.674 12
621.702 12
626.739 12
631.762 13
636.783 13
641.8 13
646.82 13
651.842 13
656.86 13
661.945 14
666.961 14
671.981 14
677.022 14
682.042 14
687.078 15
692.099 15
697.118 15
702.138 15
707.159 15
712.179 16
717.204 16
722.235 16
727.263 16
732.283 16
737.308 17
742.328 17
747.352 17
752.372 17
757.392 17
762.412 18
767.436 18
772.464 18
777.485 18
782.505 18
787.525 19
792.541 19
797.562 19
802.581 19
807.605 19
812.638 20
817.657 20
822.678 20
827.698 20
832.718 20
837.738 20
842.758 21
847.784 21
852.803 21
857.822 21
862.842 21
867.867 22
872.89 22
877.915 22
882.943 22
887.967 22
892.987 23
898.007 23
903.027 23
908.047 23
913.067 23
918.098 24
923.117 24
928.135 24
933.159 24
938.179 24
943.199 24
948.219 25
953.239 25
958.259 25
963.287 25
968.308 25
973.328 26
978.351 26
983.371 26
988.391 26
993.411 26
998.44 27
1003.46 27
1008.48 27
1013.5 27
1018.52 27
1023.54 28
1028.56 28
1033.58 28
1038.6 28
1043.63 28
1048.65 28
1053.67 29
1058.69 29
1063.71 29
1068.73 29
1073.74 29
1078.75 30
1083.75 30
1088.75 30
1093.75 30
1098.76 30
1103.76 30
1108.76 31
1113.76 31
1118.76 31
1123.76 31
1128.77 31
1133.77 32
1138.78 32
1143.78 32
1148.78 32
1153.78 32
1158.79 32
1163.8 33
1168.8 33
1173.8 33
1178.8 33
1183.8 33
1188.81 33
1193.81 34
1198.82 34
1203.82 34
1208.82 34
1213.82 34
1218.82 34
1223.82 34
1228.82 35
1233.82 35
1238.82 35
1243.82 35
1248.83 35
1253.83 35
1258.83 36
1263.83 36
1268.83 36
1273.84 36
1278.83 36
1283.85 36
1288.85 37
1293.85 37
1298.85 37
1303.85 37
