# timestamp	command count (MB)\n
-10.5441 0
-2.12348 0
-0.601252 0
4.20211 0
5.20306 0
6.20326 0
7.20286 0
8.20321 0
9.20282 0
10.2027 0
11.341 0
12.4398 0
13.629 0
14.6265 0
15.6268 0
18.1008 0
19.2651 0
20.2624 0
21.2626 0
23.7911 0
24.7907 0
25.7903 0
26.7902 0
29.0315 0
30.0347 0
31.0841 0
32.0865 0
33.1444 0
34.1465 0
35.1509 0
36.1547 0
37.4166 0
38.6929 0
39.9658 0
41.2114 0
42.2145 0
44.5186 0
45.5228 0
46.5577 0
47.5587 0
48.5628 0
50.7314 0
51.7348 0
52.7389 0
53.7427 0
56.2172 0
57.2187 0
58.5148 0
59.5187 0
60.6605 0
61.6634 0
62.7251 0
63.7268 0
65.1644 0
66.1671 0
67.1748 0
68.179 0
69.1829 0
70.2071 0
71.2112 0
74.2577 0
75.2591 0
76.2875 0
77.2911 0
78.4779 0
79.4791 0
80.4831 0
81.4871 0
83.479 0
84.4833 0
85.4873 0
86.491 0
89.1796 0
90.1829 0
91.1873 0
92.191 0
93.3656 0
94.3676 0
95.3789 0
96.383 0
97.9748 0
98.9751 0
99.9829 0
100.983 0
101.987 0
102.991 0
104.711 0
105.763 0
106.767 0
107.771 0
108.775 0
111.199 0
112.204 0
113.347 0
114.347 0
115.495 0
116.491 0
118.353 0
119.351 0
120.467 0
121.463 0
122.463 0
123.464 0
124.463 0
125.463 0
126.594 0
127.591 0
130.289 0
131.287 0
132.287 0
133.287 0
134.287 0
136.807 0
137.803 0
138.879 0
139.879 0
140.879 0
143.745 0
144.743 0
145.743 0
146.743 0
147.743 0
150.425 0
151.423 0
152.503 0
153.503 0
154.503 0
155.503 0
156.503 0
157.503 0
158.503 0
160.714 0
161.711 0
162.711 0
163.711 0
164.711 0
166.839 0
167.839 0
169.215 0
170.211 0
171.332 0
172.331 0
173.331 0
174.331 0
176.342 0
177.339 0
178.373 0
179.371 0
180.823 0
181.823 0
183.562 0
184.559 0
185.682 0
186.679 0
187.757 0
188.755 0
189.755 0
190.968 0
191.967 0
192.967 0
193.967 0
194.967 0
195.968 0
196.967 0
197.967 0
200.152 0
201.355 0
202.547 0
203.547 0
204.547 0
205.547 0
206.546 0
209.448 0
210.446 0
211.447 0
212.977 0
213.975 0
214.975 0
215.974 0
216.975 0
218.067 0
220.244 0
221.484 0
222.482 0
223.483 0
224.482 0
225.482 0
226.483 0
227.483 0
230.543 0
231.542 0
232.542 0
233.542 0
236.31 0
237.31 0
238.815 0
239.815 0
240.814 0
241.814 0
242.814 0
243.814 0
246.207 0
247.206 0
248.206 0
249.206 0
251.641 0
252.638 0
253.638 0
254.638 0
255.638 0
256.638 0
258.05 0
259.982 0
260.978 0
262.114 0
263.114 0
264.23 0
265.233 0
266.23 0
267.427 0
268.426 0
269.486 0
270.492 0
271.49 0
273.928 0
274.926 0
275.991 0
276.99 0
278.023 0
279.022 0
280.022 0
281.022 0
282.33 0
283.558 0
284.557 0
285.558 0
286.558 0
287.558 0
288.557 0
290.018 0
291.243 0
292.241 0
293.242 0
294.241 0
295.243 0
296.242 0
297.241 0
298.509 0
299.505 0
300.505 0
301.507 0
302.505 0
305.152 0
306.326 0
307.491 0
308.489 0
309.489 0
310.527 0
312.33 0
313.436 0
314.434 0
315.434 0
316.48 0
317.946 0
318.945 0
319.945 93
320.945 218
321.946 249
322.976 231
323.973 248
324.973 299
325.992 269
326.989 235
328.366 225
329.365 258
330.366 207
331.365 296
332.365 241
333.365 297
334.365 262
335.365 104
336.365 294
337.371 230
338.369 190
339.369 244
340.369 225
341.369 396
342.368 220
343.369 399
344.851 211
345.849 319
346.848 249
347.849 273
348.903 270
349.9 303
350.901 261
351.901 410
352.901 309
354.462 258
355.46 257
356.46 243
357.46 300
358.519 168
359.517 260
360.561 317
361.596 234
362.592 279
363.906 230
364.904 247
365.905 238
366.905 252
367.904 285
368.904 305
369.904 259
370.905 270
371.997 311
373.345 196
374.345 269
375.345 270
376.345 245
377.345 253
378.344 316
379.407 212
380.404 248
381.451 349
382.449 110
383.448 251
384.448 257
385.448 263
386.448 262
387.448 277
388.448 311
389.494 237
390.492 208
391.493 318
392.492 256
393.493 137
394.492 275
395.492 256
396.491 273
397.492 273
398.492 306
399.829 323
400.828 230
401.829 384
402.827 249
403.828 385
404.828 347
405.827 447
406.827 284
407.827 350
408.914 299
409.912 226
410.912 241
411.911 234
412.913 209
413.912 242
414.911 196
415.911 220
416.929 274
417.928 184
418.927 250
419.927 206
420.928 216
421.928 243
422.927 192
425.37 121
426.368 285
427.367 334
428.368 242
429.367 333
430.367 258
431.368 189
432.367 334
433.367 341
434.367 189
435.367 292
436.368 288
437.368 327
438.433 308
439.431 226
440.431 337
441.431 238
442.432 304
443.431 275
444.431 291
445.431 280
446.431 275
447.431 292
448.432 350
449.431 256
450.432 340
451.431 283
452.434 320
453.476 197
454.476 311
455.475 283
456.475 284
457.724 320
458.722 294
459.723 215
460.723 313
461.723 320
462.727 320
463.726 321
464.727 322
465.726 316
466.727 304
467.727 323
468.726 249
469.742 338
470.761 342
471.759 242
472.758 318
473.759 318
474.759 332
475.758 342
476.758 327
477.758 319
478.758 330
479.758 270
480.76 359
481.758 298
482.759 317
483.758 355
484.758 282
485.759 226
486.759 314
487.792 295
488.791 311
489.79 329
490.79 322
491.79 340
492.791 237
493.79 314
494.79 338
495.79 331
496.791 351
497.79 340
498.79 328
499.791 341
500.79 369
501.79 272
502.79 363
503.79 307
504.79 367
505.79 303
506.789 280
507.79 327
508.79 213
509.789 384
510.897 308
511.893 293
512.894 381
513.894 290
514.894 383
515.894 299
516.893 329
517.893 365
518.998 359
519.998 328
520.998 359
521.998 293
522.998 256
523.997 260
525.01 376
526.011 346
527.009 350
528.009 319
529.01 343
530.013 384
531.034 370
532.033 291
533.034 296
534.034 358
535.033 276
536.035 366
537.033 308
538.035 376
539.038 342
540.041 341
541.045 354
542.049 365
543.053 357
544.058 371
545.061 328
546.066 360
547.186 377
548.19 348
549.195 252
550.198 373
551.203 362
552.207 379
553.21 349
554.214 366
555.219 350
556.218 348
557.222 390
558.227 480
559.231 269
560.235 331
561.24 373
562.244 368
563.249 391
564.253 373
565.256 388
566.263 354
567.263 409
568.314 389
569.317 359
570.32 349
571.324 387
572.328 360
573.332 390
574.336 405
575.341 276
576.429 373
577.432 375
578.436 303
579.441 289
580.444 281
581.678 376
582.681 395
583.701 400
584.705 358
585.709 399
586.733 384
587.763 397
588.779 394
589.782 365
590.786 386
591.804 366
592.805 452
593.811 341
594.814 377
595.818 391
596.822 375
597.827 275
598.831 388
599.886 348
600.905 411
601.906 312
602.91 408
603.915 327
604.919 331
605.923 349
606.93 357
607.93 389
608.935 413
609.935 399
610.963 381
612.014 420
613.017 419
614.019 394
615.023 403
616.027 392
617.032 351
618.035 382
619.039 344
620.043 308
621.112 391
622.119 425
623.123 352
624.127 344
625.132 343
626.138 366
627.141 329
628.144 351
629.188 403
630.227 404
631.275 445
632.342 397
633.346 391
634.353 385
635.356 412
636.361 390
637.365 394
638.368 364
639.372 289
640.377 343
641.419 355
642.574 430
643.598 398
644.799 429
645.813 409
646.898 417
647.948 411
648.983 419
649.985 414
650.989 366
651.993 361
652.997 375
654.001 397
655.005 412
656.009 611
657.014 524
658.018 489
659.021 420
660.026 577
661.03 470
662.034 584
663.038 379
664.091 507
665.094 546
666.098 578
667.112 566
668.114 590
669.119 575
670.122 585
671.127 558
672.13 492
673.134 583
674.139 575
675.142 584
676.147 418
677.151 610
678.158 607
679.159 549
680.159 570
681.163 597
682.167 663
683.171 504
684.192 662
685.195 527
686.199 525
688.085 603
689.087 533
690.117 422
691.119 703
692.123 74
693.127 664
694.131 311
695.136 650
696.145 354
697.147 626
698.151 536
699.156 578
700.16 662
701.163 176
702.168 636
703.172 470
704.176 446
705.227 355
706.228 342
707.232 415
708.246 436
709.248 368
710.252 421
711.317 363
712.32 397
713.325 398
714.329 303
715.708 462
716.713 392
717.716 270
718.72 368
719.882 459
720.885 386
721.888 381
722.893 415
723.896 408
724.9 413
725.905 425
726.908 432
727.912 429
728.918 382
729.921 335
730.925 380
732.018 396
733.155 431
734.211 433
735.225 458
736.229 405
737.234 348
738.238 392
739.241 402
740.246 392
741.25 377
742.253 396
743.259 397
744.261 444
745.265 414
746.319 433
747.321 428
748.326 447
749.349 441
750.383 443
751.386 399
752.391 435
753.394 346
754.397 418
755.402 434
756.406 432
757.41 338
758.46 408
759.463 338
760.466 362
761.47 327
762.475 428
763.478 368
764.482 423
765.486 418
766.494 454
767.504 424
768.506 433
769.527 409
770.561 430
771.591 452
772.596 462
773.599 403
774.603 427
775.607 321
776.611 435
777.614 428
778.618 354
779.643 370
780.647 440
781.651 429
782.656 383
783.659 435
784.659 399
785.663 409
786.667 402
787.671 449
788.676 428
789.68 437
790.683 439
791.687 431
792.691 435
793.696 430
794.7 441
795.748 414
796.929 458
797.932 440
798.935 350
799.939 335
800.944 327
801.947 450
802.951 427
803.956 459
805.009 415
806.094 447
807.096 359
808.099 367
809.103 389
810.107 377
811.112 372
812.115 399
813.119 416
814.123 490
815.127 464
816.132 478
817.176 411
818.353 468
819.627 462
820.871 463
821.921 448
822.924 471
824.06 453
825.104 468
826.107 465
827.132 482
828.174 464
829.196 469
830.201 466
831.204 455
832.209 448
833.212 494
834.216 453
835.22 468
836.224 487
837.228 534
838.232 173
839.237 474
840.24 438
841.244 486
842.248 501
844.614 373
845.617 454
846.62 392
847.625 469
848.736 360
849.74 357
850.745 487
851.749 223
852.752 474
853.757 376
854.76 477
855.764 444
856.769 474
857.772 356
858.777 426
859.781 457
860.785 313
861.788 430
862.793 453
863.796 367
864.807 488
865.809 410
866.813 471
867.818 433
868.821 427
869.824 439
870.83 516
871.833 431
872.836 425
873.841 424
874.885 403
875.889 397
876.893 354
877.898 450
878.901 458
879.905 370
880.909 400
881.943 483
882.949 478
883.958 417
884.961 442
885.965 459
886.97 475
887.974 278
888.978 476
889.981 331
891.008 473
892.009 403
893.015 385
894.018 415
895.021 367
896.032 381
897.034 388
898.038 403
899.042 408
900.047 389
901.066 432
902.069 378
903.075 410
904.079 328
905.082 391
906.085 404
907.089 409
908.093 416
909.097 416
910.102 409
911.106 359
912.111 350
913.114 398
914.118 390
915.121 415
916.163 393
917.166 427
918.17 375
919.173 409
920.178 395
921.181 422
922.186 383
923.189 404
924.195 372
925.198 373
926.202 391
927.212 378
928.218 400
929.222 383
930.225 349
931.229 387
932.235 459
933.238 380
934.242 377
935.246 410
936.25 406
937.261 377
938.285 439
939.286 375
940.29 342
941.294 395
942.298 382
943.302 420
944.305 411
945.33 457
946.333 367
947.338 427
948.343 490
949.346 358
950.351 383
951.354 452
952.358 409
953.363 460
954.366 414
955.37 500
956.374 485
957.379 501
958.382 421
959.386 472
960.39 454
961.394 476
962.398 483
963.416 501
964.418 376
965.422 418
966.426 394
967.43 391
968.435 325
969.439 401
970.442 402
971.474 386
972.478 367
973.482 405
974.486 291
975.493 351
976.514 399
977.52 400
978.523 389
979.526 389
980.531 402
981.535 343
982.538 464
983.543 498
984.547 449
985.551 416
986.555 418
987.559 435
988.563 392
989.567 389
990.571 348
991.575 318
992.747 403
993.751 377
994.755 421
995.759 443
996.763 309
997.766 368
998.854 345
999.858 451
1000.86 428
1001.9 448
1002.94 483
1003.94 296
1004.95 392
1005.95 374
1006.96 387
1007.96 415
1008.96 396
1009.97 432
1010.97 426
1011.97 436
1012.98 387
1013.98 437
1014.99 444
1015.99 426
1016.99 401
1018 399
1019 433
1020.01 349
1021.01 451
1022.02 391
1023.02 439
1024.02 407
1025.03 401
1026.03 416
1027.03 382
1028.04 408
1029.04 360
1030.05 448
1031.05 414
1032.05 368
1033.06 423
1034.07 429
1035.07 466
1036.08 515
1037.08 504
1038.08 527
1039.09 480
1040.1 481
1041.1 514
1042.1 493
1043.11 544
1044.13 532
1045.13 508
1046.13 489
1047.14 513
1048.14 421
1049.14 525
1050.15 488
1051.15 485
1052.16 499
1053.16 539
1054.16 554
1055.17 523
1056.17 464
1057.18 562
1058.18 515
1059.18 478
1060.51 561
1061.51 422
1062.52 441
1063.52 357
1064.52 436
1065.75 368
1066.79 580
1067.8 602
1068.81 678
1069.81 552
1070.81 684
1071.82 563
1072.82 635
1073.83 386
1074.83 493
1075.83 492
1076.84 403
1077.84 468
1078.85 428
1079.85 434
1080.87 533
1081.87 311
1082.88 473
1083.88 452
1084.89 488
1085.92 509
1086.92 449
1087.93 446
1088.93 468
1089.94 417
1090.94 455
1091.94 472
1092.95 457
1093.95 455
1094.96 472
1096 487
1097.01 470
1098.01 356
1099.01 460
1100.02 457
1101.02 448
1102.03 464
1103.03 469
1104.03 478
1105.05 428
1106.06 474
1107.06 466
1108.07 443
1109.07 456
1110.08 466
1111.08 470
1112.08 443
1113.09 463
1114.09 483
1115.09 450
1116.11 474
1117.13 458
1118.14 478
1119.14 432
1120.15 460
1121.15 384
1122.16 456
1123.16 379
1124.26 503
1125.26 452
1126.27 454
1127.27 484
1128.27 403
1129.28 417
1130.28 551
1131.29 464
1132.29 340
1133.3 415
1134.3 466
1135.31 497
1136.31 425
1137.32 471
1138.32 473
1139.32 452
1140.33 482
1141.35 508
1142.37 475
1143.37 441
1144.38 478
1145.38 402
1146.39 474
1147.39 395
1148.4 466
1149.4 466
1150.44 431
1151.44 456
1152.44 456
1153.45 448
1154.45 471
1155.45 424
1156.46 478
1157.46 463
1158.47 445
1159.47 497
1160.48 476
1161.48 470
1162.48 465
1163.49 473
1164.49 450
1165.49 377
1166.51 492
1167.51 488
1168.56 491
1169.57 472
1170.57 456
1171.57 421
1172.57 406
1173.58 475
1174.58 451
1175.59 434
1176.59 467
1177.59 481
1178.64 488
1179.65 446
1180.65 449
1181.66 475
1182.66 470
1183.66 442
1184.66 478
1185.66 490
1186.67 483
1187.67 463
1188.68 428
1189.68 463
1190.68 457
1191.68 364
1192.68 452
1193.68 433
1194.69 483
1195.69 479
1196.69 460
1197.69 450
1198.69 446
1199.69 466
1200.69 467
