# timestamp	memory footprint (MB)\n
-264.566 0
-263.334 0
-259.401 0
-258.383 4
-257.325 4
-256.203 4
-255.203 8
-254.204 8
-253.134 8
-252.007 12
-250.281 12
-249.035 12
-247.932 12
-246.926 16
-245.075 16
-243.98 32
-242.862 36
-241.819 36
-240.823 36
-237.398 40
-236.39 40
-235.379 44
-233.335 44
-232.337 44
-231.337 48
-227.348 48
-226.324 48
-225.335 48
-224.332 52
-221.475 52
-220.467 56
-219.461 56
-216.771 56
-215.72 60
-214.714 60
-213.707 60
-210.954 64
-209.921 64
-208.919 64
-207.917 68
-206.914 68
-203.719 72
-202.704 72
-199.791 72
-198.789 76
-197.774 76
-196.763 76
-195.168 80
-194.139 80
-191.21 84
-190.208 84
-189.208 84
-188.189 88
-186.412 88
-185.4 88
-181.261 92
-180.26 92
-179.242 92
-178.241 96
-175.244 96
-174.242 96
-173.238 100
-171.081 100
-170.066 104
-166.97 104
-165.961 104
-164.954 108
-162.857 108
-161.848 108
-160.846 112
-159.837 112
-157.552 112
-156.554 116
-152.589 116
-151.585 116
-150.585 120
-149.585 120
-146.625 124
-145.618 124
-144.627 124
-141.628 128
-140.625 128
-139.621 132
-135.61 132
-134.6 132
-133.6 136
-132.6 136
-130.812 136
-129.803 140
-127.542 140
-126.542 144
-125.541 144
-121.541 144
-120.535 144
-119.537 148
-116.463 148
-115.465 152
-114.459 152
-111.406 156
-110.394 156
-109.401 156
-106.3 160
-105.301 160
-104.302 160
-101.264 164
-100.263 164
-99.2562 168
-95.2966 168
-94.2854 168
-93.2836 172
-92.2818 172
-89.2544 172
-88.2468 176
-87.2345 176
-86.2311 180
-82.8207 180
-81.8112 180
-80.8077 180
-79.8046 184
-76.8621 184
-75.851 188
-74.8542 188
-73.8454 188
-69.9357 192
-68.9317 192
-67.9191 196
-65.7907 196
-64.7852 196
-63.7835 196
-60.7255 200
-59.7147 200
-58.7191 204
-56.2735 204
-55.2704 208
-52.1459 208
-51.1391 208
-47.9722 212
-46.9633 212
-45.9629 212
-42.8671 216
-41.857 216
-40.8625 220
-37.7004 220
-36.6921 220
-35.6905 224
-32.5729 224
-31.5705 224
-30.5638 228
-27.4415 228
-26.4297 228
-25.4385 232
-22.5346 232
-21.5316 236
-20.5334 236
-19.0947 240
-16.0614 240
-15.0411 240
-14.0453 240
-13.0366 240
-12.0451 240
-10.9869 240
-9.98696 240
-9.00427 240
-8.00423 240
-7.00405 240
-6.00397 240
-5.00385 240
-4.00398 240
-3.00393 240
-2.00383 240
-1.0038 240
-0.00356 240
7.53605 240
8.72744 240
9.73649 240
10.7369 240
11.7374 240
12.7395 240
13.7421 240
14.7423 240
15.7426 240
16.7469 240
17.7626 238
18.7474 238
19.7433 242
20.7519 242
21.7598 242
22.7637 242
23.7598 242
24.7616 246
25.7692 245
26.7577 245
27.7686 244
28.7625 244
29.7585 244
30.7631 244
31.7692 244
32.7636 244
33.7672 244
34.7709 244
35.7699 244
36.7601 244
37.7722 243
38.7661 243
39.762 243
40.7696 247
41.7817 246
42.7782 246
43.7869 246
44.7955 246
45.7908 246
46.791 246
47.7959 246
48.7914 246
49.7947 246
50.7988 245
51.793 245
52.8035 245
53.8033 245
54.8008 245
55.8006 244
56.8054 248
57.812 248
58.8096 248
59.8098 248
60.8013 248
61.8143 252
62.8101 252
63.8213 251
64.8114 251
65.7976 251
66.8197 251
67.8066 251
68.8122 251
69.8157 251
70.8202 251
71.8084 251
72.8202 250
73.8207 254
74.825 253
75.8134 253
76.8203 253
77.8138 253
78.8252 253
79.8141 253
80.8173 253
81.8146 253
82.8338 253
83.8272 252
84.8192 252
85.8193 252
86.8313 252
87.8256 251
88.8242 251
89.8201 251
90.8319 255
91.8303 255
92.8357 254
93.8348 254
94.8335 254
95.8392 254
96.8408 254
97.838 254
98.8433 254
99.848 253
100.839 253
101.844 252
102.834 252
103.835 252
104.851 252
105.835 252
106.835 252
107.844 256
108.844 256
109.851 256
110.844 256
111.844 256
112.84 256
113.844 256
114.848 256
115.848 256
116.849 256
117.853 255
118.849 255
119.851 254
120.845 254
121.853 254
122.849 254
123.855 258
124.852 258
125.853 258
126.853 258
127.854 262
128.868 262
129.857 261
130.859 261
131.859 261
132.924 261
133.914 261
134.918 261
135.919 261
136.925 261
137.933 260
138.934 260
139.932 260
140.923 260
141.923 260
142.931 260
143.928 260
144.937 259
145.927 259
146.924 259
147.933 263
148.928 263
149.94 263
150.941 263
151.933 263
152.928 263
153.925 263
154.938 263
155.944 263
156.942 263
157.946 263
158.95 263
159.969 262
160.96 261
161.967 261
162.967 261
163.978 261
164.988 261
165.98 261
166.984 261
168 264
169.007 264
170.008 264
171.014 264
172.013 264
173.027 264
174.041 263
175.025 263
176.038 263
177.052 262
178.042 262
179.064 261
180.06 261
181.06 261
182.059 261
183.077 261
184.075 261
185.078 261
186.078 261
187.089 261
188.112 264
189.124 264
190.122 264
191.13 264
192.126 264
193.134 264
194.134 264
195.142 263
196.151 263
197.151 263
198.155 267
199.167 267
200.169 266
201.202 266
202.205 266
203.213 266
204.22 266
205.217 266
206.209 266
207.224 266
208.229 270
209.248 270
210.238 270
211.251 270
212.267 269
213.258 269
214.263 269
215.267 269
216.271 269
217.282 269
218.275 269
219.295 268
220.299 268
221.296 268
222.292 268
223.32 267
224.307 267
225.322 267
226.321 267
227.313 267
228.326 271
229.338 271
230.351 271
231.342 271
232.338 271
233.359 275
234.351 275
235.369 274
236.372 274
237.372 274
238.375 274
239.384 273
240.397 273
241.392 273
242.389 273
243.397 273
244.406 273
245.412 273
246.413 273
247.424 272
248.423 276
249.427 276
250.449 276
251.434 276
252.447 275
253.45 275
254.454 275
255.463 275
256.476 275
257.488 275
258.479 275
259.492 275
260.498 274
261.492 274
262.496 274
263.512 274
264.492 274
265.515 274
266.511 274
267.504 274
268.509 274
269.505 278
270.517 277
271.511 276
272.509 276
273.514 280
274.505 280
275.518 280
276.516 280
277.518 280
278.511 280
279.526 280
280.568 280
281.586 279
282.575 279
283.574 279
284.567 279
285.571 279
286.582 279
287.576 279
288.591 279
289.572 279
290.588 283
291.577 283
292.585 282
293.573 282
294.573 282
295.585 282
296.592 281
297.589 281
298.578 281
299.573 281
300.581 281
301.582 281
302.588 281
303.587 281
304.578 281
305.574 281
306.575 281
307.579 281
308.59 281
309.591 280
310.57 280
311.581 280
312.57 280
313.588 284
314.585 284
315.587 284
316.592 284
317.674 283
318.66 283
319.675 282
320.652 282
321.652 282
322.657 282
323.664 282
324.678 282
325.669 282
326.666 282
327.664 282
328.666 282
329.732 281
330.713 281
331.713 281
332.731 281
333.762 281
334.765 281
335.781 284
336.764 284
337.774 284
338.782 284
339.767 284
340.758 284
341.766 284
342.774 283
343.763 283
344.776 283
345.763 283
346.771 283
347.763 283
348.774 283
349.768 283
350.764 283
351.77 283
352.776 283
353.778 282
354.78 282
355.772 286
356.788 285
357.781 289
358.795 289
359.796 289
360.8 289
361.779 289
362.866 288
363.85 288
364.853 288
365.851 288
366.94 288
367.938 288
368.934 288
369.926 288
370.952 288
371.936 288
372.939 288
373.927 288
374.946 288
375.935 288
376.944 287
377.931 287
378.994 287
379.987 291
380.992 291
381.991 291
382.983 290
383.988 290
384.979 290
385.986 289
386.988 289
387.976 289
388.977 289
389.983 289
390.968 289
391.987 289
392.987 289
394.012 288
394.994 288
395.997 288
397.005 288
398.011 288
399.013 288
400.001 288
401.013 288
401.998 288
403.02 291
404.013 290
404.993 290
405.998 290
407.011 290
408.014 290
409.003 290
410.011 290
410.991 290
412.004 290
413.003 290
414.003 290
415.01 290
416.012 290
417.024 290
418.011 290
418.991 290
420.008 290
421.013 289
422.015 289
423.023 288
424.008 288
425.003 288
426.012 288
427.012 292
428.008 292
429.015 292
430.008 292
431.016 292
432.002 292
433.016 292
434 292
435.019 292
436.009 292
437.022 291
438.017 291
439.02 291
440.008 291
441.024 291
442.029 295
443.021 295
444.02 295
445.017 295
446.04 295
447.03 295
448.025 294
449.018 294
450.026 294
451.025 298
452.031 298
453.044 297
454.025 297
455.026 297
456.03 297
457.023 297
458.035 297
459.045 297
460.031 297
461.019 297
462.027 297
463.028 297
464.042 297
465.045 296
466.103 296
467.078 296
468.095 296
469.096 296
470.088 296
471.111 296
472.117 296
473.104 296
474.11 295
475.107 299
476.104 299
477.119 298
478.108 298
479.112 298
480.101 298
481.095 298
482.1 298
483.108 298
484.104 298
485.103 298
486.099 297
487.128 297
488.093 297
489.121 297
490.093 297
491.105 297
492.099 297
493.101 297
494.118 296
495.111 296
496.101 296
497.1 295
498.103 295
499.098 295
500.116 299
501.118 299
502.119 299
503.109 299
504.106 299
505.112 298
506.099 298
507.118 298
508.11 298
509.103 298
510.107 298
511.111 298
512.104 298
513.13 298
514.111 298
515.132 297
516.106 297
517.11 297
518.122 296
519.137 296
520.155 296
521.136 296
522.139 296
523.139 296
524.119 296
525.139 296
526.131 296
527.131 300
528.148 300
529.138 299
530.139 299
531.126 299
532.146 299
533.143 299
534.146 299
535.123 299
536.131 299
537.146 299
538.138 298
539.132 302
540.143 302
541.144 302
542.145 302
543.146 302
544.131 302
545.147 302
546.144 301
547.144 301
548.131 301
549.147 301
550.153 301
551.148 301
552.152 301
553.15 301
554.144 301
555.143 301
556.155 301
557.153 301
558.164 301
559.148 301
560.158 301
561.146 300
562.153 304
563.153 304
564.173 304
565.163 303
566.164 303
567.157 303
568.17 303
569.169 303
570.173 303
571.169 303
572.168 303
573.161 303
574.171 303
575.168 303
576.157 303
577.174 303
578.171 303
579.199 303
580.169 303
581.163 303
582.173 303
583.176 303
584.189 302
585.181 302
586.173 302
587.153 302
588.18 302
589.169 302
590.164 302
591.183 301
592.173 301
593.188 301
594.192 301
595.18 301
596.176 301
597.191 301
598.195 301
599.175 301
600.185 301
601.191 305
602.215 304
603.199 304
604.194 304
605.196 304
606.205 304
607.201 304
608.195 304
609.189 304
610.192 304
611.193 304
612.211 304
613.184 304
614.197 304
615.188 304
616.209 304
617.206 304
618.197 304
619.195 304
620.205 304
621.218 304
622.207 304
623.208 304
624.203 303
625.209 303
626.213 303
627.197 303
628.224 303
629.203 302
630.204 302
631.211 302
632.201 302
633.2 302
634.226 302
635.221 302
636.21 302
637.225 302
638.205 302
639.212 302
640.213 306
641.238 306
642.241 305
643.219 305
644.234 305
645.231 305
646.25 305
647.261 305
648.244 305
649.251 309
650.254 309
651.229 309
652.265 309
653.255 309
654.254 309
655.253 309
656.257 309
657.29 309
658.273 309
659.277 309
660.279 309
661.273 309
662.287 309
663.278 309
664.299 308
665.286 308
666.288 308
667.286 308
668.306 308
669.319 307
670.32 307
671.314 307
672.323 307
673.331 307
674.355 306
675.329 306
676.352 306
677.363 306
678.36 306
679.376 306
680.382 310
681.373 310
682.381 310
683.4 310
684.422 310
685.415 310
686.432 310
687.425 310
688.422 310
689.43 314
690.442 314
691.451 314
692.459 314
693.451 314
694.456 314
695.49 314
696.471 314
697.488 314
698.517 314
699.492 314
700.512 314
701.518 314
702.542 314
703.564 314
704.587 314
705.613 313
706.607 313
707.608 313
708.621 313
709.617 313
710.63 313
711.641 313
712.642 313
713.662 313
714.688 313
715.682 313
716.687 313
717.694 313
718.7 313
719.713 312
720.7 312
721.7 316
722.73 315
723.716 315
724.708 315
725.736 315
726.724 315
727.744 315
728.751 315
729.754 315
730.753 315
731.768 315
732.77 315
733.785 315
734.77 315
735.794 315
736.79 315
737.794 315
738.809 315
739.826 315
740.835 315
741.851 315
742.843 315
743.846 315
744.839 315
745.847 315
746.875 314
747.882 314
748.878 314
749.867 314
750.896 314
751.898 314
752.892 314
753.9 314
754.91 314
755.9 314
756.904 314
757.92 314
758.932 312
759.905 312
760.913 312
761.922 312
762.945 312
763.953 312
764.945 316
765.95 316
766.954 316
767.958 316
768.966 316
769.983 316
770.975 316
771.981 316
772.959 316
773.988 316
775.006 316
775.991 316
776.998 316
778.01 316
778.984 316
780.042 316
781.011 316
782.028 316
783.024 316
784.04 316
785.033 316
786.041 316
787.048 316
788.052 316
789.066 315
790.06 314
791.053 314
792.085 314
793.069 314
794.082 314
795.083 314
796.1 314
797.103 314
798.109 314
799.102 314
800.125 314
801.123 314
802.11 314
803.132 313
804.115 313
805.152 313
806.119 313
807.142 317
808.171 317
809.16 317
810.187 317
811.176 317
812.18 317
813.172 317
814.21 317
815.187 317
816.227 317
817.221 317
818.221 317
819.232 317
820.237 317
821.228 317
822.238 317
823.256 317
824.267 317
825.254 317
826.257 317
827.287 317
828.28 317
829.283 317
830.297 316
831.282 316
832.305 315
833.3 315
834.323 315
835.315 315
836.337 315
837.327 315
838.338 315
839.329 315
840.349 315
841.338 315
842.342 315
843.357 314
844.351 314
845.365 314
846.368 314
847.355 314
848.393 314
849.359 318
850.396 318
851.372 318
852.404 318
853.424 322
854.44 322
855.42 322
856.43 322
857.449 321
858.446 321
859.445 321
860.449 321
861.44 321
862.462 321
863.471 321
864.464 321
865.482 321
866.47 321
867.485 321
868.478 321
869.466 321
870.484 321
871.494 321
872.494 321
873.494 321
874.507 321
875.514 321
876.518 321
877.513 321
878.515 321
879.548 320
880.519 320
881.555 320
882.552 320
883.551 320
884.564 319
885.578 319
886.56 319
887.577 319
888.582 319
889.572 319
890.576 319
891.585 319
892.596 323
893.612 323
894.633 322
895.596 322
896.616 322
897.615 322
898.612 322
899.62 322
900.633 322
901.625 322
902.635 322
903.664 322
904.659 322
905.675 322
906.678 322
907.695 322
908.681 322
909.704 322
910.697 322
911.702 322
912.708 322
913.714 322
914.725 321
915.718 321
916.734 321
917.714 321
918.75 321
919.738 321
920.75 321
921.759 321
922.747 321
923.761 320
924.759 320
925.75 320
926.771 320
927.775 320
928.782 319
929.775 319
930.788 319
931.798 319
932.79 319
933.813 319
934.787 323
935.8 323
936.808 323
937.827 323
938.821 323
939.824 323
940.824 323
941.836 323
942.846 323
943.849 323
944.849 323
945.868 323
946.852 323
947.862 323
948.898 322
949.873 322
950.869 322
951.895 322
952.899 322
953.889 322
954.921 322
955.909 322
956.93 322
957.944 322
958.925 322
959.959 321
960.957 320
961.938 320
962.941 320
963.938 320
964.962 320
965.975 320
966.992 320
967.978 320
968.997 320
970.014 320
971.01 320
972.006 320
973.01 320
974.031 320
975.03 320
976.052 320
977.038 320
978.051 324
979.063 324
980.072 324
981.073 324
982.067 324
983.066 324
984.085 324
985.084 324
986.105 323
987.103 323
988.1 323
989.111 323
990.119 323
991.104 323
992.135 323
993.115 323
994.12 323
995.134 323
996.144 323
997.137 323
998.16 322
999.156 322
1000.15 322
1001.15 322
1002.18 322
1003.18 322
1004.16 322
1005.18 322
1006.18 322
1007.19 321
1008.19 321
1009.21 321
1010.2 321
1011.21 321
1012.22 321
1013.21 321
1014.24 321
1015.23 321
1016.24 321
1017.22 321
1018.25 325
1019.25 325
1020.25 325
1021.26 329
1022.25 329
1023.28 329
1024.29 329
1025.29 329
1026.29 329
1027.3 329
1028.3 329
1029.3 329
1030.31 329
1031.31 329
1032.31 329
1033.32 329
1034.33 329
1035.32 329
1036.34 328
1037.32 328
1038.34 328
1039.36 328
1040.35 328
1041.34 328
1042.36 328
1043.37 328
1044.37 328
1045.37 328
1046.39 328
1047.4 327
1048.39 327
1049.41 326
1050.4 326
1051.4 326
1052.41 326
1053.41 326
1054.41 326
1055.43 326
1056.41 326
1057.44 326
1058.44 326
1059.45 326
1060.45 326
1061.44 326
1062.45 326
1063.45 326
1064.48 330
1065.48 330
1066.47 330
1067.47 330
1068.49 329
1069.5 329
1070.51 329
1071.51 329
1072.51 329
1073.52 329
1074.5 329
1075.53 329
1076.53 329
1077.53 329
1078.55 329
1079.53 329
1080.53 329
1081.54 329
1082.53 329
1083.54 329
1084.55 329
1085.53 329
1086.55 329
1087.52 329
1088.54 329
1089.53 328
1090.55 328
1091.53 328
1092.56 328
1093.54 328
1094.54 328
1095.55 328
1096.56 328
1097.53 328
1098.57 328
1099.56 328
1100.58 327
1101.57 327
1102.58 327
1103.55 327
1104.57 327
1105.56 327
1106.56 327
1107.56 327
1108.58 331
1109.57 330
1110.58 330
1111.56 330
1112.57 330
1113.57 330
1114.58 330
1115.57 330
1116.58 330
1117.58 330
1118.56 330
1119.57 330
1120.59 330
1121.57 330
1122.58 330
1123.57 330
1124.59 330
1125.58 330
1126.56 330
1127.57 329
1128.58 329
1129.59 329
1130.59 329
1131.57 329
1132.57 329
1133.59 329
1134.61 329
1135.57 329
1136.59 329
1137.57 329
1138.59 329
1139.59 328
1140.6 328
1141.58 328
1142.58 328
1143.6 328
1144.58 328
1145.6 328
1146.6 328
1147.59 328
1148.59 327
1149.59 327
1150.59 327
1151.58 327
1152.6 331
1153.62 331
1154.59 331
1155.62 331
1156.61 331
1157.61 331
1158.61 331
1159.61 331
1160.62 331
1161.61 331
1162.63 331
1163.6 331
1164.62 331
1165.62 331
1166.62 331
1167.6 331
1168.61 331
1169.63 331
1170.62 330
1171.63 330
1172.63 330
1173.63 330
1174.63 330
1175.62 330
1176.63 330
1177.64 329
1178.63 329
1179.64 329
1180.62 329
1181.62 329
1182.62 329
1183.65 329
1184.62 329
1185.63 333
1186.63 333
1187.62 333
1188.63 333
1189.62 332
1190.64 332
1191.63 332
1192.63 332
1193.63 332
1194.64 332
1195.65 332
1196.65 336
1197.65 336
1198.65 336
1199.65 336
1200.65 336
1201.65 336
1202.66 336
1203.64 336
1204.65 336
1205.65 336
1206.65 335
1207.63 335
1208.63 335
1209.65 335
1210.64 335
1211.65 335
1212.66 335
1213.65 335
1214.63 335
1215.65 335
1216.64 335
1217.65 334
1218.63 334
1219.67 334
1220.65 334
1221.65 334
1222.67 333
1223.67 333
1224.67 333
1225.65 333
1226.66 333
1227.66 333
1228.66 333
1229.66 333
1230.65 333
1231.65 332
1232.67 332
1233.65 332
1234.66 332
1235.67 332
1236.67 332
1237.68 332
1238.67 332
1239.67 332
1240.67 331
1241.66 335
1242.68 335
1243.68 335
1244.68 335
1245.68 335
1246.68 335
1247.69 335
1248.69 335
1249.69 335
1250.7 335
1251.7 335
1252.71 335
1253.69 335
1254.68 335
1255.68 335
1256.7 335
1257.71 335
1258.72 335
1259.71 334
1260.71 334
1261.7 334
1262.7 334
1263.71 334
1264.69 334
1265.7 334
1266.71 334
1267.74 334
1268.7 334
1269.72 333
1270.71 333
1271.72 333
1272.72 333
1273.72 333
1274.71 333
1275.7 333
1276.74 333
1277.72 333
1278.71 332
1279.72 332
1280.73 332
1281.72 332
1282.7 332
1283.73 332
1284.73 332
1285.72 332
1286.72 336
1287.73 336
1288.73 335
1289.73 335
1290.71 335
1291.74 335
1292.74 335
1293.74 335
1294.73 335
1295.74 335
1296.76 335
1297.76 335
1298.75 335
1299.73 335
1300.77 335
1301.76 335
1302.76 335
1303.76 335
1304.74 334
1305.76 334
1306.75 334
1307.74 334
1308.77 334
1309.76 334
1310.76 334
1311.76 334
1312.77 334
1313.79 333
1314.75 333
1315.76 333
1316.77 333
1317.77 333
1318.75 333
1319.76 333
1320.79 333
1321.79 333
1322.77 333
1323.77 333
1324.8 332
1325.78 332
1326.81 332
1327.79 332
1328.79 332
1329.8 332
1330.79 332
1331.8 336
1332.79 336
1333.77 336
1334.79 336
1335.79 336
1336.79 336
1337.81 336
1338.79 336
1339.8 336
1340.78 336
1341.8 336
1342.81 336
1343.79 336
1344.79 336
1345.81 335
1346.79 335
1347.8 335
1348.8 335
1349.81 335
1350.79 335
1351.81 335
1352.81 335
1353.79 335
1354.79 335
1355.8 335
1356.8 335
1357.79 335
1358.82 338
1359.8 338
1360.81 338
1361.81 338
1362.8 338
1363.82 338
1364.79 338
1365.82 338
1366.82 338
1367.81 338
1368.8 338
1369.79 338
1370.82 337
1371.83 337
1372.83 337
1373.82 337
1374.81 337
1375.8 337
1376.81 337
1377.82 341
1378.8 341
1379.81 341
1380.84 341
1381.8 341
1382.82 341
1383.84 341
1384.83 340
1385.84 340
1386.82 340
1387.83 340
1388.85 340
1389.84 340
1390.86 340
1391.84 340
1392.85 340
1393.85 340
1394.86 340
1395.84 340
1396.85 340
1397.84 340
1398.83 340
1399.85 340
1400.85 340
1401.86 340
1402.84 340
1403.85 340
1404.85 340
1405.85 340
1406.85 340
1407.84 340
1408.85 339
1409.85 339
1410.83 339
1411.84 338
1412.84 338
1413.85 338
1414.84 338
1415.87 338
1416.84 338
1417.84 338
1418.87 338
1419.85 338
1420.84 338
1421.84 338
1422.86 338
1423.85 342
1424.83 342
1425.86 342
1426.86 342
1427.85 342
1428.84 342
1429.84 342
1430.86 342
1431.84 342
1432.87 342
1433.84 342
1434.86 342
1435.87 342
1436.87 342
1437.84 342
1438.86 342
1439.87 342
1440.86 342
1441.86 342
1442.87 342
1443.86 342
1444.86 342
1445.86 342
1446.87 342
1447.87 341
1448.89 340
1449.87 340
1450.87 340
1451.87 340
1452.88 340
1453.86 340
1454.87 340
1455.88 340
1456.86 339
1457.87 339
1458.87 339
1459.88 339
1460.86 339
1461.88 339
1462.9 339
1463.88 339
1464.87 339
1465.87 339
1466.86 339
1467.87 339
1468.86 339
1469.87 339
1470.89 343
1471.89 343
1472.88 343
1473.88 343
1474.88 343
1475.86 343
1476.87 343
1477.87 343
1478.88 343
1479.88 342
1480.87 342
1481.89 342
1482.88 342
1483.87 342
1484.91 342
1485.88 342
1486.88 342
1487.9 342
1488.89 342
1489.9 342
1490.87 342
1491.89 341
1492.9 341
1493.88 341
1494.87 341
1495.88 341
1496.89 341
1497.89 340
1498.89 340
1499.9 340
1500.87 340
1501.88 340
1502.89 340
1503.89 340
1504.91 340
1505.91 340
1506.88 340
1507.91 340
1508.91 340
1509.92 340
1510.92 340
1511.89 340
1512.92 339
1513.91 339
1514.91 339
1515.92 339
1516.9 339
1517.93 343
1518.91 343
1519.93 343
1520.94 343
1521.93 343
1522.94 343
1523.94 343
1524.95 343
1525.94 343
1526.92 343
1527.94 343
1528.93 343
1529.95 343
1530.94 343
1531.95 341
1532.92 341
1533.92 341
1534.95 341
1535.93 341
1536.92 341
1537.93 341
1538.93 345
1539.95 345
1540.94 345
1541.94 345
1542.95 345
1543.93 345
1544.95 345
1545.97 345
1546.94 345
1547.95 345
1548.94 345
1549.94 345
1550.94 345
1551.95 345
1552.93 345
1553.96 345
1554.94 345
1555.95 345
1556.95 345
1557.96 344
1558.96 344
1559.94 344
1560.95 344
1561.96 344
1562.95 344
1563.95 344
1564.95 348
1565.95 348
1566.96 348
1567.98 348
1568.97 348
1569.95 348
1570.97 348
1571.96 348
1572.98 348
1573.99 348
1574.98 348
1575.99 348
1577.02 348
1577.97 348
1579.02 347
1580.01 347
1581.01 347
1582.01 347
1582.98 347
1584.01 347
1585 347
1586.01 347
1586.99 347
1588.02 347
1589.01 347
1590.01 347
1591.02 346
1592 346
1593.01 345
1593.99 345
1595.01 345
1596.02 349
1597.01 349
1598 349
1599.01 349
1600.02 349
1601.02 349
1602.01 349
1603.01 349
1604 349
1605.03 349
1606.03 349
1607.01 349
1608.02 349
1609.02 349
1610.02 349
1611.03 349
1612.03 349
1613.01 353
1614.03 353
1615 353
1616.03 353
1617.04 353
1618.05 352
1619.06 352
1620.03 352
1621.04 352
1622.06 352
1623.03 352
1624.05 352
1625.07 352
1626.06 352
1627.03 352
1628.08 352
1629.08 352
1630.05 352
1631.06 352
1632.06 351
1633.07 351
1634.05 351
1635.08 351
1636.09 351
1637.09 350
1638.08 350
1639.06 350
1640.09 350
1641.08 350
1642.09 350
1643.07 350
1644.07 350
1645.08 350
1646.08 350
1647.09 350
1648.08 350
1649.08 349
1650.1 349
1651.07 349
1652.07 349
1653.07 349
1654.08 349
1655.1 349
1656.09 349
1657.08 349
1658.08 349
1659.09 349
1660.08 349
1661.12 349
1662.11 349
1663.11 353
1664.09 353
1665.12 353
1666.07 352
1667.09 352
1668.1 352
1669.11 352
1670.09 352
1671.1 352
1672.12 352
1673.12 352
1674.1 352
1675.12 352
1676.11 352
1677.09 352
1678.11 351
1679.12 351
1680.12 351
1681.11 351
1682.14 351
1683.12 351
1684.08 351
1685.12 351
1686.12 351
1687.13 351
1688.1 351
1689.12 351
1690.13 351
1691.14 351
1692.12 351
1693.13 350
1694.14 350
1695.14 350
1696.15 350
1697.15 350
1698.17 350
1699.17 350
1700.13 350
1701.18 350
1702.19 350
1703.18 350
1704.2 350
1705.2 350
1706.2 350
1707.2 350
1708.2 350
1709.21 350
1710.2 350
1711.23 350
1712.22 350
1713.24 354
1714.26 353
1715.23 353
1716.24 353
1717.27 353
1718.24 353
1719.25 353
1720.28 353
1721.28 353
1722.27 353
1723.29 352
1724.28 351
1725.27 351
1726.28 351
1727.31 355
1728.32 355
1729.29 355
1730.34 355
1731.32 355
1732.32 355
1733.33 355
1734.34 355
1735.35 355
1736.37 355
1737.36 355
1738.36 355
1739.37 355
1740.39 355
1741.37 355
1742.4 354
1743.4 354
1744.37 354
1745.4 354
1746.41 354
1747.41 354
1748.4 354
1749.42 354
1750.42 354
1751.44 354
1752.43 354
1753.45 354
1754.47 353
1755.47 353
1756.49 353
1757.46 353
1758.47 353
1759.49 353
1760.49 353
1761.51 353
1762.5 353
1763.49 357
1764.53 357
1765.52 357
1766.52 357
1767.51 357
1768.54 357
1769.51 357
1770.56 357
1771.53 357
1772.55 357
1773.57 357
1774.59 357
1775.54 357
1776.58 357
1777.59 357
1778.57 357
1779.6 357
1780.61 357
1781.6 356
1782.62 356
1783.61 356
1784.63 356
1785.63 356
1786.64 356
1787.64 356
1788.66 355
1789.65 355
1790.65 355
1791.66 355
1792.66 355
1793.67 355
1794.68 355
1795.68 355
1796.69 355
1797.68 355
1798.68 355
1799.68 355
1800.71 355
1801.69 355
1802.73 355
1803.73 355
1804.73 355
1805.73 354
1806.74 354
1807.75 354
1808.74 354
1809.77 354
1810.75 354
1811.76 354
1812.77 354
1813.78 358
1814.78 358
1815.8 358
1816.81 358
1817.8 358
1818.8 358
1819.81 358
1820.81 358
1821.82 358
1822.83 358
1823.83 358
1824.85 358
1825.85 357
1826.86 357
1827.85 357
1828.88 357
1829.89 357
1830.87 357
1831.87 357
1832.89 357
1833.89 356
1834.87 356
1835.92 356
1836.9 356
1837.91 356
1838.89 356
1839.92 356
1840.94 356
1841.93 356
1842.93 356
1843.94 355
1844.95 355
1845.94 355
1846.98 355
1847.99 355
1848.97 355
1850.01 355
1851 355
1851.99 355
1852.99 355
1853.99 355
1855.01 355
1856.01 355
1857.01 355
1858.01 355
1859.01 355
1860.03 355
1861.03 354
1862.02 354
1863.03 358
1864.04 358
1865.05 358
1866.06 358
1867.06 358
1868.06 358
1869.06 358
1870.08 358
1871.07 358
1872.07 358
1873.06 358
1874.1 357
1875.1 357
1876.1 357
1877.12 357
1878.11 357
1879.14 357
1880.14 357
1881.12 357
1882.15 357
1883.14 357
1884.15 357
1885.14 357
1886.16 356
1887.16 356
1888.17 356
1889.15 356
1890.18 356
1891.18 356
1892.19 356
1893.2 356
1894.19 356
1895.19 356
1896.2 356
1897.2 356
1898.2 356
1899.22 356
1900.2 356
1901.22 356
1902.18 356
1903.25 356
1904.26 356
1905.25 356
1906.25 356
1907.25 356
1908.26 356
1909.27 356
1910.25 356
1911.27 355
1912.27 355
1913.3 355
1914.28 359
1915.31 359
1916.3 359
1917.33 359
1918.3 359
1919.31 358
1920.34 362
1921.31 362
1922.36 362
1923.33 362
1924.31 362
1925.34 362
1926.36 362
1927.34 362
1928.36 362
1929.37 362
1930.36 362
1931.37 362
1932.38 362
1933.38 362
1934.39 362
1935.37 362
1936.4 362
1937.4 362
1938.39 362
1939.41 362
1940.42 361
1941.41 361
1942.43 361
1943.45 361
1944.45 361
1945.43 361
1946.46 361
1947.45 361
1948.46 361
1949.45 361
1950.46 361
1951.47 361
1952.47 361
