# timestamp	memory footprint (MB)\n
-10.86 0
-9.24883 0
-2.13733 0
-0.573662 0
4.93169 0
5.9357 0
6.93955 0
7.99318 0
8.99613 0
10.0002 0
11.004 0
12.0142 0
13.1082 0
14.239 0
15.2406 0
16.2451 0
18.7597 0
19.9012 0
20.9025 0
21.9069 0
24.4013 0
25.6826 0
26.6838 0
27.6879 0
29.6035 0
30.6048 0
31.676 0
32.6773 0
33.7315 0
34.7335 0
35.7382 0
36.7416 0
37.9979 0
39.2524 0
40.5064 0
41.7356 0
42.7387 0
44.9117 0
45.9152 0
46.9218 0
47.9236 0
48.9277 0
49.9319 0
53.3278 0
54.3243 0
55.3282 0
56.3328 0
57.3368 0
58.3793 0
59.3815 0
60.3848 0
62.3062 0
63.3093 0
64.3134 0
65.318 0
67.9498 0
68.9536 0
69.9581 0
71.0351 0
72.0382 0
73.128 0
74.1305 0
75.1342 0
76.2631 0
77.2671 0
78.2706 0
79.5217 0
80.5227 0
81.527 0
83.3196 0
84.3229 0
85.3268 0
86.3316 0
88.881 0
90.0374 0
91.0396 0
92.0606 0
93.0633 0
94.0679 0
96.8148 0
97.8161 0
98.8202 0
99.8237 0
100.828 0
101.832 0
102.836 0
105.462 0
106.464 0
107.464 0
108.468 0
109.593 0
110.596 0
111.725 0
112.728 0
113.733 0
114.736 0
117.444 0
118.445 0
119.449 0
120.453 0
123.074 0
124.077 0
125.493 0
126.493 0
127.497 0
128.501 0
129.505 0
131.105 0
132.106 0
133.109 0
135.449 0
137.107 0
138.11 0
139.114 0
140.118 0
141.122 0
142.122 0
143.923 0
144.921 0
145.922 0
147.008 0
148.005 0
151.882 0
152.881 0
153.881 0
154.882 0
157.077 0
158.073 0
159.073 0
160.63 0
162.823 0
163.821 0
164.821 0
166.048 0
167.045 0
168.057 0
169.054 0
170.053 0
172.923 0
173.921 0
175.042 0
176.041 0
177.041 0
178.109 0
179.109 0
180.109 0
182.195 0
183.193 0
184.193 0
185.193 0
186.193 0
187.403 0
188.697 0
189.693 0
190.693 0
191.693 0
193.571 0
194.573 0
195.577 0
197.895 0
199.557 0
200.561 0
201.565 0
202.63 0
203.633 0
204.637 0
206.773 0
207.777 0
208.914 0
209.917 0
210.921 0
212.48 0
213.757 0
214.761 0
215.765 0
216.769 0
218.765 0
219.765 0
220.769 0
221.851 0
222.853 0
223.979 0
224.981 0
225.986 0
227.904 0
228.905 0
229.909 0
230.951 0
231.953 0
234.254 0
235.257 0
236.261 0
237.265 0
238.269 0
239.991 0
240.993 0
241.997 0
243.017 0
244.017 0
245.078 0
246.082 0
247.086 0
248.212 0
249.405 0
250.406 0
251.41 0
252.413 0
255.018 0
256.257 0
257.275 0
258.278 0
259.282 0
261.627 0
262.63 0
263.634 0
264.81 0
265.814 0
266.818 0
267.824 0
268.826 0
270.835 0
272.081 0
273.082 0
274.086 0
275.09 0
276.722 0
277.722 0
278.726 0
279.73 0
280.734 0
283.779 0
284.782 0
285.79 0
286.79 0
287.894 0
288.899 0
289.948 0
290.951 0
291.954 0
293.267 0
294.27 0
295.299 0
296.326 0
297.33 0
298.335 0
299.338 0
302.02 0
303.023 0
305.027 0
306.031 0
307.225 0
308.227 0
309.231 1
310.235 1
311.239 3
312.243 1
313.483 2
314.484 1
315.487 0
316.492 2
317.496 4
318.499 2
319.503 4
320.509 1
321.512 3
322.531 0
323.649 2
324.651 2
325.656 0
326.66 3
327.663 1
328.668 3
330.303 0
331.307 1
332.311 3
333.316 1
334.32 3
335.325 0
336.329 2
337.331 4
338.336 0
339.339 2
340.343 4
341.349 2
342.446 4
343.448 2
345.077 3
346.08 1
347.084 3
348.088 1
349.092 3
350.097 0
351.1 3
353.234 0
354.236 1
355.241 1
356.244 3
357.248 1
358.252 3
359.606 0
360.608 3
361.612 0
362.618 1
363.621 0
364.624 0
365.629 1
366.633 3
367.632 1
368.637 3
370.082 1
371.094 2
372.176 2
373.177 1
374.181 1
375.185 1
376.189 3
377.193 1
378.198 3
379.201 1
380.205 2
381.222 2
382.225 1
383.229 1
384.233 1
385.237 3
386.241 1
387.245 3
388.708 1
389.709 0
390.713 0
391.717 2
392.721 2
393.725 1
394.73 1
395.733 4
396.737 1
397.741 3
398.742 0
399.741 3
400.741 5
401.741 3
402.741 1
403.74 4
404.74 1
406.044 1
407.044 1
408.048 1
409.048 2
410.292 4
411.292 1
412.294 4
413.292 1
414.292 1
415.332 2
416.331 2
417.332 1
418.332 1
419.332 0
420.331 0
421.331 2
422.331 4
423.331 2
424.331 4
425.332 1
426.331 3
427.331 0
428.331 3
429.331 0
430.331 3
431.331 1
432.33 4
433.763 0
434.762 2
435.762 1
436.762 1
437.762 1
438.762 0
439.762 3
440.762 5
441.762 2
442.765 4
443.762 0
444.761 3
445.761 5
446.762 2
448.144 4
449.143 2
450.141 4
451.141 2
452.151 2
453.15 2
454.149 2
455.149 2
456.15 4
457.149 5
458.149 2
459.149 5
460.149 2
461.174 5
462.173 2
463.227 3
464.252 2
465.248 2
466.249 4
467.248 1
468.248 4
469.254 1
470.252 3
471.254 1
472.252 4
473.253 4
474.252 1
475.253 4
476.252 1
477.253 3
478.253 0
479.798 2
480.796 3
481.797 2
482.798 4
483.796 0
484.795 2
485.795 5
486.795 2
487.856 5
488.856 2
489.886 5
490.959 1
491.959 2
492.959 5
493.959 2
494.959 4
495.959 5
496.96 3
497.959 5
498.96 3
500 6
500.999 2
501.999 2
503 2
503.999 5
505 2
505.999 5
507 2
508 4
508.999 2
509.999 4
511 6
511.999 3
512.999 2
514.002 2
514.999 2
516 2
516.999 4
517.998 1
519 4
519.999 1
521 1
522 4
522.998 6
523.999 3
524.998 5
525.998 3
526.998 6
527.999 3
529.014 6
530.014 1
531.015 3
532.014 5
533.014 3
534.048 5
535.046 2
536.046 5
537.048 2
538.048 5
539.046 2
540.047 4
541.046 1
542.047 4
543.047 5
544.046 4
545.046 6
546.047 3
547.208 4
548.206 2
549.206 1
550.206 4
551.206 2
552.206 5
553.206 2
554.206 4
555.206 2
556.206 4
557.205 1
558.206 1
559.206 1
560.206 1
561.206 1
562.251 3
563.249 3
564.25 6
565.251 2
566.251 5
567.25 7
568.249 4
569.251 1
570.249 1
571.25 0
572.249 3
573.291 3
574.29 3
575.291 2
576.29 1
577.289 1
578.289 2
579.289 4
580.301 3
581.301 2
582.302 2
583.303 2
584.302 2
585.302 1
586.302 1
587.301 1
588.301 3
589.315 3
590.314 3
591.314 2
592.314 2
593.314 1
594.314 1
595.32 0
596.319 2
597.318 2
598.317 2
599.317 1
600.317 1
601.317 1
602.366 3
603.365 3
604.365 2
605.366 1
606.366 1
607.365 1
608.365 1
609.366 0
610.366 0
611.365 3
612.37 3
613.37 3
614.369 2
615.371 1
616.37 1
617.392 3
618.506 3
619.505 2
620.506 2
621.506 2
622.506 2
623.505 1
624.505 1
625.505 1
626.508 2
627.505 3
628.505 3
629.505 3
630.505 0
631.506 0
632.505 3
633.505 3
634.505 3
635.506 2
636.505 2
637.505 2
638.506 1
639.506 1
640.505 1
641.505 3
642.613 3
643.613 3
644.613 2
645.613 1
646.614 1
647.617 1
648.621 0
649.622 1
650.626 0
651.629 0
652.634 0
653.637 3
654.687 3
655.691 3
656.693 2
657.697 1
658.701 1
659.705 3
660.778 3
661.788 3
662.789 3
663.794 2
664.798 2
665.801 2
666.805 2
667.81 1
668.813 1
669.817 1
670.821 0
671.825 0
672.829 1
673.833 1
674.838 0
675.841 0
677.029 3
678.033 3
679.037 2
680.041 2
681.046 1
682.05 0
683.053 3
684.23 3
685.238 3
686.242 2
687.246 2
688.249 2
689.253 2
690.257 2
691.261 1
692.266 1
693.27 1
694.274 1
695.277 1
696.282 1
697.285 3
698.324 3
699.325 3
700.329 3
701.334 2
702.337 2
703.341 2
704.345 2
705.35 1
706.353 0
707.358 0
708.361 3
709.372 3
710.374 3
711.377 2
712.381 2
713.385 1
714.39 1
715.394 2
716.398 2
717.401 2
718.406 2
719.41 2
720.414 1
721.418 0
722.432 3
723.433 3
724.437 3
725.441 2
726.446 1
727.451 1
728.453 0
729.457 3
730.513 3
731.578 3
732.581 3
733.585 2
734.59 2
735.593 2
736.597 3
737.625 3
738.765 3
739.765 3
740.769 2
741.774 1
742.831 3
743.873 3
744.882 3
746.031 3
747.093 3
748.104 3
749.107 3
750.109 2
751.113 2
752.118 2
753.121 2
754.126 1
755.13 1
756.133 1
757.138 0
758.143 2
759.147 3
760.15 2
761.155 2
762.158 2
763.161 1
764.167 1
765.232 3
766.234 3
767.238 2
768.241 1
769.246 1
770.251 1
771.254 0
772.258 0
773.263 3
774.301 3
775.332 3
776.354 3
777.358 3
778.363 3
779.366 3
780.37 2
781.374 2
782.379 2
783.381 1
784.386 4
785.438 3
786.442 3
787.447 2
788.45 2
789.454 1
790.458 1
791.462 1
792.466 1
793.47 0
794.475 3
795.478 0
796.513 3
797.514 3
798.518 2
799.522 2
800.528 1
801.531 1
802.534 1
803.538 1
804.543 1
805.546 3
806.791 3
807.795 3
808.798 2
809.804 1
810.806 0
811.81 0
812.814 3
813.827 3
814.951 3
815.954 3
816.958 2
817.963 2
818.966 2
819.971 1
820.975 1
821.979 1
822.984 3
823.986 3
824.991 3
825.995 2
826.999 1
828.002 0
829.029 3
830.035 3
831.039 2
832.042 1
833.046 1
834.051 1
835.054 1
836.059 0
837.062 3
838.066 3
839.17 3
840.258 3
841.276 3
842.298 3
843.302 3
844.307 0
845.312 0
846.314 3
847.379 3
848.384 3
849.387 2
850.391 1
851.394 1
852.398 1
853.402 3
854.406 3
855.417 3
856.42 2
857.424 2
858.428 2
859.431 1
860.435 1
861.439 1
862.443 0
863.446 3
864.45 3
865.462 3
866.463 1
867.467 1
868.472 1
869.474 3
870.505 3
871.664 3
872.667 3
873.671 2
874.675 1
875.679 1
876.684 1
877.688 1
878.691 1
879.695 1
880.699 2
881.703 2
882.707 3
883.731 4
884.735 4
885.739 2
886.743 2
887.747 2
888.751 2
889.755 5
890.759 5
892.035 5
893.339 4
894.459 4
895.583 4
896.704 4
897.794 4
898.83 5
899.831 4
900.835 3
901.839 1
902.844 4
903.847 4
904.851 2
905.856 1
906.859 1
907.865 0
909.033 4
910.036 3
911.04 2
912.043 1
913.047 1
914.051 3
915.096 3
916.101 3
917.103 3
918.108 3
919.112 2
920.115 2
921.121 1
922.124 1
923.128 1
924.131 1
925.136 1
926.141 1
927.144 0
928.148 0
929.236 3
930.241 3
931.244 2
932.248 1
933.253 1
934.256 0
935.26 3
936.278 3
937.309 3
938.4 3
939.405 3
940.41 3
941.413 2
942.416 2
943.421 1
944.425 1
945.425 1
946.428 2
947.432 2
948.436 1
949.441 1
950.445 0
951.531 3
952.533 3
953.537 3
954.542 2
955.546 1
956.549 0
957.562 3
958.661 3
959.689 3
960.737 3
961.752 3
962.753 3
963.757 3
964.762 3
965.765 2
966.77 2
967.773 2
968.778 2
969.782 2
970.786 1
971.79 1
972.794 0
973.816 3
974.969 3
975.973 3
976.977 2
977.981 1
978.985 1
979.989 0
980.993 3
982.031 3
983.049 3
984.178 3
985.189 3
986.195 3
987.199 3
988.202 3
989.207 2
990.21 2
991.214 2
992.218 2
993.223 1
994.227 1
995.23 0
996.235 4
997.342 3
998.346 3
999.351 3
1000.35 2
1001.36 1
1002.36 0
1003.37 0
1004.38 0
1005.43 3
1006.47 3
1007.47 3
1008.47 2
1009.48 2
1010.48 2
1011.49 1
1012.49 1
1013.49 1
1014.5 1
1015.5 0
1016.51 3
1017.52 3
1018.52 3
1019.53 2
1020.53 1
1021.53 1
1022.54 1
1023.54 1
1024.55 0
1025.55 3
1026.66 4
1027.66 3
1028.67 3
1029.67 2
1030.68 2
1031.68 2
1032.68 2
1033.69 1
1034.69 1
1035.7 1
1036.7 1
1037.7 0
1038.71 3
1039.86 3
1040.86 3
1041.86 2
1042.87 2
1043.87 1
1044.88 1
1045.88 0
1046.88 3
1048.02 3
1049.04 3
1050.04 3
1051.05 2
1052.05 2
1053.06 2
1054.06 1
1055.06 1
1056.07 0
1057.07 0
1058.1 3
1059.12 3
1060.15 4
1061.18 3
1062.18 3
1063.18 2
1064.19 2
1065.19 1
1066.2 1
1067.2 1
1068.2 4
1069.21 1
1070.21 3
1071.22 3
1072.26 4
1073.27 4
1074.27 4
1075.28 1
1076.29 2
1077.29 5
1078.3 5
1079.44 5
1080.44 5
1081.44 3
1082.45 3
1083.45 3
1084.46 3
1085.46 3
1086.46 2
1087.47 2
1088.47 2
1089.47 2
1090.48 5
1091.51 5
1092.51 4
1093.51 4
1094.52 3
1095.52 1
1096.52 5
1097.53 5
1098.53 5
1099.54 4
1100.54 4
1101.54 0
1102.55 5
1103.55 5
1104.57 5
1105.57 4
1106.57 1
1107.62 5
1108.99 5
1109.99 5
1111 5
1112 3
1113.01 3
1114.01 1
1115.01 1
1116.02 1
1117.03 5
1118.31 5
1119.31 5
1120.31 4
1121.32 3
1122.32 2
1123.33 1
1124.33 5
1125.35 5
1126.39 5
1127.39 3
1128.4 3
1129.4 3
1130.41 3
1131.41 3
1132.41 4
1133.42 4
1134.42 3
1135.43 2
1136.43 2
1137.43 1
1138.44 1
1139.44 1
1140.5 5
1141.57 5
1142.64 5
1143.66 5
1144.68 4
1145.68 4
1146.69 3
1147.69 2
1148.69 1
1149.7 5
1150.7 5
1151.71 5
1152.92 5
1153.93 5
1154.93 5
1155.93 3
1156.94 3
1157.94 2
1158.95 3
1159.95 3
1160.95 3
1161.96 1
1162.96 7
1163.97 3
1165 8
1166 5
1167.03 1
1168.03 3
1169.03 2
1170.04 1
1171.27 5
1172.29 5
1173.29 4
1174.3 4
1175.3 2
1176.3 2
1177.31 1
1178.31 4
1179.31 4
1180.32 4
1181.32 1
1182.37 5
1183.42 5
1184.68 5
1185.7 5
1186.7 5
1187.7 3
1188.71 0
1189.71 5
1190.71 5
1191.72 5
1192.73 5
1193.73 5
1194.73 3
1195.74 2
1196.74 2
1197.75 1
1198.75 5
1199.76 6
