# timestamp	GC Total Latency (msec)		Read Latency (msec)	Write Latency (msec)\n
192.111 3 0 0)
193.119 3 0 0)
194.118 3 0 0)
195.132 3 0 0)
196.13 2 0 0)
197.13 2 0 0)
198.676 2 0 0)
199.912 2 0 0)
200.91 2 0 0)
201.91 225 100 124)
202.91 965 429 540)
203.91 1243 551 697)
204.911 1738 769 978)
206.014 2187 966 1233)
207.014 2401 1060 1355)
208.068 2670 1176 1510)
209.066 2888 1270 1636)
210.093 3104 1364 1758)
211.091 3280 1440 1861)
212.09 3435 1508 1948)
213.09 3565 1560 2027)
214.09 3729 1632 2120)
215.09 3822 1671 2175)
216.09 3950 1728 2247)
217.09 3989 1745 2270)
218.09 4074 1782 2318)
219.09 4175 1825 2376)
220.164 4274 1868 2433)
221.163 4336 1894 2470)
222.203 4431 1935 2524)
223.202 4469 1952 2545)
224.202 4533 1979 2582)
225.206 4569 1995 2603)
226.206 4612 2012 2630)
227.207 4664 2034 2660)
228.206 4695 2046 2679)
229.206 4742 2067 2706)
230.205 4791 2088 2734)
231.205 4804 2093 2742)
232.205 4847 2112 2767)
233.206 4869 2121 2779)
234.207 4907 2137 2801)
235.211 4949 2155 2825)
236.209 4952 2156 2827)
239.491 4976 2167 2842)
240.49 4993 2173 2852)
241.49 5017 2183 2867)
242.49 5055 2199 2889)
243.489 5068 2205 2896)
244.49 5093 2215 2911)
246.121 5127 2229 2931)
247.135 5142 2236 2939)
248.133 5167 2246 2954)
249.134 5189 2255 2968)
250.133 5210 2264 2980)
251.133 5224 2269 2989)
252.133 5249 2279 3004)
253.134 5277 2291 3020)
254.133 5292 2297 3029)
255.133 5313 2306 3042)
256.133 5334 2314 3054)
257.134 5349 2320 3064)
258.133 5353 2321 3067)
259.133 5373 2329 3078)
260.134 5395 2339 3092)
261.135 5416 2347 3104)
262.133 5419 2348 3106)
263.162 5442 2358 3120)
264.161 5448 2360 3124)
265.161 5470 2369 3136)
266.606 5474 2370 3139)
267.606 5490 2377 3150)
268.605 5501 2381 3156)
269.606 5515 2387 3165)
270.605 5535 2394 3176)
271.605 5538 2395 3178)
272.606 5548 2399 3184)
273.611 5564 2406 3194)
274.609 5573 2410 3200)
275.784 5589 2416 3209)
276.781 5595 2418 3213)
277.782 5606 2422 3220)
278.781 5615 2425 3226)
279.782 5631 2432 3236)
280.781 5638 2435 3240)
281.781 5645 2437 3245)
282.883 5661 2444 3254)
283.912 5663 2444 3256)
284.91 5678 2450 3265)
285.909 5683 2452 3268)
286.909 5692 2455 3274)
287.909 5702 2459 3281)
288.909 5713 2463 3288)
289.913 5725 2468 3295)
290.958 5741 2474 3305)
291.962 5739 2473 3305)
292.966 5753 2478 3313)
293.97 5756 2479 3316)
294.974 5766 2482 3322)
295.978 5779 2487 3330)
296.989 5789 2491 3336)
297.99 5789 2490 3337)
298.994 5802 2495 3345)
299.999 5806 2496 3347)
301.002 5818 2501 3355)
302.007 5822 2502 3358)
303.01 5828 2505 3362)
304.015 5841 2509 3370)
305.014 5846 2511 3374)
306.019 5853 2514 3378)
307.022 5864 2518 3385)
308.028 5867 2519 3387)
310.202 5877 2522 3393)
311.203 5880 2523 3396)
312.207 5889 2526 3402)
313.211 5901 2531 3409)
314.215 5904 2532 3411)
315.22 5907 2533 3414)
316.276 5918 2537 3421)
317.28 5922 2538 3423)
318.284 5929 2540 3428)
319.289 5937 2544 3433)
320.33 5944 2545 3438)
321.332 5951 2548 3443)
322.336 5956 2549 3447)
323.34 5965 2552 3452)
324.344 5975 2556 3459)
325.348 5982 2559 3464)
326.353 5988 2560 3468)
327.392 5997 2563 3474)
328.393 6003 2565 3478)
329.397 6006 2566 3480)
330.401 6013 2568 3484)
331.407 6021 2572 3490)
332.41 6027 2573 3494)
333.415 6031 2574 3497)
334.419 6041 2578 3503)
335.422 6044 2578 3506)
336.425 6053 2582 3512)
337.43 6057 2583 3515)
338.434 6066 2586 3521)
339.438 6071 2587 3524)
340.442 6078 2589 3529)
341.447 6084 2591 3533)
342.45 6091 2594 3538)
343.466 6099 2597 3543)
344.47 6107 2599 3548)
345.505 6117 2603 3555)
346.507 6116 2602 3556)
347.51 6126 2605 3562)
348.569 6128 2606 3564)
349.567 6135 2608 3569)
350.57 6141 2610 3573)
351.575 6146 2611 3576)
352.579 6152 2613 3581)
353.583 6159 2615 3585)
354.587 6169 2618 3592)
355.594 6181 2623 3600)
356.596 6179 2621 3600)
357.772 6186 2624 3604)
358.775 6191 2625 3608)
359.779 6198 2628 3612)
360.785 6207 2631 3618)
361.807 6212 2632 3621)
362.809 6211 2631 3622)
363.812 6220 2634 3628)
364.816 6222 2635 3629)
365.821 6227 2636 3633)
366.825 6234 2638 3638)
367.828 6241 2641 3643)
368.832 6248 2643 3648)
369.836 6255 2644 3653)
370.843 6263 2647 3658)
371.845 6268 2649 3662)
372.849 6275 2650 3667)
373.852 6282 2653 3671)
374.856 6287 2654 3675)
375.86 6292 2655 3680)
376.864 6299 2657 3684)
377.868 6306 2660 3689)
378.878 6314 2662 3695)
379.881 6318 2663 3698)
380.886 6322 2664 3701)
381.89 6328 2665 3705)
382.893 6332 2667 3708)
383.897 6338 2669 3713)
384.901 6346 2671 3718)
385.916 6352 2673 3722)
386.925 6359 2675 3727)
387.929 6365 2677 3732)
388.933 6370 2678 3736)
389.937 6376 2679 3740)
390.941 6382 2681 3744)
391.945 6388 2683 3749)
392.965 6394 2684 3753)
393.965 6401 2686 3758)
394.97 6407 2688 3762)
395.973 6411 2689 3766)
396.978 6416 2690 3769)
397.981 6421 2691 3773)
398.986 6428 2693 3778)
399.989 6435 2696 3783)
400.994 6442 2697 3788)
402.036 6448 2699 3793)
403.059 6454 2701 3797)
404.062 6459 2702 3801)
405.066 6466 2704 3805)
406.071 6469 2705 3808)
407.074 6474 2706 3812)
408.078 6482 2708 3817)
409.083 6488 2710 3822)
410.086 6493 2712 3826)
411.09 6500 2713 3830)
412.105 6507 2715 3835)
413.106 6512 2717 3839)
414.138 6519 2719 3844)
415.143 6525 2720 3849)
416.146 6529 2721 3852)
417.151 6532 2722 3855)
418.155 6538 2723 3859)
419.347 6544 2725 3863)
420.351 6550 2727 3868)
421.355 6556 2729 3872)
422.359 6562 2730 3877)
423.364 6568 2732 3881)
424.367 6573 2733 3885)
425.371 6579 2735 3889)
426.376 6585 2736 3894)
427.379 6591 2737 3898)
428.383 6597 2739 3903)
429.387 6603 2741 3907)
430.405 6609 2743 3911)
431.408 6615 2744 3916)
432.411 6621 2746 3920)
433.416 6624 2747 3923)
434.419 6631 2749 3927)
435.424 6636 2750 3931)
436.428 6642 2752 3936)
437.431 6648 2753 3940)
438.435 6655 2755 3945)
439.441 6661 2756 3950)
440.462 6668 2758 3955)
441.463 6672 2760 3958)
442.467 6677 2761 3962)
443.471 6684 2763 3967)
444.487 6690 2764 3972)
445.488 6696 2766 3976)
446.492 6702 2767 3980)
447.496 6707 2769 3984)
448.5 6713 2770 3988)
449.505 6719 2772 3993)
450.508 6725 2773 3997)
451.512 6730 2775 4002)
452.516 6736 2776 4006)
453.521 6742 2778 4010)
454.526 6748 2779 4015)
455.528 6754 2781 4020)
456.556 6761 2783 4024)
457.56 6767 2785 4029)
458.564 6773 2786 4033)
459.568 6779 2788 4038)
460.61 6785 2789 4043)
461.612 6792 2791 4047)
462.616 6797 2792 4051)
463.62 6799 2793 4053)
464.734 6804 2794 4057)
465.736 6811 2796 4062)
466.74 6816 2797 4066)
467.745 6819 2798 4068)
468.749 6825 2799 4072)
469.753 6832 2801 4077)
470.756 6837 2802 4081)
471.761 6843 2804 4086)
472.764 6849 2806 4091)
473.768 6855 2807 4095)
474.773 6861 2809 4100)
475.776 6867 2810 4104)
476.781 6873 2812 4108)
477.785 6879 2813 4113)
478.788 6885 2815 4117)
479.836 6892 2817 4122)
480.871 6896 2818 4126)
481.873 6902 2820 4130)
482.877 6907 2821 4133)
483.88 6911 2822 4136)
484.886 6916 2823 4140)
485.942 6921 2825 4144)
486.945 6927 2826 4148)
487.949 6931 2827 4152)
488.953 6937 2829 4156)
489.957 6943 2830 4160)
490.962 6947 2832 4163)
491.965 6951 2832 4167)
492.97 6956 2834 4170)
493.974 6962 2836 4175)
494.977 6967 2837 4178)
495.981 6972 2838 4182)
496.985 6977 2839 4186)
498.037 6983 2841 4190)
499.041 6988 2842 4194)
500.046 6992 2843 4197)
501.05 6998 2845 4201)
502.054 7003 2846 4205)
503.165 7008 2848 4209)
504.171 7013 2849 4213)
505.174 7017 2850 4216)
506.177 7023 2851 4220)
507.181 7027 2852 4223)
508.185 7030 2853 4226)
509.26 7035 2855 4229)
510.374 7040 2856 4233)
511.553 7045 2857 4237)
512.562 7050 2859 4241)
513.565 7053 2859 4243)
514.57 7058 2860 4246)
515.574 7063 2862 4250)
516.579 7068 2863 4254)
517.582 7073 2864 4257)
518.586 7078 2866 4261)
519.59 7083 2867 4265)
520.594 7088 2868 4269)
521.598 7093 2869 4272)
522.602 7097 2871 4276)
523.605 7102 2872 4279)
524.609 7105 2873 4282)
525.614 7109 2874 4285)
526.632 7114 2875 4288)
527.667 7119 2876 4292)
528.942 7124 2878 4296)
529.968 7129 2879 4300)
530.97 7134 2880 4303)
531.975 7138 2881 4306)
532.978 7142 2882 4309)
533.983 7146 2883 4312)
534.986 7150 2884 4315)
535.99 7154 2885 4318)
536.994 7159 2887 4322)
537.998 7162 2887 4325)
539.003 7167 2889 4328)
540.006 7172 2890 4331)
541.011 7176 2891 4335)
542.014 7180 2892 4338)
543.019 7185 2893 4341)
544.022 7189 2894 4344)
545.026 7193 2895 4347)
546.264 7198 2897 4351)
547.273 7202 2898 4354)
548.275 7204 2898 4356)
549.278 7208 2899 4359)
550.282 7212 2900 4362)
551.286 7215 2901 4364)
552.29 7220 2902 4368)
553.297 7224 2903 4371)
554.298 7229 2905 4374)
555.351 7233 2905 4377)
556.356 7237 2907 4381)
557.358 7241 2908 4383)
558.362 7245 2909 4387)
559.366 7248 2909 4389)
560.37 7252 2910 4392)
561.374 7256 2912 4395)
562.378 7260 2913 4398)
563.382 7265 2914 4401)
564.387 7268 2915 4404)
565.39 7272 2916 4407)
566.394 7276 2916 4410)
567.399 7280 2918 4413)
568.403 7284 2919 4416)
569.521 7288 2920 4419)
570.523 7292 2921 4422)
571.526 7294 2921 4424)
572.53 7299 2922 4427)
573.535 7301 2923 4429)
574.539 7305 2924 4432)
575.542 7309 2925 4435)
576.551 7314 2926 4438)
577.554 7318 2927 4441)
578.558 7321 2928 4444)
579.563 7325 2929 4447)
580.568 7328 2930 4450)
581.571 7332 2931 4453)
582.574 7336 2932 4455)
583.579 7340 2933 4459)
584.583 7344 2934 4462)
585.587 7347 2934 4464)
586.587 7351 2935 4467)
587.59 7355 2936 4470)
588.596 7357 2937 4472)
589.687 7361 2938 4475)
590.69 7365 2939 4478)
591.696 7368 2940 4480)
592.699 7372 2941 4482)
593.703 7375 2942 4485)
594.708 7379 2942 4488)
595.71 7382 2943 4491)
596.714 7386 2944 4493)
597.718 7389 2945 4496)
598.866 7393 2946 4499)
599.904 7397 2947 4502)
600.907 7401 2948 4505)
601.99 7405 2949 4508)
603.069 7409 2950 4511)
604.07 7413 2951 4514)
605.074 7417 2952 4517)
606.079 7420 2953 4519)
607.082 7424 2954 4522)
608.087 7427 2954 4525)
609.091 7431 2955 4528)
610.095 7434 2956 4530)
611.099 7437 2957 4532)
612.103 7441 2958 4535)
613.242 7445 2959 4538)
614.246 7448 2960 4541)
615.247 7451 2960 4543)
616.251 7454 2961 4545)
617.256 7457 2962 4548)
618.26 7461 2963 4550)
619.263 7464 2964 4553)
620.267 7468 2964 4556)
621.271 7471 2965 4558)
622.275 7475 2966 4561)
623.279 7478 2967 4564)
624.307 7482 2968 4566)
625.326 7486 2969 4569)
626.327 7489 2970 4572)
627.331 7493 2971 4575)
628.336 7496 2971 4577)
629.34 7499 2972 4580)
630.344 7502 2973 4582)
631.347 7506 2974 4584)
632.351 7509 2975 4587)
633.434 7513 2976 4590)
634.436 7516 2977 4592)
635.439 7518 2977 4594)
636.444 7522 2978 4597)
637.447 7525 2979 4599)
638.451 7529 2980 4602)
639.455 7532 2981 4605)
640.459 7536 2981 4607)
641.464 7539 2982 4610)
642.467 7542 2983 4612)
643.472 7546 2984 4615)
644.475 7550 2985 4618)
645.479 7553 2986 4620)
646.534 7557 2987 4623)
647.548 7560 2987 4626)
648.551 7563 2988 4628)
649.555 7566 2989 4630)
650.56 7569 2990 4633)
651.563 7572 2990 4635)
652.567 7576 2991 4638)
653.572 7578 2992 4640)
654.579 7581 2993 4642)
655.585 7584 2993 4644)
656.587 7587 2994 4646)
657.591 7589 2995 4648)
658.595 7592 2995 4650)
659.602 7595 2996 4652)
660.604 7597 2997 4654)
661.607 7600 2997 4656)
662.612 7602 2998 4658)
663.615 7605 2998 4660)
664.619 7608 2999 4662)
665.655 7611 3000 4665)
666.66 7613 3001 4666)
667.663 7616 3001 4669)
668.668 7619 3002 4671)
669.671 7621 3002 4673)
670.676 7624 3003 4675)
671.679 7627 3004 4677)
672.683 7630 3004 4679)
673.705 7633 3005 4681)
674.708 7635 3006 4683)
675.712 7638 3006 4685)
676.716 7640 3007 4687)
677.719 7643 3007 4689)
678.728 7645 3008 4691)
679.731 7648 3009 4693)
680.735 7650 3009 4694)
681.741 7652 3010 4696)
682.744 7654 3010 4698)
683.749 7657 3011 4700)
684.751 7660 3011 4702)
685.755 7662 3012 4704)
686.76 7665 3013 4706)
687.777 7668 3013 4708)
688.842 7670 3014 4710)
689.843 7673 3015 4712)
690.849 7676 3015 4714)
691.853 7678 3016 4716)
692.855 7680 3016 4718)
693.86 7683 3017 4720)
694.863 7685 3018 4722)
695.869 7688 3018 4724)
696.872 7691 3019 4726)
697.876 7694 3020 4728)
698.879 7696 3020 4730)
699.885 7699 3021 4732)
700.889 7701 3022 4734)
701.942 7704 3022 4736)
702.944 7706 3023 4738)
703.948 7709 3023 4740)
704.952 7711 3024 4742)
705.956 7714 3025 4744)
706.96 7717 3025 4746)
707.964 7719 3026 4747)
708.97 7721 3026 4749)
709.971 7724 3027 4751)
710.994 7726 3028 4753)
712.141 7729 3028 4756)
713.144 7732 3029 4758)
714.147 7735 3029 4760)
715.153 7737 3030 4762)
716.156 7739 3031 4763)
717.159 7742 3031 4765)
718.163 7745 3032 4767)
719.168 7747 3033 4769)
720.171 7750 3033 4771)
721.176 7752 3034 4773)
722.179 7755 3034 4775)
723.184 7757 3035 4777)
724.187 7760 3035 4779)
725.193 7762 3036 4781)
726.195 7765 3037 4783)
727.199 7767 3037 4785)
728.329 7770 3038 4787)
729.332 7772 3039 4789)
730.335 7775 3039 4790)
731.373 7778 3040 4793)
732.41 7781 3041 4795)
733.447 7784 3041 4797)
734.492 7787 3042 4800)
735.544 7790 3043 4802)
736.547 7793 3043 4804)
737.551 7796 3044 4807)
738.556 7799 3045 4809)
739.559 7802 3046 4811)
740.564 7805 3047 4814)
741.567 7808 3047 4816)
742.571 7812 3048 4819)
743.577 7814 3049 4821)
744.579 7818 3049 4823)
745.584 7820 3050 4826)
746.588 7824 3051 4828)
747.794 7827 3052 4831)
748.797 7830 3052 4833)
749.8 7832 3053 4834)
750.804 7835 3053 4837)
751.808 7838 3054 4839)
752.812 7840 3055 4841)
753.815 7843 3055 4843)
754.82 7847 3056 4846)
755.913 7851 3057 4849)
756.916 7850 3057 4849)
757.92 7853 3058 4851)
758.923 7856 3058 4853)
759.928 7859 3059 4856)
760.931 7861 3059 4857)
761.936 7864 3060 4859)
762.94 7868 3061 4863)
763.944 7870 3061 4864)
764.948 7874 3062 4867)
765.953 7876 3063 4869)
766.956 7879 3063 4871)
767.959 7882 3064 4873)
768.965 7885 3065 4876)
769.967 7888 3066 4878)
770.972 7890 3066 4880)
771.975 7893 3067 4882)
773.4 7897 3068 4885)
774.404 7898 3068 4886)
775.408 7901 3069 4888)
776.412 7902 3069 4889)
777.416 7905 3069 4891)
778.434 7908 3070 4894)
779.437 7911 3071 4896)
780.439 7914 3072 4899)
781.443 7917 3073 4901)
782.447 7920 3073 4903)
783.451 7924 3074 4906)
784.458 7927 3075 4909)
785.49 7929 3075 4910)
786.492 7929 3075 4910)
787.496 7933 3076 4913)
788.5 7934 3076 4914)
789.797 7937 3077 4916)
790.8 7940 3078 4918)
791.804 7944 3079 4922)
792.808 7947 3080 4924)
793.985 7951 3081 4927)
794.989 7953 3081 4928)
795.991 7955 3081 4930)
797.39 7958 3082 4932)
798.391 7960 3082 4934)
799.397 7963 3083 4936)
800.401 7963 3083 4936)
801.403 7967 3084 4940)
802.407 7969 3085 4941)
803.41 7972 3085 4943)
804.409 7973 3085 4944)
805.407 7976 3086 4946)
806.407 7977 3086 4947)
807.409 7980 3087 4949)
808.47 7983 3088 4952)
809.468 7984 3088 4953)
810.467 7987 3089 4955)
811.467 7988 3089 4956)
812.68 7991 3090 4958)
813.681 7992 3090 4959)
814.68 7995 3090 4961)
