2.0	261.243
4.0	241.687
6.0	225.941
8.0	229.267
10.0	224.493
12.0	233.753
14.0	228.374
16.0	226.306
18.0	246.067
20.0	223.023
22.0	240.856
24.0	248.095
26.0	214.601
28.0	266.686
30.0	236.833
32.0	234.437
34.0	235.564
36.0	235.062
38.0	236.923
40.0	239.04
42.0	211.719
44.0	217.301
46.0	237.404
48.0	229.546
50.0	222.839
52.0	221.392
54.0	206.415
56.0	235.954
58.0	222.799
60.0	203.218
62.0	242.426
64.0	217.909
66.0	203.543
68.0	243.981
70.0	218.852
72.0	219.401
74.0	219.164
76.0	216.432
78.0	225.091
80.0	214.799
82.0	206.698
84.0	209.317
86.0	129.094
88.0	128.63
90.0	170.113
92.0	211.546
94.0	231.903
96.0	220.732
98.0	218.395
100.0	219.415
102.0	210.939
104.0	233.106
106.0	212.999
108.0	209.512
110.0	244.053
112.0	206.654
114.0	216.941
116.0	234.275
118.0	222.908
120.0	220.514
122.0	213.802
124.0	229.791
126.0	214.866
128.0	211.041
130.0	214.606
132.0	237.851
134.0	197.001
136.0	217.859
138.0	171.928
140.0	223.26
142.0	203.229
144.0	205.661
146.0	235.302
148.0	221.393
150.0	200.348
152.0	236.371
154.0	212.229
156.0	199.73
158.0	221.855
160.0	232.171
162.0	218.389
164.0	221.62
166.0	222.859
168.0	219.657
170.0	219.493
172.0	205.231
174.0	241.318
176.0	213.356
178.0	216.082
180.0	236.937
182.0	220.826
184.0	218.795
186.0	219.884
188.0	225.361
190.0	219.669
192.0	218.056
194.0	190.805
196.0	181.533
198.0	234.012
200.0	223.698
202.0	227.879
204.0	220.284
206.0	207.01
208.0	207.881
210.0	128.233
212.0	221.496
214.0	214.667
216.0	130.162
218.0	223.55
220.0	216.922
222.0	215.722
224.0	213.095
226.0	230.114
228.0	210.988
230.0	207.358
232.0	236.551
234.0	205.994
236.0	211.39
238.0	241.582
240.0	219.482
242.0	212.963
244.0	203.172
246.0	221.493
248.0	180.428
250.0	223.829
252.0	205.841
254.0	235.226
256.0	234.461
258.0	220.453
260.0	217.277
262.0	211.352
264.0	202.294
266.0	233.447
268.0	226.645
270.0	222.505
272.0	219.858
274.0	207.077
276.0	228.703
278.0	223.279
280.0	202.821
282.0	234.284
284.0	224.227
286.0	217.756
288.0	217.499
290.0	208.465
292.0	228.86
294.0	217.394
296.0	199.701
298.0	220.794
300.0	212.963
302.0	192.427
304.0	227.813
306.0	234.555
308.0	217.714
310.0	217.713
312.0	212.251
314.0	228.422
316.0	211.256
318.0	195.154
320.0	183.433
322.0	194.47
324.0	189.867
326.0	188.771
328.0	186.551
330.0	185.438
332.0	202.31
334.0	181.741
336.0	184.524
338.0	184.397
340.0	175.414
342.0	128.524
344.0	125.066
346.0	129.275
348.0	130.04
350.0	132.158
352.0	194.216
354.0	225.927
356.0	173.939
358.0	190.275
360.0	196.625
362.0	184.05
364.0	181.546
366.0	185.298
368.0	181.425
370.0	184.456
372.0	204.523
374.0	180.69
376.0	184.166
378.0	187.085
380.0	186.537
382.0	203.195
384.0	177.175
386.0	195.857
388.0	183.259
390.0	192.608
392.0	184.466
394.0	183.871
396.0	190.665
398.0	189.217
400.0	185.942
402.0	188.039
404.0	184.813
406.0	176.912
408.0	184.237
410.0	180.324
412.0	145.29
414.0	176.52
416.0	168.832
418.0	176.915
420.0	182.565
422.0	182.975
424.0	226.334
426.0	183.123
428.0	195.255
430.0	182.395
432.0	188.54
434.0	181.81
436.0	188.185
438.0	184.174
440.0	182.907
442.0	184.914
444.0	197.002
446.0	187.132
448.0	190.05
450.0	184.012
452.0	184.691
454.0	187.53
456.0	184.482
458.0	183.773
460.0	185.272
462.0	184.639
464.0	192.701
466.0	185.327
468.0	201.539
470.0	188.811
472.0	189.182
474.0	175.415
476.0	197.9
478.0	179.243
480.0	183.418
482.0	177.096
484.0	180.305
486.0	179.723
488.0	179.073
490.0	184.047
492.0	182.5
494.0	183.847
496.0	188.342
498.0	190.897
500.0	181.505
502.0	178.084
504.0	182.755
506.0	184.331
508.0	181.529
510.0	190.769
512.0	189.307
514.0	181.311
516.0	182.744
518.0	184.943
520.0	191.948
522.0	183.37
524.0	180.673
526.0	182.336
528.0	180.56
530.0	183.287
532.0	178.237
534.0	188.682
536.0	179.175
538.0	179.551
540.0	182.537
542.0	180.236
544.0	181.777
546.0	178.037
548.0	188.724
550.0	178.262
552.0	184.54
554.0	180.672
556.0	169.004
558.0	179.779
560.0	184.353
562.0	188.297
564.0	176.326
566.0	182.744
568.0	180.415
570.0	178.392
572.0	158.044
574.0	176.118
576.0	184.792
578.0	195.621
580.0	190.447
582.0	185.97
584.0	178.502
586.0	178.965
588.0	175.385
590.0	152.079
592.0	151.69
594.0	170.563
596.0	182.128
598.0	188.449
600.0	146.484
602.0	135.803
604.0	141.249
606.0	156.112
608.0	167.79
610.0	164.217
612.0	167.146
614.0	168.297
616.0	178.384
618.0	144.94
620.0	171.834
622.0	143.363
624.0	135.508
626.0	150.323
628.0	151.558
630.0	161.944
632.0	165.851
634.0	168.169
636.0	175.795
638.0	164.558
640.0	143.539
642.0	163.446
644.0	150.346
646.0	167.605
648.0	155.939
650.0	153.622
652.0	170.94
654.0	163.058
656.0	165.409
658.0	172.188
660.0	161.911
662.0	136.262
664.0	138.047
666.0	145.914
668.0	158.333
670.0	171.423
672.0	148.807
674.0	161.798
676.0	165.684
678.0	172.239
680.0	164.073
682.0	172.157
684.0	164.733
686.0	136.06
688.0	144.456
690.0	158.047
692.0	156.011
694.0	166.631
696.0	153.141
698.0	166.485
700.0	169.55
702.0	164.087
704.0	140.694
706.0	141.153
708.0	149.099
710.0	154.751
712.0	148.459
714.0	157.039
716.0	162.592
718.0	153.354
720.0	167.396
722.0	171.673
724.0	157.874
726.0	137.986
728.0	160.609
730.0	136.985
732.0	163.559
734.0	164.187
736.0	157.075
738.0	157.619
740.0	159.469
742.0	163.658
744.0	162.816
746.0	151.172
748.0	155.227
750.0	135.419
752.0	164.137
754.0	159.991
756.0	164.639
758.0	170.518
760.0	161.9
762.0	160.529
764.0	163.89
766.0	146.447
768.0	168.846
770.0	133.477
772.0	130.802
774.0	135.942
776.0	129.87
778.0	132.242
780.0	128.255
782.0	127.074
784.0	127.609
786.0	126.094
788.0	127.03
790.0	129.617
792.0	137.732
794.0	141.409
796.0	132.775
798.0	133.988
800.0	127.594
802.0	132.765
804.0	129.571
806.0	125.543
808.0	128.3
810.0	128.335
812.0	127.99
814.0	130.301
816.0	132.886
818.0	133.409
820.0	128.742
822.0	133.006
824.0	134.185
826.0	129.425
828.0	133.802
830.0	132.522
832.0	130.861
834.0	128.552
836.0	128.216
838.0	128.788
840.0	129.92
842.0	136.511
844.0	133.73
846.0	122.922
848.0	132.297
850.0	132.162
852.0	125.204
854.0	119.284
856.0	121.139
858.0	120.285
860.0	121.543
862.0	132.757
864.0	129.752
866.0	125.419
868.0	128.887
870.0	115.053
872.0	170.684
874.0	166.396
876.0	173.232
878.0	164.583
880.0	153.166
882.0	149.717
884.0	147.949
886.0	152.906
888.0	157.64
890.0	151.313
892.0	152.55
894.0	153.592
896.0	156.936
898.0	158.888
900.0	100.107
902.0	148.347
904.0	161.199
906.0	155.41
908.0	129.547
910.0	116.739
912.0	143.945
914.0	162.317
916.0	158.06
918.0	141.878
920.0	120.937
922.0	152.611
924.0	135.14
926.0	131.284
928.0	181.576
