 3479
 3556
 3759
 3794
 3825
 3827
 3854
 3866
 3872
 3881
 3882
 3911
 3932
 3941
 3947
 3948
 3951
 3953
 3959
 3966
 3972
 3977
 3979
 3982
 3990
 3990
 3993
 3996
 3997
 4001
 4004
 4011
 4015
 4033
 4040
 4072
 4079
 4084
 4091
 4096
 4098
 4105
 4107
 4116
 4117
 4140
 4147
 4147
 4154
 4156
 4164
 4171
 4182
 4186
 4195
 4197
 4203
 4204
 4206
 4210
 4212
 4214
 4216
 4217
 4222
 4235
 4239
 4240
 4243
 4244
 4244
 4256
 4257
 4257
 4263
 4263
 4265
 4266
 4273
 4275
 4279
 4281
 4283
 4284
 4285
 4289
 4297
 4297
 4304
 4305
 4310
 4316
 4316
 4318
 4319
 4319
 4325
 4327
 4328
 4335
 4337
 4338
 4349
 4355
 4360
 4382
 4382
 4383
 4385
 4388
 4401
 4414
 4421
 4421
 4421
 4422
 4433
 4438
 4449
 4451
 4453
 4456
 4461
 4465
 4465
 4466
 4501
 4505
 4525
 4538
 4548
 4555
 4557
 4566
 4566
 4570
 4579
 4583
 4590
 4598
 4617
 4641
 4646
 4646
 4647
 4649
 4658
 4669
 4669
 4687
 4714
 4732
 4734
 4781
 4796
 4805
 4814
 4832
 4839
 4850
 4852
 4871
 4878
 4887
 4918
 4918
 4920
 4967
 4968
 4971
 4974
 4980
 4982
 4985
 4989
 4995
 5011
 5013
 5014
 5024
 5024
 5025
 5029
 5033
 5035
 5035
 5040
 5043
 5046
 5049
 5062
 5073
 5074
 5086
 5089
 5104
 5121
 5121
 5125
 5126
 5135
 5137
 5140
 5144
 5145
 5148
 5148
 5148
 5149
 5153
 5154
 5156
 5157
 5158
 5159
 5159
 5161
 5161
 5167
 5167
 5169
 5180
 5180
 5183
 5183
 5189
 5189
 5194
 5196
 5197
 5199
 5201
 5207
 5207
 5209
 5211
 5213
 5220
 5228
 5230
 5231
 5232
 5235
 5236
 5237
 5237
 5237
 5241
 5245
 5251
 5261
 5264
 5264
 5265
 5272
 5272
 5275
 5276
 5290
 5292
 5298
 5310
 5311
 5314
 5332
 5335
 5337
 5340
 5344
 5345
 5365
 5373
 5376
 5380
 5380
 5394
 5402
 5406
 5413
 5428
 5430
 5431
 5470
 5477
 5501
 5523
 5533
 5536
 5546
 5547
 5552
 5558
 5566
 5573
 5587
 5607
 5611
 5618
 5619
 5641
 5652
 5671
 5676
 5688
 5697
 5702
 5712
 5737
 5738
 5747
 5757
 5758
 5780
 5802
 5805
 5806
 5807
 5816
 5816
 5821
 5823
 5830
 5833
 5842
 5848
 5862
 5862
 5871
 5878
 5879
 5889
 5901
 5901
 5904
 5933
 5957
 5961
 5979
 5979
 6022
 6046
 6055
 6056
 6057
 6073
 6082
 6091
 6097
 6097
 6100
 6130
 6138
 6140
 6164
 6165
 6187
 6239
 6243
 6250
 6257
 6261
 6266
 6282
 6284
 6304
 6325
 6337
 6340
 6345
 6370
 6379
 6408
 6409
 6448
 6462
 6470
 6488
 6545
 6555
 6578
 6591
 6612
 6626
 6645
 6677
 6694
 6729
 6778
 6789
 6798
 6804
 6837
 6952
 6967
 6990
 7018
 7055
 7061
 7069
 7081
 7087
 7090
 7113
 7126
 7180
 7189
 7202
 7207
 7218
 7223
 7247
 7254
 7259
 7260
 7262
 7275
 7288
 7290
 7295
 7295
 7346
 7370
 7374
 7404
 7410
 7418
 7426
 7428
 7435
 7441
 7446
 7448
 7456
 7464
 7475
 7486
 7494
 7496
 7502
 7508
 7509
 7519
 7520
 7525
 7525
 7526
 7540
 7566
 7566
 7598
 7601
 7658
 7695
 7700
 7716
 7722
 7863
 7954
 7984
 7997
 8042
 8111
 8290
 8421
 9714
