# timestamp	memory footprint (MB)\n
201.91 0
202.91 2
203.91 3
204.911 2
206.014 4
207.014 1
208.068 1
209.066 0
210.093 2
211.091 1
212.09 1
213.09 0
214.09 3
215.09 4
216.09 2
217.09 0
218.09 2
219.09 2
220.164 4
221.163 2
222.203 4
223.202 1
224.202 2
225.206 3
226.206 1
227.207 3
228.206 0
229.206 2
230.205 4
231.205 1
232.205 3
233.206 0
234.207 2
235.211 4
236.209 1
239.491 2
240.49 1
241.49 1
242.49 3
243.489 4
244.49 2
246.121 4
247.135 1
248.133 2
249.134 0
250.133 0
251.133 0
252.133 0
253.134 2
254.133 4
255.133 2
256.133 4
257.134 2
258.133 0
259.133 0
260.134 2
261.135 4
262.133 2
263.162 4
264.161 1
265.161 4
266.606 1
267.606 2
268.605 1
269.606 1
270.605 3
271.605 4
272.606 2
273.611 4
274.609 2
275.784 4
276.781 1
277.782 1
278.781 1
279.782 3
280.781 4
281.781 2
282.883 4
283.912 1
284.91 4
285.909 0
286.909 0
287.909 2
288.909 2
289.913 2
290.958 4
291.962 1
292.966 4
293.97 1
294.974 1
295.978 3
296.989 4
297.99 1
298.994 4
299.999 1
301.002 3
302.007 1
303.01 0
304.015 2
305.014 4
306.019 2
307.022 4
308.028 2
310.202 4
311.203 1
312.207 1
313.211 3
314.215 4
315.22 2
316.276 4
317.28 2
318.284 2
319.289 1
320.33 1
321.332 0
322.336 0
323.34 0
324.344 2
325.348 5
326.353 2
327.392 4
328.393 2
329.397 3
330.401 2
331.407 2
332.41 2
333.415 1
334.419 3
335.422 1
336.425 3
337.43 1
338.434 3
339.439 1
340.442 0
341.447 0
342.45 2
343.466 2
344.47 2
345.505 5
346.507 2
347.51 4
348.569 1
349.567 2
350.57 1
351.575 1
352.579 1
353.583 1
354.587 1
355.594 5
356.596 2
357.772 3
358.775 2
359.779 1
360.785 4
361.807 5
362.809 2
363.812 4
364.816 1
365.821 0
366.825 0
367.828 2
368.832 2
369.836 2
370.843 2
371.845 2
372.849 2
373.852 2
374.856 2
375.86 1
376.864 1
377.868 1
378.878 4
379.881 2
380.886 2
381.89 1
382.893 0
383.897 2
384.901 2
385.916 2
386.925 2
387.929 2
388.933 2
389.937 1
390.941 0
391.945 2
392.965 2
393.965 2
394.97 2
395.973 1
396.978 0
397.981 0
398.986 2
399.989 2
400.994 2
402.036 2
403.059 2
404.062 2
405.066 2
406.071 1
407.074 1
408.078 1
409.083 0
410.086 3
411.09 3
412.105 3
413.106 2
414.138 2
415.143 2
416.146 2
417.151 1
418.155 0
419.347 3
420.351 2
421.355 2
422.359 2
423.364 2
424.367 1
425.371 1
426.376 1
427.379 0
428.383 3
429.387 2
430.405 2
431.408 2
432.411 2
433.416 1
434.419 1
435.424 1
436.428 0
437.431 3
438.435 3
439.441 3
440.462 3
441.463 2
442.467 1
443.471 2
444.487 3
445.488 2
446.492 2
447.496 1
448.5 2
449.505 1
450.508 1
451.512 1
452.516 1
453.521 0
454.526 3
455.528 3
456.556 3
457.56 2
458.564 1
459.568 3
460.61 3
461.612 3
462.616 3
463.62 5
464.734 3
465.736 2
466.74 3
467.745 1
468.749 1
469.753 2
470.756 1
471.761 2
472.764 1
473.768 1
474.773 1
475.776 1
476.781 1
477.785 0
478.788 3
479.836 3
480.871 3
481.873 3
482.877 2
483.88 1
484.886 0
485.942 3
486.945 3
487.949 2
488.953 2
489.957 2
490.962 1
491.965 1
492.97 1
493.974 1
494.977 0
495.981 0
496.985 3
498.037 3
499.041 1
500.046 1
501.05 0
502.054 3
503.165 3
504.171 2
505.174 2
506.177 2
507.181 1
508.185 0
509.26 3
510.374 3
511.553 3
512.562 3
513.566 2
514.57 1
515.574 2
516.579 1
517.582 1
518.586 1
519.59 1
520.594 2
521.598 2
522.602 2
523.605 1
524.609 1
525.614 3
526.632 3
527.667 3
528.942 3
529.968 3
530.97 3
531.975 2
532.978 2
533.983 2
534.986 1
535.99 1
536.994 1
537.998 3
539.003 0
540.006 3
541.011 1
542.014 1
543.019 1
544.022 0
545.026 3
546.264 3
547.273 3
548.275 2
549.278 1
550.282 0
551.286 3
552.29 3
553.297 3
554.298 3
555.351 3
556.356 3
557.358 2
558.362 2
559.366 1
560.37 2
561.374 1
562.378 1
563.382 1
564.387 1
565.39 1
566.394 0
567.399 0
568.403 3
569.521 3
570.523 3
571.526 1
572.531 1
573.535 0
574.539 3
575.542 3
576.551 3
577.554 3
578.558 2
579.563 2
580.568 2
581.571 1
582.574 1
583.579 2
584.583 2
585.587 2
586.587 1
587.59 1
588.596 0
589.687 3
590.69 3
591.696 2
592.699 1
593.703 1
594.708 1
595.711 1
596.714 3
597.718 3
598.866 3
599.904 3
600.907 3
601.99 3
603.069 3
604.07 3
605.074 2
606.079 2
607.082 2
608.087 1
609.091 1
610.095 1
611.099 3
612.103 3
613.242 3
614.246 3
615.247 2
616.251 1
617.256 1
618.26 1
619.263 1
620.267 1
621.271 0
622.275 0
623.279 3
624.307 3
625.326 3
626.327 2
627.331 2
628.336 2
629.34 2
630.344 1
631.347 0
632.351 3
633.434 3
634.436 3
635.439 1
636.444 1
637.447 1
638.451 1
639.455 1
640.459 1
641.464 0
642.467 0
643.472 0
644.475 3
645.479 3
646.534 3
647.548 3
648.551 3
649.555 2
650.56 2
651.563 1
652.567 1
653.572 0
654.579 3
655.585 2
656.587 2
657.591 1
658.595 3
659.602 3
660.604 2
661.607 1
662.612 1
663.615 0
664.619 3
665.655 3
666.66 2
667.663 2
668.668 2
669.671 1
670.676 0
671.679 3
672.683 2
673.705 2
674.708 2
675.712 2
676.716 1
677.719 0
678.728 3
679.731 2
680.735 2
681.741 1
682.744 1
683.749 0
684.751 0
685.755 0
686.76 0
687.777 2
688.842 2
689.843 2
690.849 2
691.853 2
692.855 2
693.86 2
694.863 1
695.869 1
696.872 1
697.876 1
698.879 1
699.885 0
700.889 0
701.942 3
702.944 2
703.948 2
704.952 1
705.956 1
706.96 1
707.964 0
708.97 3
709.971 3
710.994 2
712.141 3
713.144 2
714.147 2
715.153 2
716.156 2
717.159 1
718.164 1
719.168 1
720.171 1
721.176 0
722.179 1
723.184 1
724.187 1
725.193 1
726.195 1
727.199 3
728.329 2
729.332 2
730.335 2
731.373 3
732.41 3
733.447 3
734.492 3
735.544 3
736.547 3
737.551 3
738.556 3
739.559 3
740.564 3
741.567 3
742.571 1
743.577 1
744.579 1
745.584 0
746.588 0
747.794 4
748.797 3
749.8 2
750.804 1
751.808 1
752.812 0
753.815 3
754.82 3
755.913 7
756.916 0
757.92 0
758.923 0
759.928 2
760.931 1
761.936 1
762.94 2
763.944 1
764.948 2
765.953 1
766.956 0
767.959 3
768.965 2
769.967 2
770.972 1
771.975 4
773.4 7
774.404 3
775.408 6
776.412 8
777.416 4
778.434 7
779.437 3
780.439 7
781.443 2
782.447 2
783.451 2
784.458 6
785.49 8
786.492 2
787.496 6
788.5 1
789.797 4
790.8 8
791.804 5
792.808 3
793.985 7
794.989 3
795.991 5
797.39 8
798.391 4
799.397 7
800.401 2
801.403 6
802.407 4
803.41 7
804.409 4
805.407 7
806.407 9
807.409 4
808.47 7
809.468 3
810.467 6
811.467 1
812.68 4
813.681 1
