# timestamp	command count (MB)\n
201.91 71
202.91 286
203.91 132
204.911 278
206.014 306
207.014 191
208.068 258
209.066 238
210.093 260
211.091 259
212.09 241
213.09 250
214.09 309
215.09 228
216.09 296
217.09 124
218.09 248
219.09 296
220.164 303
221.163 257
222.203 339
223.202 215
224.202 286
225.206 156
226.206 241
227.207 252
228.206 213
229.206 254
230.205 270
231.205 175
232.205 265
233.206 204
234.207 253
235.211 281
236.209 167
239.491 178
240.49 259
241.49 228
242.49 304
243.489 139
244.49 288
246.121 307
247.135 228
248.133 280
249.134 272
250.133 279
251.133 250
252.133 292
253.134 318
254.133 257
255.133 311
256.133 264
257.134 290
258.133 111
259.133 279
260.134 310
261.135 286
262.133 265
263.162 330
264.161 227
265.161 322
266.606 179
267.606 299
268.605 250
269.606 289
270.605 320
271.605 129
272.606 295
273.611 282
274.609 285
275.784 291
276.781 253
277.782 267
278.781 248
279.782 320
280.781 190
281.781 275
282.883 326
283.912 236
284.91 327
285.909 232
286.909 260
287.909 273
288.909 285
289.913 309
290.958 362
291.962 212
292.966 331
293.97 242
294.974 305
295.978 326
296.989 232
297.99 209
298.994 340
299.999 238
301.002 317
302.007 257
303.01 286
304.015 330
305.014 260
306.019 311
307.022 310
308.028 278
310.202 267
311.203 254
312.207 301
313.211 336
314.215 145
315.22 296
316.276 331
317.28 284
318.284 305
319.289 311
320.33 299
321.332 298
322.336 267
323.34 332
324.344 334
325.348 297
326.353 321
327.392 311
328.393 304
329.397 198
330.401 283
331.407 321
332.41 306
333.415 227
334.419 347
335.422 267
336.425 350
337.43 279
338.434 335
339.439 265
340.442 323
341.447 295
342.45 302
343.466 327
344.47 337
345.505 376
346.507 249
347.51 383
348.569 205
349.567 330
350.57 300
351.575 296
352.579 318
353.583 350
354.587 417
355.594 491
356.596 213
357.772 248
358.775 300
359.779 297
360.785 363
361.807 182
362.809 242
363.812 361
364.816 237
365.821 305
366.825 341
367.828 324
368.832 351
369.836 343
370.843 373
371.845 327
372.849 337
373.852 336
374.856 344
375.86 318
376.864 339
377.868 338
378.878 380
379.881 310
380.886 315
381.89 293
382.893 240
383.897 335
384.901 358
385.916 356
386.925 372
387.929 329
388.933 353
389.937 353
390.941 325
391.945 315
392.965 369
393.965 379
394.97 328
395.973 255
396.978 288
397.981 351
398.986 358
399.989 361
400.994 372
402.036 377
403.059 370
404.062 331
405.066 362
406.071 227
407.074 355
408.078 378
409.083 355
410.086 338
411.09 375
412.105 399
413.106 333
414.138 402
415.143 362
416.146 314
417.151 221
418.155 317
419.347 355
420.351 353
421.355 367
422.359 378
423.364 342
424.367 362
425.371 352
426.376 373
427.379 361
428.383 368
429.387 372
430.405 394
431.408 369
432.411 358
433.416 250
434.419 397
435.424 369
436.428 367
437.431 357
438.435 398
439.441 394
440.462 412
441.463 266
442.467 357
443.471 396
444.487 408
445.488 357
446.492 392
447.496 340
448.5 376
449.505 383
450.508 408
451.512 362
452.516 400
453.521 359
454.526 398
455.528 388
456.556 410
457.56 392
458.564 383
459.568 384
460.61 415
461.612 434
462.616 327
463.62 172
464.734 359
465.736 405
466.74 351
467.745 279
468.749 379
469.753 429
470.756 363
471.761 415
472.764 406
473.768 411
474.773 396
475.776 405
476.781 387
477.785 411
478.788 418
479.836 443
480.871 391
481.873 402
482.877 316
483.88 300
484.886 341
485.942 364
486.945 424
487.949 355
488.953 382
489.957 402
490.962 352
491.965 351
492.97 362
493.974 416
494.977 358
495.981 421
496.985 376
498.037 413
499.041 401
500.046 399
501.05 397
502.054 391
503.165 401
504.171 381
505.174 398
506.177 410
507.181 312
508.185 282
509.26 377
510.374 413
511.553 437
512.562 393
513.566 329
514.57 352
515.574 409
516.579 372
517.582 406
518.586 415
519.59 402
520.594 420
521.598 420
522.602 400
523.605 378
524.609 335
525.614 297
526.632 443
527.667 436
528.942 420
529.968 425
530.97 407
531.975 397
532.978 367
533.983 388
534.986 347
535.99 368
536.994 421
537.998 345
539.003 417
540.006 416
541.011 423
542.014 405
543.019 413
544.022 404
545.026 345
546.264 439
547.273 409
548.275 300
549.278 348
550.282 324
551.286 347
552.29 426
553.297 389
554.298 427
555.351 401
556.356 405
557.358 387
558.362 409
559.366 332
560.37 417
561.374 400
562.378 423
563.382 421
564.387 400
565.39 391
566.394 421
567.399 411
568.403 416
569.521 420
570.523 395
571.526 275
572.531 432
573.535 329
574.539 376
575.542 419
576.551 424
577.554 395
578.558 423
579.563 412
580.568 382
581.571 397
582.574 423
583.579 432
584.583 397
585.587 404
586.587 408
587.59 414
588.596 302
589.687 408
590.69 426
591.696 339
592.699 331
593.703 423
594.708 421
595.711 360
596.714 382
597.718 394
598.866 428
599.904 436
600.907 426
601.99 428
603.069 453
604.07 419
605.074 431
606.079 403
607.082 440
608.087 386
609.091 436
610.095 324
611.099 368
612.103 439
613.242 423
614.246 419
615.247 336
616.251 355
617.256 436
618.26 423
619.263 418
620.267 425
621.271 386
622.275 426
623.279 404
624.307 446
625.326 426
626.327 415
627.331 428
628.336 408
629.34 438
630.344 350
631.347 429
632.351 376
633.434 451
634.436 406
635.439 295
636.444 436
637.447 431
638.451 428
639.455 423
640.459 438
641.464 424
642.467 429
643.472 440
644.475 423
645.479 435
646.534 445
647.548 456
648.551 433
649.555 393
650.56 430
651.563 358
652.567 442
653.572 349
654.579 385
655.585 386
656.587 353
657.591 321
658.595 328
659.602 376
660.604 325
661.607 321
662.612 356
663.615 358
664.619 365
665.655 396
666.66 336
667.663 375
668.668 360
669.671 358
670.676 372
671.679 385
672.683 372
673.705 387
674.708 359
675.712 327
676.716 325
677.719 322
678.728 327
679.731 346
680.735 317
681.741 319
682.744 325
683.749 335
684.751 371
685.755 369
686.76 335
687.777 370
688.842 391
689.843 367
690.849 358
691.853 378
692.855 337
693.86 381
694.863 347
695.869 389
696.872 373
697.876 392
698.879 349
699.885 355
700.889 346
701.942 362
702.944 359
703.948 321
704.952 389
705.956 359
706.96 381
707.964 314
708.97 350
709.971 372
710.994 386
712.141 413
713.144 378
714.147 371
715.153 354
716.156 364
717.159 357
718.164 370
719.168 376
720.171 395
721.176 351
722.179 388
723.184 378
724.187 365
725.193 393
726.195 406
727.199 299
728.329 380
729.332 378
730.335 391
731.373 495
732.41 407
733.447 441
734.492 445
735.544 457
736.547 459
737.551 449
738.556 462
739.559 473
740.564 497
741.567 465
742.571 476
743.577 466
744.579 468
745.584 459
746.588 472
747.794 474
748.797 447
749.8 309
750.804 462
751.808 443
752.812 395
753.815 488
754.82 481
755.913 534
756.916 180
757.92 440
758.923 464
759.928 538
760.931 314
761.936 482
762.94 648
763.944 380
764.948 620
765.953 381
766.956 462
767.959 464
768.965 478
769.967 462
770.972 359
771.975 488
773.4 487
774.404 336
775.408 499
776.412 230
777.416 476
778.434 488
779.437 567
780.439 575
781.443 570
782.447 455
783.451 606
784.458 544
785.49 285
786.492 297
787.496 489
788.5 388
789.797 406
790.8 562
791.804 658
792.808 593
793.985 608
794.989 381
795.991 329
797.39 401
798.391 507
799.397 431
800.401 240
801.403 646
802.407 381
803.41 445
804.409 351
805.407 414
806.407 388
807.409 474
808.47 542
809.468 354
810.467 440
811.467 363
812.68 416
813.681 233
814.68 430
