# timestamp	utilization (%) \n
-110.397 352917
-105.362 352918
-96.7019 352920
-90.5695 352922
-85.2328 352923
-79.1537 352924
-73.7828 352925
-65.1432 352927
-57.8757 352929
-51.1634 352931
-45.4059 352932
-40.3683 352933
-34.5051 352934
-25.1103 352936
-18.0883 352937
-10.772 352939
-3.83302 352940
1.91398 352942
10.258 352943
17.444 352945
22.644 352946
28.78 352948
34.02 352948
39.618 352950
46.297 352951
52.342 352952
59.662 352954
65.933 352955
71.705 352957
77.893 352958
87.34 352960
93.814 352961
99.642 352962
105.317 352963
111.935 352965
118.051 352966
124.115 352967
129.621 352969
134.848 352970
140.901 352971
146.117 352972
153.701 352974
159.356 352975
165.181 352976
170.775 352977
177.057 352979
182.546 352980
188.129 352981
193.815 352982
199.956 352984
205.894 352985
211.32 352985
216.711 352985
222.202 352985
227.774 352985
235.238 352984
240.737 352984
246.121 352984
251.786 352983
257.838 352983
263.162 352983
268.852 352982
275.884 352982
282.764 352982
288.832 352981
294.517 352980
301.426 352980
306.897 352980
314.041 352979
319.55 352979
325.126 352978
330.317 352978
336.946 352978
342.286 352977
347.566 352977
353.024 352976
359.106 352976
365.486 352975
370.83 352975
376.148 352974
381.24 352974
386.925 352973
392.904 352973
398.797 352972
404.115 352972
409.891 352971
415.362 352971
420.408 352970
425.863 352970
431.509 352969
437.272 352969
442.39 352968
447.732 352968
453.288 352967
458.314 352967
463.463 352967
469.11 352966
474.179 352966
479.783 352966
485.942 352966
491.485 352965
496.883 352965
503.165 352965
509.26 352965
514.918 352965
520.757 352965
526.576 352964
532.166 352964
537.815 352964
543.678 352964
548.73 352964
554.296 352964
559.697 352964
564.97 352963
570.925 352963
576.551 352963
582.025 352963
588.392 352963
594.21 352963
599.849 352963
605.316 352962
610.98 352962
616.7 352962
622.055 352962
627.635 352962
633.434 352962
638.988 352962
644.36 352961
649.759 352961
655.76 352961
661.037 352961
666.72 352961
672.618 352961
678.728 352961
684.439 352961
689.874 352961
695.217 352961
700.679 352960
706.453 352960
712.141 352960
717.654 352960
723.587 352960
729.418 352960
734.439 352960
740.408 352960
746.373 352960
751.388 352960
756.687 352959
762.471 352960
767.829 352960
773.442 352960
778.52 352960
785.534 352959
791.989 352959
799.819 352960
806.072 352959
813.191 352959
